6.558085742697049682e+03 6.828078880951362617e-01
6.558123248099991542e+03 6.642426316464901115e-01
6.558160853517341820e+03 6.948710270778970521e-01
6.558198358920282772e+03 7.546733969286050225e-01
6.558235964337633050e+03 8.171279462719767128e-01
6.558273469740574001e+03 8.625572143559909755e-01
6.558311075157924279e+03 8.896778885229070788e-01
6.558348580560866139e+03 9.077298199084570252e-01
6.558386185978215508e+03 9.144885999058903758e-01
6.558423691381157369e+03 9.111519869957650508e-01
6.558461196784099229e+03 9.127775163622363630e-01
6.558498802201448598e+03 9.100397826923899425e-01
6.558536307604390458e+03 9.158574667408135861e-01
6.558573813007332319e+03 9.238140052188048568e-01
6.558611418424682597e+03 9.435770201480087049e-01
6.558648923827623548e+03 9.491380416648842466e-01
6.558686429230565409e+03 9.536724130555674916e-01
6.558723934633508179e+03 9.533301963468366891e-01
6.558761540050856638e+03 9.426359241989989979e-01
6.558799045453799408e+03 9.255250887624588696e-01
6.558836550856740359e+03 9.138041664884287707e-01
6.558874056259682220e+03 9.075587115540916239e-01
6.558911561662624081e+03 9.181674295247465034e-01
6.558949167079974359e+03 9.197929588912178156e-01
6.558986672482915310e+03 9.238995593959875574e-01
6.559024177885857171e+03 9.207340548402275227e-01
6.559061683288799941e+03 9.214184882576891278e-01
6.559099188691740892e+03 9.347649398981905389e-01
6.559136694094682753e+03 9.800230996278392892e-01
6.559174199497624613e+03 1.026564572015228549e+00
6.559211704900566474e+03 1.060444026179578225e+00
6.559249210303508335e+03 1.077127090730204850e+00
6.559286715706450195e+03 1.083372545664541997e+00
6.559324221109392056e+03 1.083543654018907398e+00
6.559361726512333007e+03 1.064636180861530557e+00
6.559399231915275777e+03 1.041279890490653282e+00
6.559436737318217638e+03 1.002523848226889669e+00
6.559474242721158589e+03 9.689010565940882058e-01
6.559511748124101359e+03 9.295461350900457997e-01
6.559549253527042310e+03 9.017410275056679803e-01
6.559586758929984171e+03 8.787269538435213967e-01
6.559624264332926032e+03 8.765880994139538807e-01
6.559661669721459475e+03 8.848013004234931422e-01
6.559699175124402245e+03 8.921589596612055084e-01
6.559736680527344106e+03 8.960944518116097379e-01
6.559774185930285057e+03 9.037943277580527957e-01
6.559811691333227827e+03 9.250973178765453664e-01
6.559849096721761271e+03 9.466569705265859280e-01
6.559886602124703131e+03 9.665910938101552885e-01
6.559924107527644992e+03 9.824186165889549072e-01
6.559961612930585943e+03 9.949950806348120125e-01
6.559999018319120296e+03 1.000213885442956752e+00
6.560036523722062157e+03 9.864396629165419483e-01
6.560074029125004017e+03 9.650511186208666770e-01
6.560111434513537461e+03 9.396415279976044754e-01
6.560148939916480231e+03 9.238140052188048568e-01
6.560186445319421182e+03 9.130341788937844649e-01
6.560223850707955535e+03 9.132052872481498662e-01
6.560261356110897395e+03 9.341660606579116344e-01
6.560298761499431748e+03 9.600889763442700398e-01
6.560336266902372699e+03 9.941395388629850061e-01
6.560373772305314560e+03 1.033580014544210224e+00
6.560411177693848913e+03 1.046669803653163422e+00
6.560448683096789864e+03 1.058219617572828009e+00
6.560486088485324217e+03 1.054968558839885384e+00
6.560523593888266987e+03 1.045814261881336416e+00
6.560560999276800430e+03 1.027676776318603658e+00
6.560598404665333874e+03 9.609445181160970462e-01
6.560635910068275734e+03 8.801813748556273076e-01
6.560673315456810087e+03 9.564957009025966128e-01
6.560710820859751038e+03 9.567523634341447147e-01
6.560748226248285391e+03 7.681054027462891343e-01
6.560785631636819744e+03 9.854985669675322413e-01
6.560823137039761605e+03 1.012961457843179147e+00
6.560860542428295048e+03 1.016640287462035275e+00
6.560897947816829401e+03 1.050263079094836849e+00
6.560935453219771262e+03 1.072336056807973614e+00
6.560972858608305614e+03 1.077725969970483755e+00
6.561010263996839058e+03 1.089618000598879144e+00
6.561047669385372501e+03 1.095435684647303010e+00
6.561085174788314362e+03 1.099371176797707239e+00
6.561122580176848714e+03 1.098173418317149430e+00
6.561159985565383067e+03 1.092184625914360163e+00
6.561197390953916511e+03 1.085425845916926813e+00
6.561234796342449954e+03 1.078239295033579959e+00
6.561272301745392724e+03 1.068400564657569385e+00
6.561309707133926167e+03 1.052829704410317868e+00
6.561347112522460520e+03 1.044787611755144008e+00
6.561384517910993964e+03 1.025709030243401543e+00
6.561421923299528316e+03 1.024596825940026434e+00
6.561459328688061760e+03 1.050861958335115753e+00
6.561496734076596113e+03 1.103563331479659571e+00
6.561534139465130465e+03 1.165247893228386955e+00
6.561571544853663909e+03 1.211960473970141505e+00
6.561608950242197352e+03 1.250288745347991615e+00
6.561646355630731705e+03 1.286221499764726106e+00
6.561683761019266058e+03 1.334131838987038465e+00
6.561721166407799501e+03 1.389656499978611404e+00
6.561758571796333854e+03 1.459896479445608852e+00
6.561795977184867297e+03 1.535783034606664765e+00
6.561833382573401650e+03 1.632715917354664814e+00
6.561870787961935093e+03 1.737690892757838945e+00
6.561908193350469446e+03 1.865081062582880644e+00
6.561945598739003799e+03 1.993412328356932051e+00
6.561982904113129734e+03 2.115241476665098208e+00
6.562020309501664087e+03 2.230996278393292620e+00
6.562057714890196621e+03 2.366257432519142778e+00
6.562095120278730974e+03 2.521538264105744886e+00
6.562132525667265327e+03 2.671001411643923351e+00
6.562169831041391262e+03 2.759464430850836258e+00
6.562207236429925615e+03 2.797621593874320745e+00
6.562244641818459058e+03 2.765538777430808004e+00
6.562282047206993411e+03 2.699747615177311211e+00
6.562319352581119347e+03 2.620695555460495374e+00
6.562356757969652790e+03 2.516661676006330950e+00
6.562394163358187143e+03 2.401249090986867341e+00
6.562431468732313078e+03 2.304487316593232471e+00
6.562468874120847431e+03 2.203704495872011115e+00
6.562506279509380875e+03 2.122684690079993164e+00
6.562543584883507719e+03 2.057577961243957532e+00
6.562580990272041163e+03 1.980236985070796152e+00
6.562618295646167098e+03 1.912306968387731620e+00
6.562655701034701451e+03 1.844120289173118987e+00
6.562693006408827387e+03 1.783547931727766711e+00
6.562730411797361739e+03 1.727253283141549467e+00
6.562767717171487675e+03 1.671471959618428427e+00
6.562805122560021118e+03 1.607391880908585424e+00
6.562842427934147054e+03 1.538691876630876587e+00
6.562879833322681407e+03 1.479488386020447521e+00
6.562917138696807342e+03 1.408392864781623066e+00
6.562954544085341695e+03 1.348676049108097796e+00
6.562991849459467630e+03 1.292210292167515151e+00
6.563029154833593566e+03 1.243529965350558264e+00
6.563066560222127919e+03 1.206142789921717862e+00
6.563103865596253854e+03 1.185695341575052408e+00
6.563141270984788207e+03 1.178936561577619058e+00
6.563178576358914142e+03 1.193994096761774371e+00
6.563215881733040078e+03 1.223681396244171715e+00
6.563253187107166013e+03 1.275441673439705603e+00
6.563290592495700366e+03 1.315994353424305929e+00
6.563327897869826302e+03 1.371690122770244269e+00
6.563365203243952237e+03 1.413183898703854302e+00
6.563402508618078173e+03 1.482140565513111241e+00
6.563439914006612526e+03 1.549642811310262269e+00
6.563477219380738461e+03 1.621936091029644533e+00
6.563514524754864397e+03 1.676519656072207765e+00
6.563551830128990332e+03 1.706292509731787588e+00
6.563589135503116268e+03 1.715532360867519257e+00
6.563626440877242203e+03 1.712195747957393932e+00
6.563663846265776556e+03 1.685075073790477829e+00
6.563701151639902491e+03 1.638191384694357655e+00
6.563738457014028427e+03 1.572229114086495239e+00
6.563775762388155272e+03 1.507036831073277128e+00
6.563813067762281207e+03 1.423450399965778379e+00
6.563850373136407143e+03 1.337639560251529192e+00
6.563887678510533078e+03 1.251400949651366723e+00
6.563924983884659014e+03 1.180305428412542268e+00
6.563962289258784949e+03 1.119733070967189992e+00
6.563999594632910885e+03 1.067459468708559678e+00
6.564036900007037730e+03 1.032040039354921612e+00
6.564074205381163665e+03 1.001753860632245363e+00
6.564111510755289601e+03 9.904607092441288785e-01
6.564148816129415536e+03 9.751465115284253526e-01
6.564186021489134873e+03 9.720665611498481296e-01
6.564223326863260809e+03 9.759164991230696584e-01
6.564260632237386744e+03 9.858407836762630438e-01
6.564297937611512680e+03 9.997861145570432484e-01
6.564335242985638615e+03 1.003208281644351274e+00
6.564372548359764551e+03 9.892629507635710695e-01
6.564409753719482978e+03 9.600034221670873391e-01
6.564447059093608914e+03 9.377593360995850613e-01
6.564484364467734849e+03 9.264661847114685767e-01
6.564521669841860785e+03 9.315994353424306151e-01
6.564558875201580122e+03 9.313427728108825132e-01
6.564596180575706057e+03 9.404115155922487812e-01
6.564633485949831993e+03 9.389570945801428703e-01
6.564670791323957928e+03 9.423792616674508960e-01
6.564707996683676356e+03 9.446036702742011126e-01
6.564745302057802292e+03 9.493947041964323486e-01
6.564782507417519810e+03 9.527313171065576736e-01
6.564819812791646655e+03 9.607734097617316449e-01
6.564857118165772590e+03 9.685588398853574033e-01
6.564894323525491018e+03 9.723232236813962315e-01
6.564931628899616953e+03 9.628267100141164603e-01
6.564968834259335381e+03 9.518757753347306672e-01
6.565006139633461316e+03 9.541001839414809949e-01
6.565043344993179744e+03 9.558968216623177083e-01
6.565080650367305680e+03 9.333960730632673286e-01
6.565117855727024107e+03 9.160285750951789874e-01
6.565155161101150043e+03 9.254395345852761690e-01
6.565192366460868470e+03 9.725798862129443334e-01
6.565229671834994406e+03 1.025281259357488040e+00
6.565266877194712833e+03 1.049749754031740645e+00
6.565304182568838769e+03 1.029473414039440371e+00
6.565341387928557197e+03 9.979894768362065349e-01
6.565378593288275624e+03 9.588912178637122308e-01
6.565415898662401560e+03 9.255250887624588696e-01
6.565453104022119987e+03 9.045643153526971014e-01
6.565490309381837505e+03 8.938700432048595212e-01
6.565527614755963441e+03 9.015699191513025790e-01
6.565564820115682778e+03 9.224451383838816465e-01
6.565602025475400296e+03 9.362193609102964498e-01
6.565639230835118724e+03 9.550412798904907019e-01
6.565676536209244659e+03 9.588056636865295301e-01
6.565713741568963997e+03 9.433203576164606030e-01
6.565750946928681515e+03 9.311716644565171119e-01
6.565788152288399942e+03 9.061898447191684136e-01
6.565825357648117460e+03 8.955811267485135341e-01
6.565862663022243396e+03 8.914745262437439033e-01
6.565899868381962733e+03 9.031098943405911905e-01
6.565937073741680251e+03 9.179107669931984015e-01
6.565974279101398679e+03 9.415237198956238895e-01
6.566011484461116197e+03 9.623133849510202564e-01
6.566048689820835534e+03 9.823330624117722065e-01
6.566085895180553962e+03 9.924284553193309932e-01
6.566123100540271480e+03 9.997005603798605478e-01
6.566160305899990817e+03 1.009967061641784625e+00
6.566197511259708335e+03 1.012448132780082943e+00
6.566234716619426763e+03 1.023056850750737823e+00
6.566271921979144281e+03 1.026735680369593950e+00
6.566309127338863618e+03 1.024340163408478332e+00
6.566346332698581136e+03 1.026564572015228549e+00
6.566383538058299564e+03 1.021174658852718409e+00
6.566420743418017082e+03 1.012790349488813746e+00
6.566457948777736419e+03 9.893485049407537701e-01
6.566495154137454847e+03 9.672755272276168936e-01
6.566532359497172365e+03 9.270650639517474811e-01
6.566569464842483285e+03 8.818924583992813204e-01
6.566606670202201713e+03 8.279077725969969936e-01
6.566643875561919231e+03 7.996748941267057820e-01
6.566681080921637658e+03 7.740941951490781792e-01
6.566718286281356086e+03 7.707575822389528541e-01
6.566755391626666096e+03 7.850451298284638613e-01
6.566792596986385433e+03 8.136202250074859865e-01
6.566829802346102952e+03 8.553706634726440106e-01
6.566867007705821379e+03 9.073876031997262226e-01
6.566904113051132299e+03 9.639389143174915686e-01
6.566941318410849817e+03 1.015356974804294765e+00
6.566978523770568245e+03 1.061641784660136034e+00
6.567015629115879165e+03 1.086965821106215424e+00
6.567052834475596683e+03 1.107156606921332997e+00
6.567090039835315110e+03 1.104333319074303876e+00
6.567127145180626030e+03 1.096975659836591621e+00
6.567164350540343548e+03 1.084912520853830609e+00
6.567201455885653559e+03 1.063352868203790047e+00
6.567238661245372896e+03 1.043760961628951600e+00
6.567275766590682906e+03 1.021345767207083810e+00
6.567312971950400424e+03 1.009881507464601924e+00
6.567350077295711344e+03 9.943106472173504073e-01
6.567387282655429772e+03 9.869529879796381522e-01
6.567424388000740691e+03 9.821619540574068052e-01
6.567461593360458210e+03 9.866963254480900503e-01
