6.558076842972157465e+03 1.119858781994704344e+00
6.558114349189051609e+03 9.561635775228007894e-01
6.558151855405944843e+03 9.806413651073845328e-01
6.558189361622839897e+03 9.606354810238305619e-01
6.558226867839733131e+03 9.592233009708738267e-01
6.558264474073206657e+03 9.182700794351279505e-01
6.558301980290099891e+03 8.812003530450132072e-01
6.558339486506994035e+03 9.980582524271844891e-01
6.558376992723889089e+03 9.326272433068549805e-01
6.558414498940782323e+03 9.760517799352750323e-01
6.558452005157677377e+03 1.009002647837599298e+00
6.558489511374570611e+03 8.596646072374227732e-01
6.558527017591464755e+03 1.033833480435422114e+00
6.558564523808359809e+03 1.075139746984407285e+00
6.558601930008674572e+03 1.100323624595469285e+00
6.558639436225569625e+03 9.396881435716387676e-01
6.558676942442463769e+03 7.822300676669609043e-01
6.558714448659357004e+03 1.008767284495439842e+00
6.558751954876252057e+03 9.638128861429832162e-01
6.558789461093145292e+03 9.007355104442482663e-01
6.558826967310039436e+03 8.834363047955281489e-01
6.558864373510356018e+03 9.089732274198293327e-01
6.558901879727249252e+03 1.001706384230656166e+00
6.558939385944144306e+03 1.006531332744925011e+00
6.558976892161038450e+03 1.051838776110620710e+00
6.559014398377931684e+03 1.047837599293909960e+00
6.559051804578248266e+03 1.100205942924389557e+00
6.559089310795142410e+03 1.174580759046778500e+00
6.559126817012035644e+03 1.135157399235069198e+00
6.559164223212352226e+03 1.306148867313915884e+00
6.559201729429246370e+03 1.178699617534568977e+00
6.559239235646139605e+03 1.253309796999117376e+00
6.559276641846456187e+03 1.105148573109738130e+00
6.559314148063350331e+03 1.151985878199470514e+00
6.559351654280243565e+03 1.181406295969402720e+00
6.559389060480560147e+03 1.171285672256546118e+00
6.559426566697454291e+03 1.196469549867608118e+00
6.559463972897769963e+03 1.105972344807296226e+00
6.559501479114664107e+03 1.044542512503677578e+00
6.559538885314979780e+03 9.839364518976169149e-01
6.559576391531873924e+03 1.096910856134157175e+00
6.559613797732189596e+03 1.099970579582230101e+00
6.559651303949083740e+03 1.133392174168873279e+00
6.559688710149399412e+03 1.223889379229184948e+00
6.559726216366293556e+03 1.230597234480729663e+00
6.559763622566609229e+03 1.088437775816416542e+00
6.559801028766924901e+03 1.155634010002942080e+00
6.559838534983819955e+03 1.141159164460135322e+00
6.559875941184134717e+03 1.055604589585172004e+00
6.559913447401028861e+03 1.078787878787878851e+00
6.559950853601345443e+03 9.487496322447779296e-01
6.559988259801661115e+03 1.070785525154457130e+00
6.560025766018554350e+03 1.060664901441600527e+00
6.560063172218870932e+03 9.518093556928508558e-01
6.560100578419186604e+03 9.967637540453074818e-01
6.560137984619502276e+03 9.679317446307738049e-01
6.560175490836396420e+03 1.107149161518093505e+00
6.560212897036712093e+03 1.000058840835539975e+00
6.560250303237027765e+03 1.011356281259193857e+00
6.560287709437343437e+03 1.023595175051485784e+00
6.560325115637660019e+03 9.492203589290968413e-01
6.560362621854553254e+03 9.682847896440129887e-01
6.560400028054868926e+03 1.003942335981170997e+00
6.560437434255185508e+03 1.082906737275669329e+00
6.560474840455501180e+03 1.120094145336863800e+00
6.560512246655816853e+03 1.163047955280964940e+00
6.560549652856131615e+03 1.163047955280964940e+00
6.560587059056448197e+03 1.126448955575169109e+00
6.560624465256763870e+03 1.133039129155634095e+00
6.560661871457079542e+03 1.062547808178876174e+00
6.560699277657395214e+03 1.160341276846131198e+00
6.560736683857711796e+03 1.107384524860252961e+00
6.560774090058026559e+03 1.067255075022065292e+00
6.560811496258342231e+03 1.102206531332744932e+00
6.560848902458657903e+03 1.197646366578405397e+00
6.560886308658974485e+03 1.199882318328920228e+00
6.560923714859290158e+03 1.155045601647543441e+00
6.560961121059604920e+03 1.153868784936746161e+00
6.560998527259921502e+03 1.090203000882612461e+00
6.561035933460237175e+03 1.095734039423359896e+00
6.561073239643974375e+03 1.009355692850838482e+00
6.561110645844290048e+03 1.075257428655487013e+00
6.561148052044605720e+03 1.169285083848190743e+00
6.561185458244922302e+03 1.089143865842894909e+00
6.561222864445237065e+03 1.003824654310091269e+00
6.561260170628974265e+03 9.988820241247425846e-01
6.561297576829289937e+03 1.104089438070020579e+00
6.561334983029606519e+03 1.164460135333921675e+00
6.561372389229922192e+03 1.232597822889085037e+00
6.561409695413659392e+03 1.104560164754339491e+00
6.561447101613975065e+03 1.120329508679023256e+00
6.561484507814291646e+03 1.151868196528390786e+00
6.561521813998028847e+03 1.050544277728743703e+00
6.561559220198344519e+03 1.162459546925566301e+00
6.561596526382081720e+03 9.613415710503089295e-01
6.561633932582396483e+03 9.661665195645777748e-01
6.561671338782713065e+03 1.137864077669902940e+00
6.561708644966450265e+03 1.188467196234186618e+00
6.561746051166765938e+03 1.215533980582524265e+00
6.561783357350503138e+03 1.239541041482788986e+00
6.561820763550819720e+03 1.210591350397175692e+00
6.561858069734556921e+03 1.292615475139746950e+00
6.561895475934872593e+03 1.489143865842895043e+00
6.561932782118609794e+03 1.328508384819064414e+00
6.561970188318925466e+03 1.341571050308914437e+00
6.562007494502663576e+03 1.423595175051485695e+00
6.562044900702979248e+03 1.373345101500441201e+00
6.562082206886716449e+03 1.396646072374227776e+00
6.562119513070453650e+03 1.450191232715504652e+00
6.562156919270768412e+03 1.488320094145336947e+00
6.562194225454505613e+03 1.353809944101206142e+00
6.562231531638244633e+03 1.410061782877316761e+00
6.562268937838559395e+03 1.417593409826419570e+00
6.562306244022296596e+03 1.244365989997058053e+00
6.562343550206033797e+03 1.252015298617240369e+00
6.562380956406349469e+03 1.174933804060017684e+00
6.562418262590087579e+03 1.272962636069432163e+00
6.562455568773824780e+03 1.207649308620182493e+00
6.562492874957561980e+03 1.177405119152691970e+00
6.562530281157877653e+03 1.054898499558693636e+00
6.562567587341614853e+03 1.060547219770520799e+00
6.562604893525352054e+03 9.999411591644601360e-01
6.562642199709090164e+03 9.403942335981171352e-01
6.562679505892827365e+03 9.023830538393645684e-01
6.562716812076564565e+03 8.271844660194175303e-01
6.562754118260301766e+03 8.822594880847307586e-01
6.562791424444039876e+03 6.673727566931449973e-01
6.562828830644354639e+03 6.364224771991762175e-01
6.562866136828092749e+03 6.598411297440424095e-01
6.562903443011829950e+03 6.845542806707854977e-01
6.562940749195567150e+03 6.022947925860546725e-01
6.562978055379305260e+03 7.369226243012650945e-01
6.563015361563042461e+03 6.476022359517504823e-01
6.563052667746779662e+03 7.038540747278611009e-01
6.563089973930516862e+03 7.663430420711974111e-01
6.563127280114254972e+03 7.803471609296851463e-01
6.563164486281413701e+03 7.696381288614297933e-01
6.563201792465150902e+03 8.103559870550162136e-01
6.563239098648888103e+03 9.425125036775522380e-01
6.563276404832625303e+03 9.292144748455427594e-01
6.563313711016362504e+03 1.025242718446601975e+00
6.563351017200099704e+03 9.917034421888790696e-01
6.563388323383836905e+03 1.098676081200353094e+00
6.563425629567575015e+03 1.057252132980288417e+00
6.563462835734734654e+03 1.016181229773462702e+00
6.563500141918471854e+03 1.050426596057663975e+00
6.563537448102209055e+03 1.251309208590762001e+00
6.563574754285946256e+03 1.131862312444836816e+00
6.563611960453104984e+03 1.181877022653721632e+00
6.563649266636842185e+03 1.307914092380111803e+00
6.563686572820579386e+03 1.231656369520447214e+00
6.563723778987738115e+03 1.267784642541924134e+00
6.563761085171475315e+03 1.148808473080317638e+00
6.563798391355213425e+03 1.275669314504265905e+00
6.563835597522373064e+03 1.250367755222124178e+00
6.563872903706110264e+03 1.107031479847013777e+00
6.563910209889847465e+03 1.203412768461312066e+00
6.563947416057006194e+03 1.108561341571050241e+00
6.563984722240743395e+03 9.261547513974698331e-01
6.564021928407902124e+03 1.041718152397764108e+00
6.564059234591639324e+03 9.523977640482494955e-01
6.564096440758798963e+03 1.076904972050603204e+00
6.564133746942536163e+03 8.767284495439835457e-01
6.564170953109694892e+03 9.917034421888790696e-01
6.564208259293432093e+03 9.305089732274198777e-01
6.564245465460590822e+03 7.657546337157987715e-01
6.564282771644328932e+03 8.895557516916740015e-01
6.564319977811488570e+03 8.874374816122388987e-01
6.564357183978647299e+03 1.011709326272433040e+00
6.564394490162384500e+03 9.576934392468372526e-01
6.564431696329543229e+03 9.272138864371873845e-01
6.564469002513280429e+03 9.599293909973521943e-01
6.564506208680439158e+03 9.379229185054427376e-01
6.564543414847598797e+03 9.408649602824360469e-01
6.564580621014757526e+03 9.548690791409237821e-01
6.564617927198494726e+03 8.320094145336863756e-01
6.564655133365653455e+03 8.382465431009120671e-01
6.564692339532813094e+03 9.601647543395116502e-01
6.564729645716550294e+03 8.708443659899970379e-01
6.564766851883709023e+03 8.743748161223889870e-01
6.564804058050867752e+03 8.880258899676375384e-01
6.564841264218026481e+03 8.902618417181523691e-01
6.564878470385186120e+03 7.994115916446014047e-01
6.564915676552344848e+03 8.763754045307443619e-01
6.564952982736082959e+03 8.124742571344513165e-01
6.564990188903241688e+03 7.657546337157987715e-01
6.565027395070401326e+03 9.839364518976169149e-01
6.565064601237560055e+03 9.097969991173874282e-01
6.565101807404718784e+03 8.653133274492498250e-01
6.565139013571877513e+03 9.027360988526037522e-01
6.565176219739037151e+03 8.091791703442189343e-01
6.565213425906195880e+03 8.123565754633715885e-01
6.565250632073354609e+03 8.320094145336863756e-01
6.565287838240513338e+03 8.687260959105619351e-01
6.565325044407672976e+03 9.366284201235657303e-01
6.565362250574831705e+03 9.640482494851426720e-01
6.565399456741990434e+03 1.003236245954692629e+00
6.565436662909150073e+03 9.407472786113563190e-01
6.565473869076308802e+03 1.096793174463077447e+00
6.565511075243467531e+03 1.135157399235069198e+00
6.565548281410626259e+03 1.179994115916445985e+00
6.565585387561207426e+03 1.075610473668726197e+00
6.565622593728366155e+03 1.107149161518093505e+00
6.565659799895524884e+03 1.062077081494557262e+00
6.565697006062684522e+03 9.428655486907914218e-01
6.565734212229843251e+03 9.662842012356575028e-01
6.565771318380423509e+03 8.260076493086201399e-01
6.565808524547583147e+03 8.131803471609296841e-01
6.565845730714741876e+03 8.977934686672550679e-01
6.565882936881900605e+03 8.736687260959105084e-01
6.565920043032481772e+03 6.767872903795233430e-01
6.565957249199640501e+03 6.604295380994410491e-01
6.565994455366799230e+03 7.535157399235069553e-01
6.566031561517379487e+03 8.955575169167402372e-01
6.566068767684538216e+03 8.959105619299794210e-01
6.566105973851697854e+03 8.547219770520740889e-01
6.566143080002278111e+03 9.585172109443954591e-01
6.566180286169436840e+03 8.521329802883200744e-01
6.566217492336595569e+03 8.327155045601647432e-01
6.566254598487176736e+03 7.429243895263312192e-01
6.566291804654335465e+03 8.257722859664606840e-01
6.566328910804915722e+03 8.707266843189173100e-01
6.566366116972075361e+03 8.506031185642836112e-01
6.566403223122655618e+03 9.469844071785818995e-01
6.566440429289814347e+03 9.560458958517210615e-01
6.566477535440395513e+03 8.863783465725213473e-01
6.566514741607554242e+03 8.034127684613121545e-01
6.566551847758135409e+03 8.052956751985878014e-01
6.566588953908715666e+03 8.431891732862606403e-01
6.566626160075875305e+03 7.742277140335392938e-01
6.566663266226455562e+03 8.388349514563107068e-01
6.566700472393614291e+03 8.441306266548984638e-01
6.566737578544195458e+03 7.948220064724919043e-01
6.566774684694775715e+03 7.871726978523094775e-01
6.566811890861935353e+03 9.842894969108560987e-01
6.566848997012514701e+03 7.775228008237716759e-01
6.566886103163094958e+03 8.248308325978228606e-01
6.566923209313676125e+03 8.646072374227714574e-01
6.566960415480834854e+03 7.763459841129743966e-01
6.566997521631416021e+03 8.639011473962929788e-01
6.567034627781996278e+03 8.098852603706973019e-01
6.567071733932577445e+03 7.253898205354516460e-01
6.567108940099736174e+03 7.823477493380406322e-01
6.567146046250316431e+03 8.403648131803471699e-01
6.567183152400897598e+03 1.009944101206237121e+00
6.567220258551477855e+03 1.036187113857016673e+00
6.567257364702058112e+03 1.044542512503677578e+00
6.567294470852638369e+03 1.018770226537216939e+00
6.567331577003219536e+03 8.843777581641659724e-01
6.567368683153799793e+03 9.142689026184172008e-01
6.567405789304380960e+03 9.533392174168873190e-01
6.567442995471539689e+03 9.157987643424536639e-01
