6.558098150633087243e+03 9.336245842228069192e-01
6.558135654519814125e+03 9.196246835128828456e-01
6.558173158406541916e+03 9.055254927270018905e-01
6.558210662293268797e+03 9.055254927270018905e-01
6.558248166179996588e+03 8.966886759668371010e-01
6.558285670066725288e+03 8.906319813334657720e-01
6.558323173953452169e+03 8.975822866504492570e-01
6.558360677840179960e+03 9.025467904482946668e-01
6.558398181726906842e+03 9.016531797646825108e-01
6.558435685613634632e+03 9.009581492329841179e-01
6.558473089489997619e+03 9.117807675122870936e-01
6.558510593376724501e+03 9.055254927270018905e-01
6.558548097263452291e+03 9.067169736384848022e-01
6.558585601150180082e+03 9.084049049297522327e-01
6.558623105036906964e+03 9.104899965248473004e-01
6.558660608923634754e+03 9.028446606761654225e-01
6.558698012799997741e+03 8.951000347515265521e-01
6.558735516686724623e+03 8.866603782951893997e-01
6.558773020573452413e+03 8.831852256366976572e-01
6.558810524460179295e+03 8.791143325224644034e-01
6.558847928336543191e+03 8.931142332323884769e-01
6.558885432223270982e+03 8.955964851313110708e-01
6.558922936109997863e+03 9.233977063992453438e-01
6.558960439996725654e+03 9.339224544506776748e-01
6.558997843873088641e+03 9.687732711115524253e-01
6.559035347759815522e+03 9.928014694931242001e-01
6.559072751636178509e+03 1.022290622052325793e+00
6.559110255522906300e+03 1.045822370054113160e+00
6.559147759409634091e+03 1.077694484436280575e+00
6.559185163285996168e+03 1.079779576031375754e+00
6.559222667172723959e+03 1.085836270664747083e+00
6.559260071049086946e+03 1.087325621804100750e+00
6.559297574935813827e+03 1.066971156232934481e+00
6.559334978812176814e+03 1.058531499776597329e+00
6.559372482698904605e+03 1.029240927369309500e+00
6.559409886575268501e+03 1.000347515265849196e+00
6.559447390461995383e+03 9.842625229608300552e-01
6.559484794338358370e+03 9.665888894405004761e-01
6.559522298225086161e+03 9.758228665044929029e-01
6.559559702101448238e+03 9.664895993645434835e-01
6.559597205988176029e+03 9.697661718711214629e-01
6.559634609864539016e+03 9.812838206821228315e-01
6.559672013740902003e+03 9.990567442784094032e-01
6.559709517627628884e+03 1.005014148835823962e+00
6.559746921503991871e+03 1.010574393089410661e+00
6.559784325380354858e+03 1.006900660279005155e+00
6.559821829267082649e+03 9.876383855433649162e-01
6.559859233143444726e+03 9.682768207317679066e-01
6.559896637019807713e+03 9.427592712108424644e-01
6.559934040896170700e+03 9.231991262473315807e-01
6.559971544782898491e+03 9.109864469046319302e-01
6.560008948659261478e+03 8.960929355110957006e-01
6.560046352535624465e+03 8.951000347515265521e-01
6.560083756411987451e+03 8.923199126247332025e-01
6.560121160288350438e+03 8.930149431564314844e-01
6.560158564164713425e+03 8.904334011815518979e-01
6.560196068051440307e+03 8.878518592066723114e-01
6.560233471927803294e+03 9.041354316636052157e-01
6.560270875804166280e+03 9.063198133346571650e-01
6.560308279680529267e+03 9.120786377401578493e-01
6.560345683556892254e+03 9.154545003226927102e-01
6.560383087433254332e+03 9.421635307551010641e-01
6.560420491309617319e+03 9.635108970858362598e-01
6.560457895185980306e+03 9.972695229111849802e-01
6.560495299062343292e+03 1.016829667874695975e+00
6.560532702938706279e+03 1.064191034106141132e+00
6.560570106815070176e+03 1.070247728739512461e+00
6.560607510691432253e+03 1.075410812689271634e+00
6.560644914567795240e+03 1.082361118006255341e+00
6.560682318444158227e+03 1.081268927170729199e+00
6.560719722320521214e+03 1.068956957752072778e+00
6.560757026186519397e+03 1.054758476890234720e+00
6.560794430062882384e+03 1.046020950206026923e+00
6.560831833939245371e+03 1.056644988333416135e+00
6.560869237815607448e+03 1.025467904482946890e+00
6.560906641691970435e+03 1.041552896787966143e+00
6.560944045568333422e+03 1.028446606761654225e+00
6.560981349434331605e+03 1.010077942709626253e+00
6.561018753310694592e+03 1.018815469393834050e+00
6.561056157187057579e+03 1.021397011368713637e+00
6.561093561063419656e+03 1.024574293799334734e+00
6.561130864929418749e+03 1.019808370153403088e+00
6.561168268805780826e+03 1.029042347217395514e+00
6.561205672682144723e+03 1.019411209849575561e+00
6.561242976548142906e+03 1.015538896887256071e+00
6.561280380424505893e+03 1.007794270962617311e+00
6.561317784300868880e+03 1.002234026709030390e+00
6.561355088166867063e+03 1.003226927468599428e+00
6.561392492043230050e+03 9.902199275182445026e-01
6.561429795909228233e+03 9.758228665044929029e-01
6.561467199785591220e+03 9.709576527826043746e-01
6.561504503651589403e+03 9.571563322245941752e-01
6.561541907527951480e+03 9.470287444769894813e-01
6.561579211393950573e+03 9.409720498436181524e-01
6.561616615270312650e+03 9.375961872610832915e-01
6.561653919136310833e+03 9.468301643250757182e-01
6.561691323012673820e+03 9.750285458968376284e-01
6.561728626878672003e+03 9.925035992652534445e-01
6.561766030755034990e+03 1.031226728888447575e+00
6.561803334621034082e+03 1.050489003624087703e+00
6.561840738497397069e+03 1.077297324132453049e+00
6.561878042363395252e+03 1.093382316437472079e+00
6.561915346229393435e+03 1.117609094970957617e+00
6.561952750105756422e+03 1.103609194261033544e+00
6.561990053971754605e+03 1.125453010971553480e+00
6.562027357837752788e+03 1.135779178871071826e+00
6.562064661703750971e+03 1.142233033808270903e+00
6.562102065580113958e+03 1.153651392543315390e+00
6.562139369446112141e+03 1.190090850419500468e+00
6.562176673312110324e+03 1.203991461053467660e+00
6.562213977178108507e+03 1.229211140346522457e+00
6.562251381054471494e+03 1.245991163183239880e+00
6.562288684920469677e+03 1.283919972198778625e+00
6.562325988786467860e+03 1.306160949213126088e+00
6.562363292652466043e+03 1.322543811746015985e+00
6.562400596518464226e+03 1.332770689569577449e+00
6.562437900384463319e+03 1.368415826838107474e+00
6.562475304260826306e+03 1.370600208509159534e+00
6.562512608126824489e+03 1.378642704661669161e+00
6.562549911992822672e+03 1.393734796207119153e+00
6.562587215858820855e+03 1.372387429876383846e+00
6.562624519724819038e+03 1.343295437621009780e+00
6.562661823590817221e+03 1.316387827036687774e+00
6.562699127456815404e+03 1.259097453209551798e+00
6.562736431322813587e+03 1.219679293054659164e+00
6.562773735188811770e+03 1.173112247430869282e+00
6.562811039054809953e+03 1.126048751427294770e+00
6.562848342920808136e+03 1.085439110360919335e+00
6.562885646786806319e+03 1.039765675420741609e+00
6.562922950652804502e+03 1.020205530457230836e+00
6.562960154508438791e+03 9.901206374422876211e-01
6.562997458374436974e+03 9.613265154147843106e-01
6.563034762240435157e+03 9.500074467556968161e-01
6.563072066106433340e+03 9.507024772873950980e-01
6.563109369972432432e+03 9.380926376408678102e-01
6.563146673838430615e+03 9.362061261976865056e-01
6.563183877694063995e+03 9.473266147048602370e-01
6.563221181560062178e+03 9.676810802760263952e-01
6.563258485426060361e+03 9.820781412897781060e-01
6.563295789292058544e+03 1.006900660279005155e+00
6.563332993147692832e+03 1.035794072382465458e+00
6.563370297013691015e+03 1.048106041801121879e+00
6.563407600879689198e+03 1.074715782157573241e+00
6.563444804735322577e+03 1.086729881348359239e+00
6.563482108601320760e+03 1.095467408032567036e+00
6.563519412467318944e+03 1.103410614109119781e+00
6.563556616322952323e+03 1.118105545350742247e+00
6.563593920188950506e+03 1.105396415628257856e+00
6.563631124044584794e+03 1.106488606463783997e+00
6.563668427910582977e+03 1.098843270615102119e+00
6.563705731776581160e+03 1.107084346919525286e+00
6.563742935632214540e+03 1.125254430819639495e+00
6.563780239498213632e+03 1.124559400287941324e+00
6.563817443353847011e+03 1.129424614009829630e+00
6.563854747219845194e+03 1.124162239984113576e+00
6.563891951075479483e+03 1.136970659782554627e+00
6.563929254941477666e+03 1.143225934567839941e+00
6.563966458797111045e+03 1.137864270466167005e+00
6.564003662652744424e+03 1.117013354515216106e+00
6.564040966518742607e+03 1.110956659881844777e+00
6.564078170374375986e+03 1.085240530209005572e+00
6.564115474240374169e+03 1.074120041701831951e+00
6.564152678096008458e+03 1.047113141041552842e+00
6.564189881951641837e+03 1.025666484634860653e+00
6.564227185817640020e+03 1.018616889241920287e+00
6.564264389673273399e+03 1.000148935113935433e+00
6.564301593528907688e+03 9.849575534925284481e-01
6.564338797384541067e+03 9.925035992652534445e-01
6.564376101250539250e+03 1.003326217544556531e+00
6.564413305106172629e+03 1.003326217544556531e+00
6.564450508961806008e+03 9.883334160750633091e-01
6.564487712817441206e+03 9.998510648860646777e-01
6.564525016683439389e+03 9.822767214416918691e-01
6.564562220539072769e+03 9.885319962269770722e-01
6.564599424394706148e+03 9.774115077198034518e-01
6.564636628250340436e+03 9.583478131360770869e-01
6.564673832105973815e+03 9.600357444273445173e-01
6.564711035961607195e+03 9.451422330338082878e-01
6.564748239817240574e+03 9.374968971851262989e-01
6.564785443672874862e+03 9.301494315643151767e-01
6.564822647528508242e+03 9.335252941468500376e-01
6.564859851384141621e+03 9.333267139949361635e-01
6.564897055239775000e+03 9.314402025517549699e-01
6.564934259095409288e+03 9.386883780966092106e-01
6.564971462951042668e+03 9.386883780966092106e-01
6.565008666806676047e+03 9.304473017921858213e-01
6.565045870662309426e+03 9.406741796157473967e-01
6.565083074517943714e+03 9.529861490344040398e-01
6.565120278373577094e+03 9.429578513627563385e-01
6.565157482229210473e+03 9.600357444273445173e-01
6.565194686084845671e+03 9.806880802263813202e-01
6.565231889940479050e+03 9.844611031127439293e-01
6.565269093796112429e+03 1.017921858710221894e+00
6.565306297651745808e+03 1.048701782256863391e+00
6.565343401497015293e+03 1.094573797348954880e+00
6.565380605352648672e+03 1.165169041354316537e+00
6.565417809208282051e+03 1.213920468649158479e+00
6.565455013063916340e+03 1.280841979844114631e+00
6.565492116909184915e+03 1.338033063595293726e+00
6.565529320764818294e+03 1.370997368812987061e+00
6.565566524620452583e+03 1.385394429826738882e+00
6.565603728476085962e+03 1.365139254331529495e+00
6.565640832321354537e+03 1.337040162835724466e+00
6.565678036176988826e+03 1.305664498833341680e+00
6.565715240032622205e+03 1.233977063992453882e+00
6.565752343877890780e+03 1.155637194062453466e+00
6.565789547733525069e+03 1.100829072134240194e+00
6.565826651578793644e+03 1.033311820483542753e+00
6.565863855434427023e+03 9.818795611378642318e-01
6.565901059290061312e+03 9.497095765278260604e-01
6.565938163135330797e+03 9.121779278161147309e-01
6.565975366990964176e+03 9.062205232587002834e-01
6.566012470836233661e+03 9.048304621953036087e-01
6.566049674691867040e+03 9.053269125750881274e-01
6.566086778537136524e+03 9.168445613860894960e-01
6.566123982392769904e+03 9.353125155140743496e-01
6.566161086238038479e+03 9.431564315146701016e-01
6.566198190083307964e+03 9.556669810852405078e-01
6.566235393938941343e+03 9.649009581492329346e-01
6.566272497784210827e+03 9.642059276175346527e-01
6.566309701639844207e+03 9.705604924787767374e-01
6.566346805485112782e+03 9.816809809859504687e-01
6.566383909330382266e+03 9.842625229608300552e-01
6.566421113186015646e+03 9.959787519237451869e-01
6.566458217031285130e+03 9.877376756193217977e-01
6.566495320876553706e+03 9.954823015439606682e-01
6.566532524732187085e+03 9.974681030630988543e-01
6.566569628577456569e+03 9.811845306061659500e-01
6.566606732422725145e+03 9.832696222012610177e-01
6.566643836267994629e+03 9.678796604279402693e-01
6.566681040123628009e+03 9.779079580995879706e-01
6.566718143968898403e+03 9.750285458968376284e-01
6.566755247814166978e+03 9.759221565804497844e-01
6.566792351659436463e+03 9.660924390607158463e-01
6.566829455504705038e+03 9.637094772377501339e-01
6.566866559349974523e+03 9.651988283771036903e-01
6.566903663195243098e+03 9.635108970858362598e-01
6.566940867050876477e+03 9.570570421486372936e-01
6.566977970896145962e+03 9.726455840738718051e-01
6.567015074741414537e+03 9.813831107580797131e-01
6.567052178586684022e+03 1.024276423571464090e+00
6.567089282431952597e+03 1.044432308990716374e+00
6.567126386277222082e+03 1.087226331728143869e+00
6.567163490122490657e+03 1.118601995730526655e+00
6.567200593967760142e+03 1.164275430670704381e+00
6.567237697813028717e+03 1.195353224445216744e+00
6.567274801658298202e+03 1.207168743484088758e+00
6.567311905503566777e+03 1.219580002978702282e+00
6.567348909338471458e+03 1.202799980141984859e+00
6.567386013183740943e+03 1.181750484039120197e+00
6.567423117029009518e+03 1.131311125453011046e+00
6.567460220874279003e+03 1.097155339323834689e+00
