6.558088396131192894e+03 9.352050432183011131e-01
6.558125900029052900e+03 9.190875414310781810e-01
6.558163403926913816e+03 9.081692337687657934e-01
6.558200907824772912e+03 9.040098784688372913e-01
6.558238411722633828e+03 8.990706440501722296e-01
6.558275915620493834e+03 9.005004224345226627e-01
6.558313419518353840e+03 9.011503217001364252e-01
6.558350923416214755e+03 9.002404627282770688e-01
6.558388427314073851e+03 9.055696367063105212e-01
6.558425831201539950e+03 9.018002209657502988e-01
6.558463335099400865e+03 9.149281861311496789e-01
6.558500838997259962e+03 9.058295964125560040e-01
6.558538342895120877e+03 9.163579645155001119e-01
6.558575846792981793e+03 9.136283875999220427e-01
6.558613250680446981e+03 9.510625852992785623e-01
6.558650754578306987e+03 9.961655943328784346e-01
6.558688258476167903e+03 1.006953922142068025e+00
6.558725662363633091e+03 9.687398453239748353e-01
6.558763166261493097e+03 9.782283746019366788e-01
6.558800670159354013e+03 9.787482940144277554e-01
6.558838074046820111e+03 9.660102684083966551e-01
6.558875577944679208e+03 9.483330083837004931e-01
6.558913081842540123e+03 9.510625852992785623e-01
6.558950485730006221e+03 9.623708325209592296e-01
6.558987989627866227e+03 9.582114772210307274e-01
6.559025393515332325e+03 9.582114772210307274e-01
6.559062897413192331e+03 9.638006109053096626e-01
6.559100301300657520e+03 9.683499057646064445e-01
6.559137805198518436e+03 9.702996035614479542e-01
6.559175209085984534e+03 9.770585559238318396e-01
6.559212712983843630e+03 9.727692207707805405e-01
6.559250116871309729e+03 9.747189185676220502e-01
6.559287620769170644e+03 9.869370247611620739e-01
6.559325024656636742e+03 9.832975888737245374e-01
6.559362528554495839e+03 1.007993760967050179e+00
6.559399932441961937e+03 1.005004224345226405e+00
6.559437336329428035e+03 1.005004224345226405e+00
6.559474840227288041e+03 9.774484954832001193e-01
6.559512244114754139e+03 9.604211347241177199e-01
6.559549648002220238e+03 9.340352245401962739e-01
6.559587151900080244e+03 9.188275817248326982e-01
6.559624555787546342e+03 9.016702411126275019e-01
6.559661959675011531e+03 8.971209462533307200e-01
6.559699463572872446e+03 9.021901605251185785e-01
6.559736867460338544e+03 9.163579645155001119e-01
6.559774271347804643e+03 9.313056476246182047e-01
6.559811675235269831e+03 9.384545395463702588e-01
6.559849079122735930e+03 9.415740560213167187e-01
6.559886583020595936e+03 9.448235523493858645e-01
6.559923986908062034e+03 9.491128875024371636e-01
6.559961390795528132e+03 9.422239552869304813e-01
6.559998794682993321e+03 9.483330083837004931e-01
6.560036198570459419e+03 9.556118801585754552e-01
6.560073602457925517e+03 9.560018197179437349e-01
6.560111006345391615e+03 9.528823032429973861e-01
6.560148410232857714e+03 9.725092610645349467e-01
6.560185914130717720e+03 9.934360174173003655e-01
6.560223318018183818e+03 1.002924546695262320e+00
6.560260721905649916e+03 1.002404627282771132e+00
6.560298125793116014e+03 1.007603821407681899e+00
6.560335529680582113e+03 1.006693962435822431e+00
6.560372833557653394e+03 9.985052316890882240e-01
6.560410237445118582e+03 9.990251511015793007e-01
6.560447641332584681e+03 9.929160980048092888e-01
6.560485045220050779e+03 9.974653928641060707e-01
6.560522449107516877e+03 1.001754728017157259e+00
6.560559852994982975e+03 1.008773640085786738e+00
6.560597256882448164e+03 1.026190940404237306e+00
6.560634660769914262e+03 1.028010658347956019e+00
6.560672064657379451e+03 1.037499187625918085e+00
6.560709368534451642e+03 1.035289530122830870e+00
6.560746772421917740e+03 1.031650094235393444e+00
6.560784176309383838e+03 1.025021121726132467e+00
6.560821580196849936e+03 1.017092350685643742e+00
6.560858984084315125e+03 1.017482290245012022e+00
6.560896287961387316e+03 1.011373237148242010e+00
6.560933691848852504e+03 1.022551504516799881e+00
6.560971095736318603e+03 1.027620718788587739e+00
6.561008399613389884e+03 1.030740235263534199e+00
6.561045803500855982e+03 1.037889127185286364e+00
6.561083207388322080e+03 1.034639630857217218e+00
6.561120511265393361e+03 1.013062975238838037e+00
6.561157915152859459e+03 9.842074478455838937e-01
6.561195319040325558e+03 9.835575485799701312e-01
6.561232622917397748e+03 9.791382335737960352e-01
6.561270026804862937e+03 1.000714889192175105e+00
6.561307330681934218e+03 1.020601806719958482e+00
6.561344734569400316e+03 1.048027555728862081e+00
6.561382038446471597e+03 1.094170403587443996e+00
6.561419442333937695e+03 1.126925326574381048e+00
6.561456746211008976e+03 1.161499967505036812e+00
6.561494150098475075e+03 1.191655293429518370e+00
6.561531453975547265e+03 1.201403782413725807e+00
6.561568857863013363e+03 1.210762331838564965e+00
6.561606161740084644e+03 1.234808604666276732e+00
6.561643465617155925e+03 1.256775199844024193e+00
6.561680869504622024e+03 1.320335348021056676e+00
6.561718173381693305e+03 1.406511990641450494e+00
6.561755577269159403e+03 1.517514785208292638e+00
6.561792881146231593e+03 1.634496653018782109e+00
6.561830185023302874e+03 1.761097029960356108e+00
6.561867588910768973e+03 1.924611685188795773e+00
6.561904892787840254e+03 2.094365373367128136e+00
6.561942196664912444e+03 2.337427698706700419e+00
6.561979500541983725e+03 2.611685188795736856e+00
6.562016904429449824e+03 2.918437642165464307e+00
6.562054208306521105e+03 3.230519269513225655e+00
6.562091512183593295e+03 3.535322025086111708e+00
6.562128816060664576e+03 3.811919152531357824e+00
6.562166119937735857e+03 4.023916292974589304e+00
6.562203523825201955e+03 4.190030545265483575e+00
6.562240827702273236e+03 4.250341197114447134e+00
6.562278131579345427e+03 4.217716253980633212e+00
6.562315435456416708e+03 4.122960941054136796e+00
6.562352739333487989e+03 3.953467212582049584e+00
6.562390043210560179e+03 3.765646324819652779e+00
6.562427347087631460e+03 3.570416585429258660e+00
6.562464650964702741e+03 3.426008968609865590e+00
6.562501954841774932e+03 3.278871774874894562e+00
6.562539258718846213e+03 3.180477026060960721e+00
6.562576562595917494e+03 3.094170403587443996e+00
6.562613866472988775e+03 3.020731786573081390e+00
6.562651170350060966e+03 2.966660167674010307e+00
6.562688474227132247e+03 2.933515305127705197e+00
6.562725778104203528e+03 2.904009878468837513e+00
6.562763081981275718e+03 2.897770845518944594e+00
6.562800385858346999e+03 2.889842074478455647e+00
6.562837689735418280e+03 2.885422759472281662e+00
6.562874993612490471e+03 2.855267433547799882e+00
6.562912197479167844e+03 2.832520959251315862e+00
6.562949501356240035e+03 2.790537466692662782e+00
6.562986805233311316e+03 2.741925001624748059e+00
6.563024109110382597e+03 2.687073503606940861e+00
6.563061412987454787e+03 2.581789822577500448e+00
6.563098616854131251e+03 2.528108143237798089e+00
6.563135920731203441e+03 2.469617209332553465e+00
6.563173224608274722e+03 2.464677974913888292e+00
6.563210528485346003e+03 2.467797491388834530e+00
6.563247732352023377e+03 2.530577760447130675e+00
6.563285036229094658e+03 2.575550789627607529e+00
6.563322340106166848e+03 2.645609930460778525e+00
6.563359543972844222e+03 2.693832455969324968e+00
6.563396847849915503e+03 2.724637681159420399e+00
6.563434051716592876e+03 2.698381750828621417e+00
6.563471355593664157e+03 2.654448560473126495e+00
6.563508659470736347e+03 2.551374536946773297e+00
6.563545863337412811e+03 2.450510170923506870e+00
6.563583167214485911e+03 2.323259894716318996e+00
6.563620371081162375e+03 2.134009228569571537e+00
6.563657674958234566e+03 1.973744069669201240e+00
6.563694878824911029e+03 1.820757782543705794e+00
6.563732182701983220e+03 1.697016962370832438e+00
6.563769386568659684e+03 1.575225839994800703e+00
6.563806690445731874e+03 1.496198089296159051e+00
6.563843894312409248e+03 1.408201728732046520e+00
6.563881198189481438e+03 1.331773575095860140e+00
6.563918402056157902e+03 1.277831936049912187e+00
6.563955605922835275e+03 1.226099954507051448e+00
6.563992909799906556e+03 1.187495938129589979e+00
6.564030113666584839e+03 1.161889907064405092e+00
6.564067317533261303e+03 1.147982062780269041e+00
6.564104621410333493e+03 1.105738610515370146e+00
6.564141825277009957e+03 1.060505621628647477e+00
6.564179029143687330e+03 1.028400597907324299e+00
6.564216233010365613e+03 1.004874244492103719e+00
6.564253536887436894e+03 9.962955741860011205e-01
6.564290740754114267e+03 9.992851108078247835e-01
6.564327944620790731e+03 1.003054526548385006e+00
6.564365148487469014e+03 9.979853122765971474e-01
6.564402452364540295e+03 1.001234808604666293e+00
6.564439656231217668e+03 9.972054331578604769e-01
6.564476860097895042e+03 9.978553324234743505e-01
6.564514063964571505e+03 9.901865210892312197e-01
6.564551267831249788e+03 9.873269643205303536e-01
6.564588471697927162e+03 9.849873269643205642e-01
6.564625675564603625e+03 9.767985962175862458e-01
6.564662879431280999e+03 9.521024241242607156e-01
6.564700083297959281e+03 9.326054461558458408e-01
6.564737287164635745e+03 9.289660102684084153e-01
6.564774491031313119e+03 9.066094755312926745e-01
6.564811694897991401e+03 9.141483070124131194e-01
6.564848898764667865e+03 9.102489114187301000e-01
6.564886102631345238e+03 9.123285890686944066e-01
6.564923306498022612e+03 9.225969974653928096e-01
6.564960510364699985e+03 9.554819003054526583e-01
6.564997714231377358e+03 1.010203418470137171e+00
6.565034918098054732e+03 1.068954312081627389e+00
6.565072121964731195e+03 1.129524923636836320e+00
6.565109325831409478e+03 1.188535776954572132e+00
6.565146529698086852e+03 1.225839994800805854e+00
6.565183733564763315e+03 1.216611425229089383e+00
6.565220837421046781e+03 1.197894326379411289e+00
6.565258041287724154e+03 1.144602586599077210e+00
6.565295245154401528e+03 1.112367583024631124e+00
6.565332449021078901e+03 1.065574835900435335e+00
6.565369552877361457e+03 1.038409046597777330e+00
6.565406756744038830e+03 1.003314486254630600e+00
6.565443960610717113e+03 9.586014167803990071e-01
6.565481164477393577e+03 9.448235523493858645e-01
6.565518268333676133e+03 9.384545395463702588e-01
6.565555472200354416e+03 9.419639955806849985e-01
6.565592676067031789e+03 9.483330083837004931e-01
6.565629779923314345e+03 9.662702281146422489e-01
6.565666983789991718e+03 9.771885357769545255e-01
6.565704187656669092e+03 9.702996035614479542e-01
6.565741291512951648e+03 9.740690193020081766e-01
6.565778495379629931e+03 9.658802885552739692e-01
6.565815599235912487e+03 9.565217391304348116e-01
6.565852803102588950e+03 9.502827061805420028e-01
6.565889906958872416e+03 9.528823032429973861e-01
6.565927110825549789e+03 9.380645999870019791e-01
6.565964214681833255e+03 9.543120816273477081e-01
6.566001418548510628e+03 9.316955871839864844e-01
6.566038522404793184e+03 9.223370377591473268e-01
6.566075726271470558e+03 9.124585689218170925e-01
6.566112830127753114e+03 9.210372392279196907e-01
6.566149933984036579e+03 9.216871384935334532e-01
6.566187137850713953e+03 9.397543380775980060e-01
6.566224241706996509e+03 9.457334113212452209e-01
6.566261445573674791e+03 9.397543380775980060e-01
6.566298549429957347e+03 9.306557483590043311e-01
6.566335653286240813e+03 9.238967959966205568e-01
6.566372857152917277e+03 9.320855267433547642e-01
6.566409961009199833e+03 9.508026255930330795e-01
6.566447064865483298e+03 9.558718398648209380e-01
6.566484168721765855e+03 9.631507116396959001e-01
6.566521372588444137e+03 9.541821017742250222e-01
6.566558476444726693e+03 9.354650029245467069e-01
6.566595580301010159e+03 9.281861311496718558e-01
6.566632684157292715e+03 9.171378436342366713e-01
6.566669788013576181e+03 9.199974004029375374e-01
6.566706991880253554e+03 9.415740560213167187e-01
6.566744095736536110e+03 9.658802885552739692e-01
6.566781199592819576e+03 9.981152921297199443e-01
6.566818303449102132e+03 1.019561967894976329e+00
6.566855407305385597e+03 1.040878663807109916e+00
6.566892511161668153e+03 1.048027555728862081e+00
6.566929615017951619e+03 1.043738220575810782e+00
6.566966718874234175e+03 1.028270618054201613e+00
6.567003822730517641e+03 1.008253720673295550e+00
6.567040926586800197e+03 1.001754728017157259e+00
6.567078030443083662e+03 9.706895431208162339e-01
6.567115134299366218e+03 9.565217391304348116e-01
6.567152238155649684e+03 9.423539351400532782e-01
6.567189342011932240e+03 9.346851238058101474e-01
6.567226445868215706e+03 9.279261714434262620e-01
6.567263549724498262e+03 9.420939754338077954e-01
6.567300653580781727e+03 9.331253655683369175e-01
6.567337757437064283e+03 9.418340157275622015e-01
6.567374861293347749e+03 9.320855267433547642e-01
6.567411865139235488e+03 9.344251640995645536e-01
6.567448968995519863e+03 9.300058490933905686e-01
