6.558095283153623313e+03 1.006824464409122433e+00
6.558132789113903527e+03 9.731340704906703554e-01
6.558170195058288300e+03 9.417760884588803894e-01
6.558207701018567604e+03 9.365065653075328456e-01
6.558245206978846909e+03 9.337422252937110922e-01
6.558282612923232591e+03 9.557705597788528351e-01
6.558320118883510986e+03 9.793538355217691338e-01
6.558357524827896668e+03 9.818590186592951463e-01
6.558395030788176882e+03 9.866102280580510975e-01
6.558432536748455277e+03 9.953351762266758884e-01
6.558469942692840959e+03 1.001900483759502469e+00
6.558507448653120264e+03 1.007083621285418173e+00
6.558544854597505946e+03 1.017104353835521779e+00
6.558582360557785250e+03 1.025570145127850719e+00
6.558619766502170023e+03 1.006997235659986112e+00
6.558657272462450237e+03 9.909295093296475176e-01
6.558694678406834100e+03 9.723565998617830219e-01
6.558732184367114314e+03 9.792674498963372942e-01
6.558769590311499996e+03 9.635452660677262804e-01
6.558806996255884769e+03 9.638044229440221322e-01
6.558844502216164074e+03 9.763303386316516397e-01
6.558881908160549756e+03 9.754664823773324667e-01
6.558919414120829060e+03 9.953351762266758884e-01
6.558956820065213833e+03 1.027038700760193546e+00
6.558994226009599515e+03 1.061506565307532846e+00
6.559031631953984288e+03 1.101503109882515652e+00
6.559069137914264502e+03 1.143400138217000706e+00
6.559106543858650184e+03 1.187802349689011772e+00
6.559143949803034047e+03 1.192639944713199673e+00
6.559181455763314261e+03 1.184087767795438895e+00
6.559218861707699034e+03 1.164910158949550745e+00
6.559256267652084716e+03 1.161454733932273609e+00
6.559293673596469489e+03 1.140894955079474693e+00
6.559331079540855171e+03 1.118866620594333172e+00
6.559368585501134476e+03 1.090272978576364959e+00
6.559405991445520158e+03 1.064875604699377920e+00
6.559443397389905840e+03 1.044315825846579227e+00
6.559480803334289703e+03 1.025138217000691077e+00
6.559518209278675386e+03 1.018572909467864607e+00
6.559555615223061068e+03 1.022373876986869323e+00
6.559593021167446750e+03 1.039910158949550745e+00
6.559630427111831523e+03 1.065134761575673883e+00
6.559667833056216296e+03 1.069885970974429945e+00
6.559705239000601978e+03 1.098306841741534257e+00
6.559742644944987660e+03 1.112560469937802443e+00
6.559780050889372433e+03 1.102280580511402874e+00
6.559817456833758115e+03 1.090791292328956441e+00
6.559854862778143797e+03 1.040946786454733930e+00
6.559892268722527660e+03 9.993089149965446172e-01
6.559929674666913343e+03 9.906703524533517768e-01
6.559967080611299025e+03 9.733068417415342566e-01
6.560004486555684707e+03 9.617311679336558727e-01
6.560041892500069480e+03 9.665687629578437745e-01
6.560079198428560630e+03 9.921389080856944931e-01
6.560116604372946313e+03 9.954215618521078390e-01
6.560154010317331085e+03 9.854872149274360726e-01
6.560191416261716768e+03 1.004578438147892161e+00
6.560228822206101540e+03 9.952487906012439378e-01
6.560266128134592691e+03 9.926572218382860857e-01
6.560303534078978373e+03 9.893745680718728508e-01
6.560340940023364055e+03 1.003282653766413235e+00
6.560378345967749738e+03 1.014944713199723569e+00
6.560415651896240888e+03 1.050621976503109956e+00
6.560453057840624751e+03 1.088545266067726391e+00
6.560490463785010434e+03 1.133638562543192840e+00
6.560527769713501584e+03 1.152297857636489287e+00
6.560565175657887266e+03 1.166983413959917115e+00
6.560602481586378417e+03 1.162491361437456794e+00
6.560639887530764099e+03 1.143659295093296446e+00
6.560677293475148872e+03 1.113424326192121727e+00
6.560714599403640023e+03 1.099948168624740763e+00
6.560752005348025705e+03 1.087595024187975046e+00
6.560789311276516855e+03 1.089236351071181774e+00
6.560826717220902538e+03 1.084398756046993872e+00
6.560864023149393688e+03 1.102366966136834936e+00
6.560901429093778461e+03 1.096838286109191429e+00
6.560938735022269611e+03 1.105131306150656467e+00
6.560976140966654384e+03 1.114892881824464332e+00
6.561013446895145535e+03 1.097011057360055331e+00
6.561050852839531217e+03 1.085867311679336478e+00
6.561088158768022367e+03 1.067985487214927476e+00
6.561125464696513518e+03 1.057273669661368265e+00
6.561162870640899200e+03 1.047598479612992461e+00
6.561200176569390351e+03 1.060729094678645401e+00
6.561237482497881501e+03 1.060469937802349660e+00
6.561274888442267184e+03 1.072909467864547439e+00
6.561312194370758334e+03 1.068849343469246760e+00
6.561349500299249485e+03 1.069454042847270303e+00
6.561386906243634257e+03 1.072477539737387797e+00
6.561424212172125408e+03 1.039305459571527201e+00
6.561461518100616559e+03 1.005960608154803149e+00
6.561498824029107709e+03 9.645818935729094656e-01
6.561536129957598860e+03 9.411713890808569571e-01
6.561573535901984542e+03 9.428991015894955252e-01
6.561610841830475692e+03 9.785763648928818004e-01
6.561648147758966843e+03 1.009156876295784322e+00
6.561685453687457994e+03 1.055805114029025660e+00
6.561722759615949144e+03 1.094678645473393219e+00
6.561760065544440295e+03 1.121717346233586765e+00
6.561797371472931445e+03 1.126295784381478926e+00
6.561834677401422596e+03 1.125431928127159642e+00
6.561872083345808278e+03 1.101503109882515652e+00
6.561909389274299429e+03 1.081807187284036020e+00
6.561946695202790579e+03 1.059519695922598537e+00
6.561984001131281730e+03 1.060124395300622080e+00
6.562021307059772880e+03 1.060383552176917821e+00
6.562058612988264031e+03 1.056582584657912882e+00
6.562095818900860650e+03 1.055632342778161759e+00
6.562133124829352710e+03 1.059087767795438895e+00
6.562170430757843860e+03 1.062370421561852130e+00
6.562207736686335011e+03 1.069713199723566044e+00
6.562245042614826161e+03 1.073600552868002822e+00
6.562282348543317312e+03 1.079215618521078168e+00
6.562319654471808462e+03 1.091136834830684244e+00
6.562356960400300522e+03 1.109623358673116789e+00
6.562394266328791673e+03 1.119039391845196851e+00
6.562431472241388292e+03 1.133897719419488581e+00
6.562468778169879442e+03 1.150051831375259237e+00
6.562506084098370593e+03 1.179422944022114672e+00
6.562543390026861744e+03 1.173980649619903227e+00
6.562580595939459272e+03 1.160763648928818226e+00
6.562617901867950422e+03 1.117052522460262542e+00
6.562655207796441573e+03 1.055718728403593598e+00
6.562692513724932724e+03 1.015635798203178952e+00
6.562729719637529342e+03 9.669143054595715769e-01
6.562767025566020493e+03 9.394436765722183891e-01
6.562804231478618021e+03 9.244125777470628691e-01
6.562841537407109172e+03 9.153420870767103867e-01
6.562878843335600322e+03 9.141326883206634113e-01
6.562916049248197851e+03 9.010884588804423112e-01
6.562953355176689001e+03 9.050621976503110400e-01
6.562990561089285620e+03 8.963372494816862490e-01
6.563027867017776771e+03 8.904630269523151620e-01
6.563065172946267921e+03 8.997062888735314345e-01
6.563102378858865450e+03 8.997926744989633852e-01
6.563139684787356600e+03 9.105044920525224850e-01
6.563176890699954129e+03 9.228576364892882022e-01
6.563214096612550748e+03 9.410850034554250065e-01
6.563251402541041898e+03 9.551658604008292919e-01
6.563288608453639426e+03 9.486005528680027110e-01
6.563325914382130577e+03 9.528334485141672916e-01
6.563363120294727196e+03 9.504146510020732297e-01
6.563400426223218346e+03 9.316689702833448328e-01
6.563437632135815875e+03 9.134416033172080285e-01
6.563474838048413403e+03 9.223393227366966096e-01
6.563512143976904554e+03 9.231167933655839430e-01
6.563549349889501173e+03 9.511921216309605631e-01
6.563586555802098701e+03 9.772805805114028743e-01
6.563623761714695320e+03 9.864374568071873073e-01
6.563661067643186470e+03 9.938666205943330612e-01
6.563698273555783999e+03 9.927436074637180363e-01
6.563735479468380618e+03 1.001986869384934309e+00
6.563772685380978146e+03 1.012439530062197557e+00
6.563809991309469297e+03 1.017795438838977162e+00
6.563847197222066825e+03 1.027297857636489287e+00
6.563884403134663444e+03 1.031530753282653867e+00
6.563921609047260972e+03 1.021510020732550039e+00
6.563958814959857591e+03 1.017709053213545323e+00
6.563996020872455119e+03 1.010970974429854952e+00
6.564033226785051738e+03 1.007256392536281853e+00
6.564070432697649267e+03 1.011748445058742174e+00
6.564107738626140417e+03 9.942121630960608636e-01
6.564144944538737946e+03 9.861782999308914555e-01
6.564182150451334564e+03 9.714063579820317873e-01
6.564219356363931183e+03 9.637180373185901816e-01
6.564256562276529621e+03 9.630269523151347988e-01
6.564293768189126240e+03 9.739979267449896394e-01
6.564330974101722859e+03 9.879060124395300235e-01
6.564368180014320387e+03 9.883379405666896655e-01
6.564405285911023384e+03 1.005874222529371087e+00
6.564442491823620003e+03 9.934346924671734191e-01
6.564479697736218441e+03 9.815998617829992945e-01
6.564516903648815060e+03 9.642363510711817742e-01
6.564554109561411678e+03 9.570663441603317612e-01
6.564591315474008297e+03 9.500691085003455383e-01
6.564628521386606735e+03 9.499827228749135877e-01
6.564665727299203354e+03 9.466136834830684021e-01
6.564702833195906351e+03 9.478230822391153776e-01
6.564740039108503879e+03 9.429854872149274758e-01
6.564777245021100498e+03 9.429854872149274758e-01
6.564814450933697117e+03 9.442812715964064019e-01
6.564851556830401023e+03 9.572391154111955514e-01
6.564888762742997642e+03 9.564616447823082179e-01
6.564925968655595170e+03 9.628541810642708976e-01
6.564963074552298167e+03 9.424671734623358832e-01
6.565000280464894786e+03 9.502418797512094395e-01
6.565037486377492314e+03 9.355563234277816109e-01
6.565074592274195311e+03 9.369384934346924876e-01
6.565111798186792839e+03 9.458362128541810687e-01
6.565149004099389458e+03 9.582757429163787366e-01
6.565186109996092455e+03 9.508465791292328717e-01
6.565223315908689983e+03 9.491188666205943036e-01
6.565260421805392980e+03 9.620767104353835641e-01
6.565297627717990508e+03 1.008552176917760779e+00
6.565334733614692595e+03 1.049153420870767128e+00
6.565371939527290124e+03 1.120767104353835419e+00
6.565409045423993120e+03 1.191948859709744291e+00
6.565446251336589739e+03 1.244730476848652456e+00
6.565483357233293646e+03 1.262957843814789261e+00
6.565520563145890264e+03 1.289564616447823164e+00
6.565557669042594171e+03 1.286109191430546028e+00
6.565594874955190789e+03 1.265376641326883211e+00
6.565631980851893786e+03 1.239547339322736752e+00
6.565669086748596783e+03 1.193158258465791377e+00
6.565706292661193402e+03 1.124654457498272198e+00
6.565743398557897308e+03 1.057446440912232166e+00
6.565780504454600305e+03 9.803904630269523190e-01
6.565817710367196923e+03 9.375431928127159198e-01
6.565854816263899920e+03 8.975466482377332245e-01
6.565891922160602917e+03 9.092950932964755095e-01
6.565929128073200445e+03 9.067035245335176574e-01
6.565966233969903442e+03 9.130960608154803371e-01
6.566003339866606439e+03 9.248445058742225111e-01
6.566040445763309435e+03 9.371976503109882284e-01
6.566077551660013341e+03 9.351243953006219689e-01
6.566114757572609960e+03 9.396164478230822903e-01
6.566151863469312048e+03 9.471319972356599948e-01
6.566188969366015954e+03 9.599170697995853541e-01
6.566226075262718950e+03 9.639771941948859224e-01
6.566263181159421947e+03 9.790946786454733930e-01
6.566300287056124944e+03 9.678645473393227006e-01
6.566337392952827940e+03 9.521423635107117978e-01
6.566374498849530937e+03 9.567208016586039587e-01
6.566411604746233934e+03 9.509329647546648223e-01
6.566448710642936931e+03 9.654457498272287497e-01
6.566485816539640837e+03 9.635452660677262804e-01
6.566522922436342924e+03 9.625950241879751568e-01
6.566560028333046830e+03 9.499827228749135877e-01
6.566597134229748917e+03 9.459225984796130193e-01
6.566634240126452823e+03 9.483413959917069702e-01
6.566671346023154911e+03 9.540428472702142670e-01
6.566708451919858817e+03 9.624222529371112556e-01
6.566745557816560904e+03 9.677781617138908610e-01
6.566782663713264810e+03 9.766758811333794421e-01
6.566819769609967807e+03 9.726157567380787627e-01
6.566856875506670804e+03 9.572391154111955514e-01
6.566893881387479269e+03 9.478230822391153776e-01
6.566930987284183175e+03 9.340013821700069441e-01
6.566968093180885262e+03 9.304595715272978573e-01
6.567005199077589168e+03 9.434174153420871178e-01
6.567042304974291255e+03 9.584485141672425268e-01
6.567079310855100630e+03 9.998272287491360988e-01
6.567116416751803627e+03 1.050881133379405696e+00
6.567153522648506623e+03 1.103058051140290319e+00
6.567190528529315998e+03 1.149879060124395336e+00
6.567227634426018994e+03 1.163700760193503880e+00
6.567264740322721991e+03 1.157740152038700732e+00
6.567301746203530456e+03 1.148496890117484348e+00
6.567338852100234362e+03 1.104785763648928887e+00
6.567375957996936449e+03 1.064875604699377920e+00
6.567412963877745824e+03 1.026520387007601842e+00
6.567450069774449730e+03 1.000172771250863901e+00
