6.558096006516613670e+03 9.159594154808244904e-01
6.558133509979865266e+03 9.291047157169293191e-01
6.558171013443118682e+03 9.435262586944036522e-01
6.558208516906370278e+03 9.342096866824070034e-01
6.558245920360387572e+03 9.417395188564865460e-01
6.558283423823640078e+03 9.213196349945759200e-01
6.558320927286892584e+03 9.204262650756174224e-01
6.558358330740908968e+03 9.404632761151170417e-01
6.558395834204162384e+03 9.154489183842766664e-01
6.558433337667414889e+03 9.194052708825218856e-01
6.558470741121431274e+03 9.139174270946334167e-01
6.558508244584683780e+03 8.993682598430221553e-01
6.558545648038701074e+03 8.968157743602833687e-01
6.558583151501952671e+03 8.785655031587007446e-01
6.558620554955969965e+03 8.876268266224235370e-01
6.558658058419223380e+03 8.876268266224235370e-01
6.558695461873240674e+03 8.760130176759619580e-01
6.558732965336492271e+03 8.974538957309680098e-01
6.558770368790509565e+03 8.936251675068598299e-01
6.558807872253762071e+03 9.270627273307383565e-01
6.558845275707778455e+03 9.731350902941739989e-01
6.558882779171030961e+03 1.017165464871418568e+00
6.558920182625048255e+03 1.028141152447195505e+00
6.558957686088299852e+03 1.068087550252057927e+00
6.558995089542317146e+03 1.075234509603726574e+00
6.559032492996334440e+03 1.067959925977921110e+00
6.559069996459587855e+03 1.078807989279561008e+00
6.559107399913604240e+03 1.048050539212558308e+00
6.559144803367620625e+03 1.054687001467679242e+00
6.559182306830874040e+03 1.031587007848892901e+00
6.559219710284891335e+03 1.013591985195584133e+00
6.559257113738908629e+03 9.954693382681385483e-01
6.559294517192924104e+03 9.856422691595941865e-01
6.559332020656177519e+03 9.627975240890817021e-01
6.559369424110194814e+03 9.791334311786101807e-01
6.559406827564212108e+03 9.787505583561993960e-01
6.559444231018228493e+03 9.897262459319762229e-01
6.559481634472244878e+03 1.012060493905940994e+00
6.559519037926262172e+03 1.003892540361176700e+00
6.559556541389515587e+03 1.013719609469721172e+00
6.559593944843532881e+03 1.011422372535256242e+00
6.559631348297548357e+03 1.034267117605768727e+00
6.559668751751565651e+03 1.004785910280135308e+00
6.559706155205582945e+03 9.750494544062280333e-01
6.559743558659600239e+03 9.432710101461297958e-01
6.559780962113617534e+03 9.423776402271711872e-01
6.559818365567634828e+03 9.329334439410376101e-01
6.559855769021651213e+03 9.223406291876714569e-01
6.559893172475668507e+03 9.190223980601109899e-01
6.559930575929685801e+03 9.302533341841617842e-01
6.559967979383703096e+03 9.533533278029481250e-01
6.560005382837720390e+03 9.283389700721077498e-01
6.560042786291736775e+03 9.428881373237190111e-01
6.560080189745754069e+03 9.390594090996107202e-01
6.560117593199770454e+03 9.537362006253589097e-01
6.560154996653787748e+03 9.219577563652606722e-01
6.560192300098569831e+03 9.108544445153468061e-01
6.560229703552587125e+03 9.542466977219067337e-01
6.560267107006604419e+03 9.717312232786675663e-01
6.560304510460620804e+03 9.936825984302214421e-01
6.560341913914638099e+03 1.035160487524727113e+00
6.560379217359419272e+03 1.034139493331631687e+00
6.560416620813436566e+03 1.054814625741816059e+00
6.560454024267453860e+03 1.049326781953927590e+00
6.560491427721471155e+03 1.041796949779848047e+00
6.560528731166252328e+03 1.028013528173058466e+00
6.560566134620269622e+03 1.026864909705826001e+00
6.560603538074286007e+03 1.025588666964456719e+00
6.560640841519068999e+03 1.022780932933443854e+00
6.560678244973085384e+03 1.038223470104013835e+00
6.560715648427102678e+03 1.058898602514198206e+00
6.560752951871883852e+03 1.078552740731287152e+00
6.560790355325901146e+03 1.064641694850360532e+00
6.560827658770683229e+03 1.066300810414140710e+00
6.560865062224700523e+03 1.041031204135026478e+00
6.560902465678717817e+03 1.062599706464169458e+00
6.560939769123498991e+03 1.041796949779848047e+00
6.560977172577516285e+03 1.026992533979963040e+00
6.561014476022298368e+03 1.022908557207580893e+00
6.561051879476314753e+03 1.030693637929934292e+00
6.561089182921095926e+03 1.011677621083530099e+00
6.561126486365878918e+03 1.026226788335141249e+00
6.561163889819895303e+03 1.068598047348605640e+00
6.561201193264676476e+03 1.071150532831344426e+00
6.561238596718693771e+03 1.079828983472656434e+00
6.561275900163475853e+03 1.069236168719290392e+00
6.561313203608257027e+03 1.060812966626252241e+00
6.561350607062274321e+03 1.055707995660774667e+00
6.561387910507056404e+03 1.045753302278093377e+00
6.561425213951837577e+03 1.048943909131516916e+00
6.561462617405854871e+03 1.066556058962414566e+00
6.561499920850636954e+03 1.127815710548146333e+00
6.561537224295418127e+03 1.154233935294493030e+00
6.561574627749435422e+03 1.168783102546104180e+00
6.561611931194217505e+03 1.232722863888711551e+00
6.561649234638998678e+03 1.222002424861208691e+00
6.561686538083780761e+03 1.253397996298896144e+00
6.561723841528561934e+03 1.281220088060749163e+00
6.561761244982579228e+03 1.342607363920617747e+00
6.561798548427361311e+03 1.386510114223725276e+00
6.561835851872142484e+03 1.497798481271137794e+00
6.561873155316924567e+03 1.666390147406036526e+00
6.561910458761706650e+03 1.771424925020739005e+00
6.561947762206487823e+03 1.992853040648331353e+00
6.561985065651269906e+03 2.254099929806649083e+00
6.562022369096051079e+03 2.478208155191117257e+00
6.562059672540833162e+03 2.873843405015633845e+00
6.562096975985614336e+03 3.143896369089400622e+00
6.562134279430396418e+03 3.568757577691276772e+00
6.562171582875178501e+03 3.860506668368323790e+00
6.562208886319959674e+03 4.067385616744305210e+00
6.562246189764742667e+03 4.173313764277965632e+00
6.562283493209523840e+03 4.128517644055899716e+00
6.562320796654305923e+03 4.064577882713291679e+00
6.562358100099087096e+03 3.956735371067577223e+00
6.562395403543869179e+03 3.747431561482994056e+00
6.562432706988650352e+03 3.525237700210579916e+00
6.562470010433432435e+03 3.319890243124242080e+00
6.562507313878214518e+03 3.083019590326080195e+00
6.562544517313760480e+03 2.870652798162210306e+00
6.562581820758541653e+03 2.709463339927254300e+00
6.562619124203323736e+03 2.621530215046901979e+00
6.562656427648104909e+03 2.489694339863441908e+00
6.562693731092886992e+03 2.409546295705442986e+00
6.562730934528433863e+03 2.317529194052708963e+00
6.562768237973215946e+03 2.193733648139876369e+00
6.562805541417997119e+03 2.086656882138982816e+00
6.562842744853543081e+03 2.028204964584264136e+00
6.562880048298325164e+03 1.988896688150086245e+00
6.562917351743107247e+03 1.945887307765937102e+00
6.562954555178653209e+03 1.893816603918065278e+00
6.562991858623434382e+03 1.842384021440877984e+00
6.563029162068216465e+03 1.860889541190734464e+00
6.563066365503763336e+03 1.887307765937081161e+00
6.563103668948545419e+03 1.944738689298704637e+00
6.563140872384091381e+03 2.005870716610299365e+00
6.563178175828872554e+03 2.124178418735243490e+00
6.563215479273654637e+03 2.253972305532512266e+00
6.563252682709200599e+03 2.441835237062089270e+00
6.563289986153982682e+03 2.566524152893880473e+00
6.563327189589529553e+03 2.714695935166868690e+00
6.563364493034310726e+03 2.759492055388935050e+00
6.563401696469857598e+03 2.754004211601046581e+00
6.563438899905403559e+03 2.658030757450066783e+00
6.563476203350184733e+03 2.471316444387722466e+00
6.563513406785732514e+03 2.291238593580498861e+00
6.563550710230513687e+03 2.121498308978367664e+00
6.563587913666059649e+03 1.954182885584838214e+00
6.563625117101606520e+03 1.801544253717056954e+00
6.563662420546387693e+03 1.707740412226405491e+00
6.563699623981933655e+03 1.617510050411588240e+00
6.563736827417480526e+03 1.542594601493203932e+00
6.563774130862262609e+03 1.421479165337247164e+00
6.563811334297808571e+03 1.357667028268776832e+00
6.563848537733354533e+03 1.293216769829621526e+00
6.563885741168902314e+03 1.229787505583562091e+00
6.563923044613683487e+03 1.185884755280454339e+00
6.563960248049229449e+03 1.136749409737732197e+00
6.563997451484776320e+03 1.080594729117478225e+00
6.564034654920322282e+03 1.050092527598749381e+00
6.564071858355869153e+03 1.017165464871418568e+00
6.564109061791415115e+03 9.788781826303363243e-01
6.564146365236197198e+03 9.690511135217918515e-01
6.564183568671743160e+03 9.760704485993235702e-01
6.564220772107289122e+03 9.883223789164699014e-01
6.564257975542835993e+03 9.705826048114351012e-01
6.564295178978381955e+03 1.001595303426711769e+00
6.564332382413928826e+03 9.676472465062855299e-01
6.564369585849475698e+03 9.596069172356582744e-01
6.564406789285021659e+03 9.345925595048177881e-01
6.564443992720567621e+03 9.331886924893114665e-01
6.564481196156113583e+03 9.103439474187990932e-01
6.564518399591661364e+03 9.448025014357730456e-01
6.564555603027207326e+03 9.000063812137067965e-01
6.564592806462753288e+03 8.792036245293854968e-01
6.564630009898299249e+03 8.705251738880734891e-01
6.564667213333846121e+03 8.696318039691148805e-01
6.564704416769392992e+03 8.549550124433666909e-01
6.564741520195702833e+03 8.404058451917554295e-01
6.564778723631250614e+03 8.370876140641949625e-01
6.564815927066796576e+03 7.989279560972496474e-01
6.564853130502342538e+03 8.270052964073766333e-01
6.564890333937889409e+03 8.284091634228830658e-01
6.564927537373435371e+03 8.361942441452364649e-01
6.564964640799746121e+03 8.807351158190287466e-01
6.565001844235292992e+03 8.818837342862612116e-01
6.565039047670839864e+03 9.094505774998404846e-01
6.565076151097149705e+03 9.172356582221938837e-01
6.565113354532697485e+03 9.265522302341905325e-01
6.565150557968243447e+03 9.496522238529768734e-01
6.565187761403789409e+03 9.778571884372407874e-01
6.565224864830101069e+03 9.984046965732882306e-01
6.565262068265647031e+03 1.027503031076510753e+00
6.565299171691957781e+03 1.034905238976453257e+00
6.565336375127504652e+03 1.052006891710803416e+00
6.565373578563050614e+03 1.063748324931401923e+00
6.565410681989361365e+03 1.046901920745325842e+00
6.565447885424908236e+03 1.035160487524727113e+00
6.565484988851218986e+03 1.028524025269606179e+00
6.565522192286764948e+03 1.011039499712845346e+00
6.565559295713076608e+03 9.658605066683683127e-01
6.565596499148622570e+03 9.145555484653180578e-01
6.565633602574934230e+03 8.774168846914682796e-01
6.565670806010480192e+03 8.361942441452364649e-01
6.565707909436790942e+03 8.210069555229404514e-01
6.565745112872337813e+03 8.252185565694595271e-01
6.565782216298648564e+03 8.002041988386191518e-01
6.565819319724960224e+03 8.294301576159786027e-01
6.565856523160506185e+03 8.161572331057367347e-01
6.565893626586816936e+03 8.230489439091315251e-01
6.565930730013128596e+03 8.231765681832684534e-01
6.565967933448674557e+03 8.430859549486312554e-01
6.566005036874986217e+03 8.335141343883606391e-01
6.566042140301296968e+03 8.122008806074915155e-01
6.566079343736842930e+03 8.337693829366344955e-01
6.566116447163154589e+03 8.272605449556506008e-01
6.566153550589465340e+03 8.335141343883606391e-01
6.566190654015777000e+03 8.296854061642524591e-01
6.566227857451322961e+03 8.257290536660072400e-01
6.566264960877634621e+03 8.321102673728543175e-01
6.566302064303944462e+03 8.266224235849658486e-01
6.566339167730256122e+03 8.293025333418415634e-01
6.566376271156566872e+03 8.014804415799885451e-01
6.566413374582878532e+03 8.058196669006445489e-01
6.566450578018424494e+03 8.153914874609150543e-01
6.566487681444735244e+03 8.282815391487461376e-01
6.566524784871046904e+03 8.124561291557653719e-01
6.566561888297357655e+03 8.254738051177333835e-01
6.566598991723668405e+03 8.397677238210707884e-01
6.566636095149979155e+03 8.169229787505583040e-01
6.566673198576290815e+03 8.321102673728543175e-01
6.566710302002601566e+03 8.197307127815710581e-01
6.566747405428913225e+03 8.045434241592750446e-01
6.566784508855223976e+03 8.267500478591027768e-01
6.566821612281534726e+03 8.142428689936825892e-01
6.566858715707845477e+03 8.141152447195456610e-01
6.566895819134157136e+03 8.322378916469912458e-01
6.566932922560467887e+03 8.601876076829813034e-01
6.566969925977543426e+03 8.963052772637355448e-01
6.567007029403854176e+03 9.024312424223087659e-01
6.567044132830165836e+03 9.357411779720502532e-01
6.567081236256476586e+03 9.607555357028907395e-01
6.567118339682788246e+03 9.396975304702954723e-01
6.567155443109098087e+03 9.564163103822347356e-01
6.567192446526174535e+03 9.086848318550188042e-01
6.567229549952486195e+03 8.830323527534936767e-01
6.567266653378796946e+03 8.624848446174462335e-01
6.567303756805107696e+03 8.538063939761342258e-01
6.567340760222183235e+03 8.452555676089592573e-01
6.567377863648494895e+03 8.300682789866632438e-01
6.567414967074805645e+03 8.083721523833833356e-01
6.567451970491881184e+03 8.198583370557079864e-01
