6.558071803540318797e+03 8.644415439119895739e-01
6.558109309007109005e+03 8.422524706321088406e-01
6.558146814473901031e+03 8.406364596929579713e-01
6.558184319940691239e+03 8.539374728075082022e-01
6.558221925422060849e+03 8.952700602896388471e-01
6.558259430888851966e+03 9.356081795015227520e-01
6.558296936355643084e+03 9.449934738019765135e-01
6.558334341807856617e+03 9.439368512648392828e-01
6.558371847274646825e+03 9.526384486294984244e-01
6.558409352741437942e+03 9.512710547579091847e-01
6.558446858208229969e+03 9.518304431599229343e-01
6.558484363675020177e+03 9.599726521225682152e-01
6.558521869141811294e+03 9.632046740008701757e-01
6.558559374608602411e+03 9.625209770650755559e-01
6.558596880075393528e+03 9.552489278388961447e-01
6.558634385542185555e+03 9.563677046429237549e-01
6.558671891008975763e+03 9.421343775250170527e-01
6.558709296461188387e+03 9.345515569643856324e-01
6.558746801927980414e+03 9.347380197650568823e-01
6.558784307394770622e+03 9.266579650693019810e-01
6.558821812861562648e+03 9.322518490894400323e-01
6.558859218313775273e+03 9.293927528124805715e-01
6.558896723780566390e+03 9.302007582820560616e-01
6.558934229247357507e+03 9.448070110013052636e-01
6.558971734714147715e+03 9.484119584809497239e-01
6.559009140166361249e+03 9.704767232270495869e-01
6.559046645633152366e+03 9.768786127167630173e-01
6.559084151099943483e+03 1.007334203493069902e+00
6.559121556552156108e+03 1.038349182671390425e+00
6.559159062018947225e+03 1.071788178258437529e+00
6.559196467471160759e+03 1.098203741686866852e+00
6.559233972937950966e+03 1.099944061159798592e+00
6.559271478404742993e+03 1.096152650879482771e+00
6.559308883856955617e+03 1.078935918950836070e+00
6.559346389323746735e+03 1.051152961650817286e+00
6.559383794775959359e+03 1.035117160793088464e+00
6.559421300242751386e+03 9.980732177263968996e-01
6.559458705694964010e+03 9.935359562433960789e-01
6.559496211161755127e+03 9.755112188451736666e-01
6.559533616613967752e+03 9.675554726831997465e-01
6.559571122080759778e+03 9.718441170986388267e-01
6.559608527532971493e+03 9.799863260612841076e-01
6.559645932985185027e+03 9.928522593076014591e-01
6.559683438451976144e+03 1.018584125800236162e+00
6.559720843904189678e+03 1.035614394928211723e+00
6.559758349370979886e+03 1.041767667350363524e+00
6.559795754823193420e+03 1.039592268009198905e+00
6.559833160275406044e+03 1.023121387283236983e+00
6.559870665742196252e+03 1.000559388402013861e+00
6.559908071194409786e+03 9.748275219093790467e-01
6.559945476646623320e+03 9.490335011498539641e-01
6.559982882098835944e+03 9.449313195350861339e-01
6.560020387565627971e+03 9.385294300453725924e-01
6.560057793017839685e+03 9.344272484306047621e-01
6.560095198470053219e+03 9.426937659270309133e-01
6.560132603922265844e+03 9.448070110013052636e-01
6.560170109389057870e+03 9.574864814469513652e-01
6.560207514841269585e+03 9.548760022375536449e-01
6.560244920293483119e+03 9.550003107713344042e-01
6.560282325745695744e+03 9.531356827646217944e-01
6.560319731197909277e+03 9.548760022375536449e-01
6.560357136650121902e+03 9.668717757474050156e-01
6.560394542102335436e+03 9.803592516626266073e-01
6.560431947554548060e+03 9.994406115979862504e-01
6.560469353006760684e+03 1.030393436509416283e+00
6.560506858473551802e+03 1.052893281123749247e+00
6.560544263925765335e+03 1.075082354403629870e+00
6.560581669377977960e+03 1.091988314997824672e+00
6.560619074830190584e+03 1.089812915656659831e+00
6.560656480282404118e+03 1.096401267947044511e+00
6.560693785720039159e+03 1.093107091801852171e+00
6.560731191172251783e+03 1.070047858785505568e+00
6.560768596624465317e+03 1.057181925539188327e+00
6.560806002076677942e+03 1.045869848965131466e+00
6.560843407528890566e+03 1.045559077630679345e+00
6.560880812981103190e+03 1.046988625769158965e+00
6.560918218433316724e+03 1.039965193610541405e+00
6.560955623885529349e+03 1.045248306296227225e+00
6.560993029337742882e+03 1.040151656411212544e+00
6.561030334775377924e+03 1.042762135620610264e+00
6.561067740227590548e+03 1.038784262539623304e+00
6.561105145679803172e+03 1.036173783330225584e+00
6.561142551132016706e+03 1.020200136739387142e+00
6.561179956584229330e+03 1.022997078749456223e+00
6.561217262021864371e+03 1.020510908073839262e+00
6.561254667474076996e+03 1.015041332587482081e+00
6.561292072926290530e+03 1.001926782273603100e+00
6.561329378363925571e+03 9.927279507738205888e-01
6.561366783816138195e+03 9.810429485984212272e-01
6.561404189268350819e+03 9.617129715955000657e-01
6.561441494705985860e+03 9.402075952514140633e-01
6.561478900158198485e+03 9.287712101435763312e-01
6.561516305610412019e+03 9.261607309341786110e-01
6.561553611048047060e+03 9.449934738019765135e-01
6.561591016500259684e+03 9.585431039840884848e-01
6.561628321937894725e+03 9.783081608552427477e-01
6.561665727390107349e+03 9.911740941015600992e-01
6.561703032827742391e+03 1.022997078749456223e+00
6.561740438279955924e+03 1.045186152029336846e+00
6.561777743717590965e+03 1.072036795325999048e+00
6.561815149169803590e+03 1.086767356579029231e+00
6.561852454607438631e+03 1.100565603828702832e+00
6.561889860059650346e+03 1.089253527254645970e+00
6.561927165497286296e+03 1.085462116974330371e+00
6.561964570949498921e+03 1.073217726396917149e+00
6.562001876387133962e+03 1.055192988998694847e+00
6.562039281839346586e+03 1.060724718751942408e+00
6.562076587276981627e+03 1.078562993349493349e+00
6.562113892714616668e+03 1.115358319348623173e+00
6.562151298166829292e+03 1.166200509664988560e+00
6.562188603604464333e+03 1.196407483373733704e+00
6.562225909042099374e+03 1.250543849835291210e+00
6.562263314494311999e+03 1.302194045621231977e+00
6.562300619931947040e+03 1.355833177947666002e+00
6.562337925369582081e+03 1.418298216172540149e+00
6.562375230807217122e+03 1.478214929454907178e+00
6.562412636259429746e+03 1.538939648206849364e+00
6.562449941697064787e+03 1.593013860401516490e+00
6.562487247134699828e+03 1.625769159052768975e+00
6.562524552572333960e+03 1.647398843930635737e+00
6.562561858009969001e+03 1.633289825346510016e+00
6.562599163447604042e+03 1.608179501522779553e+00
6.562636568899817576e+03 1.522841693082230163e+00
6.562673874337451707e+03 1.460811734725588895e+00
6.562711179775086748e+03 1.404437814655976169e+00
6.562748485212721789e+03 1.364037541177201884e+00
6.562785790650356830e+03 1.320218783019454278e+00
6.562823096087990962e+03 1.291938591584312235e+00
6.562860401525626003e+03 1.249860152899496590e+00
6.562897706963261044e+03 1.225619988812231886e+00
6.562935012400896085e+03 1.194107775498787882e+00
6.562972317838530216e+03 1.156566598296973059e+00
6.563009623276165257e+03 1.130523960469886235e+00
6.563046928713801208e+03 1.107526881720430012e+00
6.563084234151436249e+03 1.082789483498042049e+00
6.563121539589071290e+03 1.068680464913916328e+00
6.563158845026705421e+03 1.065324134501833608e+00
6.563196150464340462e+03 1.058735782211448706e+00
6.563233355887397011e+03 1.066069985704518608e+00
6.563270661325032052e+03 1.072223258126670409e+00
6.563307966762667093e+03 1.081732860960904929e+00
6.563345272200301224e+03 1.079743924420411449e+00
6.563382577637936265e+03 1.098265895953757232e+00
6.563419883075571306e+03 1.089812915656659831e+00
6.563457088498627854e+03 1.083224563366275150e+00
6.563494393936263805e+03 1.115544782149294534e+00
6.563531699373897936e+03 1.119398346696500735e+00
6.563569004811532977e+03 1.127540555659146015e+00
6.563606210234589525e+03 1.125427310584871554e+00
6.563643515672224567e+03 1.125489464851762156e+00
6.563680821109859608e+03 1.118279569892473013e+00
6.563718026532916156e+03 1.100752066629374193e+00
6.563755331970550287e+03 1.083970414568960150e+00
6.563792637408185328e+03 1.079370998819068950e+00
6.563829842831242786e+03 1.064702591832929368e+00
6.563867148268877827e+03 1.057741313941201966e+00
6.563904353691934375e+03 1.057554851140530827e+00
6.563941659129569416e+03 1.041519050282802006e+00
6.563978964567203548e+03 1.045123997762446466e+00
6.564016169990260096e+03 1.033501149853937484e+00
6.564053475427895137e+03 1.016284417925290562e+00
6.564090680850952594e+03 1.015289949655043822e+00
6.564127986288587635e+03 1.026477717695319702e+00
6.564165191711644184e+03 1.003542793212754081e+00
6.564202497149278315e+03 9.805457144632978572e-01
6.564239702572334863e+03 9.730872024364473072e-01
6.564276907995391412e+03 9.606563490583628351e-01
6.564314213433026453e+03 9.581080241158556055e-01
6.564351418856083910e+03 9.546895394368823951e-01
6.564388724293718951e+03 9.476661072782646134e-01
6.564425929716775499e+03 9.364161849710982422e-01
6.564463135139832048e+03 9.264093480017403515e-01
6.564500440577467089e+03 9.206290011809310503e-01
6.564537646000524546e+03 9.349866368326185118e-01
6.564574851423581094e+03 9.384051215115917222e-01
6.564612056846636733e+03 9.430666915283734131e-01
6.564649362284271774e+03 9.475417987444838541e-01
6.564686567707328322e+03 9.396482068494002027e-01
6.564723773130385780e+03 9.324383118901112821e-01
6.564760978553442328e+03 9.267201193361924716e-01
6.564798283991077369e+03 9.257878053328361112e-01
6.564835489414133917e+03 9.218099322518490402e-01
6.564872694837191375e+03 9.178942134377524598e-01
6.564909900260247923e+03 9.048418173907638584e-01
6.564947105683304471e+03 8.918515756106656367e-01
6.564984311106361019e+03 8.641307725775374537e-01
6.565021516529418477e+03 8.294486916526819797e-01
6.565058821967052609e+03 8.111131829200074472e-01
6.565096027390109157e+03 7.987444838088134658e-01
6.565133232813165705e+03 8.209335570886940880e-01
6.565170438236223163e+03 8.137858163962956581e-01
6.565207643659279711e+03 8.415687736963142207e-01
6.565244849082336259e+03 8.934675865498166170e-01
6.565282054505392807e+03 9.485362670147305941e-01
6.565319259928450265e+03 9.913605569022313491e-01
6.565356465351506813e+03 1.039965193610541405e+00
6.565393670774563361e+03 1.071601715457766169e+00
6.565430876197619909e+03 1.112312760270992573e+00
6.565467981606098874e+03 1.155945055628068818e+00
6.565505187029155422e+03 1.186711417738827823e+00
6.565542392452211971e+03 1.206600783143762845e+00
6.565579597875269428e+03 1.207968177015352085e+00
6.565616803298325976e+03 1.187146497607060702e+00
6.565654008721382525e+03 1.154577661756479579e+00
6.565691214144439073e+03 1.117720181490459375e+00
6.565728319552918038e+03 1.059046553545900826e+00
6.565765524975974586e+03 1.010379762570700501e+00
6.565802730399032043e+03 9.599726521225682152e-01
6.565839935822088592e+03 9.302629125489464412e-01
6.565877041230566647e+03 9.075766051339424489e-01
6.565914246653624105e+03 8.991236248368450479e-01
6.565951452076680653e+03 9.022934924482565178e-01
6.565988657499737201e+03 9.049039716576543491e-01
6.566025762908216166e+03 9.086953819379700592e-01
6.566062968331272714e+03 9.145378830256697400e-01
6.566100073739750769e+03 9.216234694511777903e-01
6.566137279162808227e+03 9.190129902417800700e-01
6.566174484585864775e+03 9.371620361737833527e-01
6.566211589994343740e+03 9.440611597986201531e-01
6.566248795417401197e+03 9.493442724843060843e-01
6.566285900825879253e+03 9.580458698489651148e-01
6.566323106248935801e+03 9.584187954503076146e-01
6.566360211657414766e+03 9.479147243458263539e-01
6.566397417080471314e+03 9.498415066194294543e-01
6.566434522488950279e+03 9.474796444775933635e-01
6.566471727912006827e+03 9.480390328796072241e-01
6.566508833320484882e+03 9.484119584809497239e-01
6.566546038743542340e+03 9.425694573932500431e-01
6.566583144152020395e+03 9.473553359438124932e-01
6.566620349575076943e+03 9.467959475417987436e-01
6.566657454983555908e+03 9.490335011498539641e-01
6.566694560392033964e+03 9.439368512648392828e-01
6.566731765815091421e+03 9.531978370315121740e-01
6.566768871223570386e+03 9.600348063894585948e-01
6.566805976632049351e+03 9.546895394368823951e-01
6.566843182055105899e+03 9.457393250046616240e-01
6.566880287463583954e+03 9.445583939337435231e-01
6.566917392872062919e+03 9.415128348561129235e-01
6.566954598295119467e+03 9.315059978867549217e-01
6.566991703703598432e+03 9.329355460252346521e-01
6.567028809112076488e+03 9.503387407545528243e-01
6.567065914520556362e+03 9.693579464230219767e-01
6.567103119943612000e+03 9.973273665237119001e-01
6.567140225352090965e+03 1.046988625769158965e+00
6.567177330760569930e+03 1.093915097271427772e+00
6.567214436169047985e+03 1.123935608179501555e+00
6.567251541577526950e+03 1.116042016284418015e+00
6.567288646986005006e+03 1.112188451737211814e+00
6.567325752394483970e+03 1.098079433153085871e+00
6.567362957817540519e+03 1.068556156380135569e+00
6.567400063226020393e+03 1.030331282242525903e+00
6.567437168634498448e+03 1.007831437628193161e+00
