6.546936496388813794e+03 9.710939446797907104e-01
6.546974502688600296e+03 1.084724644904061730e+00
6.547012508988385889e+03 1.107400946922501905e+00
6.547050515288172392e+03 1.003364066782955311e+00
6.547088521587957985e+03 1.045103413904809431e+00
6.547126527887743578e+03 1.163219536506354457e+00
6.547164534187530080e+03 1.014328432594069351e+00
6.547202540487315673e+03 1.021430351358086241e+00
6.547240546787102176e+03 1.100049838026414095e+00
6.547278553086887769e+03 1.082606528781460353e+00
6.547316559386674271e+03 1.000124595066035349e+00
6.547354565686460774e+03 1.076376775479690906e+00
6.547392471969667895e+03 9.867929230002492336e-01
6.547430478269454397e+03 1.127460752554198864e+00
6.547468484569239990e+03 1.040368801395464837e+00
6.547506490869026493e+03 1.156366807874408265e+00
6.547544397152233614e+03 1.294418141041614678e+00
6.547582403452020117e+03 1.146897582855718856e+00
6.547620409751805710e+03 1.222900573137303715e+00
6.547658416051592212e+03 1.251432843259406846e+00
6.547696322334799333e+03 1.318091203588337867e+00
6.547734328634585836e+03 1.249439322202840819e+00
6.547772334934371429e+03 1.139671069025666617e+00
6.547810241217579460e+03 1.022800897084475524e+00
6.547848247517365962e+03 1.126713182157986548e+00
6.547886153800573084e+03 1.157986543732868245e+00
6.547924160100359586e+03 1.160104659855469622e+00
6.547962166400145179e+03 1.102790929479192661e+00
6.548000072683353210e+03 1.153251931223523652e+00
6.548038078983139712e+03 1.059556441564914131e+00
6.548075985266346834e+03 1.089459257413406323e+00
6.548113991566133336e+03 1.096062795913281818e+00
6.548151897849340457e+03 1.109020682780961886e+00
6.548189904149126960e+03 8.980812359830551150e-01
6.548227810432334991e+03 9.207575380014951794e-01
6.548265716715542112e+03 9.642412160478445182e-01
6.548303723015328615e+03 9.571392972838275170e-01
6.548341629298536645e+03 1.065537004734612436e+00
6.548379635598322238e+03 1.009967605282830805e+00
6.548417541881530269e+03 1.180289060553202152e+00
6.548455448164737390e+03 1.052205332668826321e+00
6.548493454464523893e+03 1.003114876650884613e+00
6.548531360747731924e+03 9.585098430102167999e-01
6.548569267030938136e+03 9.491652130575629620e-01
6.548607273330724638e+03 1.089708447545477243e+00
6.548645179613932669e+03 1.031273361574881697e+00
6.548683085897139790e+03 9.055569399451781631e-01
6.548720992180347821e+03 9.246199850485921079e-01
6.548758998480133414e+03 8.137303762770994320e-01
6.548796904763341445e+03 8.205831049090456242e-01
6.548834811046549476e+03 8.886120109643658171e-01
6.548872717329757506e+03 1.011961126339397055e+00
6.548910623612964628e+03 9.809369548965860552e-01
6.548948529896172658e+03 9.834288562172938120e-01
6.548986536195959161e+03 1.033142287565412376e+00
6.549024442479166282e+03 1.089210067281335625e+00
6.549062348762374313e+03 1.141290804884126597e+00
6.549100255045581434e+03 1.134687266384251103e+00
6.549138161328788556e+03 1.017941689509095360e+00
6.549176067611996586e+03 1.052329927734861670e+00
6.549213973895204617e+03 1.113132319960129513e+00
6.549251880178411739e+03 1.113007724894094164e+00
6.549289786461619769e+03 9.780712683777722516e-01
6.549327692744827800e+03 9.215051083977074953e-01
6.549365599028035831e+03 8.291801644654871462e-01
6.549403505311242952e+03 9.287316222277597344e-01
6.549441411594450983e+03 1.027410914527784769e+00
6.549479317877658104e+03 9.641166209818091692e-01
6.549517224160865226e+03 8.701719411911288393e-01
6.549555030427494785e+03 8.626962372290056802e-01
6.549592936710702816e+03 8.436331921255918465e-01
6.549630842993910846e+03 8.326688263144779167e-01
6.549668749277118877e+03 7.197856964864191021e-01
6.549706655560325999e+03 7.989035634188885737e-01
6.549744461826954648e+03 7.979068028906055599e-01
6.549782368110162679e+03 8.660603040119611018e-01
6.549820274393370710e+03 7.636431597308747099e-01
6.549858180676577831e+03 9.120358833790181974e-01
6.549895986943207390e+03 9.411911288312982959e-01
6.549933893226415421e+03 9.586344380762521489e-01
6.549971799509623452e+03 9.003239471716919518e-01
6.550009705792830573e+03 9.226264639920259691e-01
6.550047512059459223e+03 8.918514826812857788e-01
6.550085418342667253e+03 1.029155245452280099e+00
6.550123324625875284e+03 8.507351108896087366e-01
6.550161130892504843e+03 8.928482432095689036e-01
6.550199037175711965e+03 1.050336406678295642e+00
6.550236843442341524e+03 9.188886120109643896e-01
6.550274749725549555e+03 9.525292798405182726e-01
6.550312555992178204e+03 9.560179416895090432e-01
6.550350462275386235e+03 8.678046349364565426e-01
6.550388268542015794e+03 1.042486917518066214e+00
6.550426174825222915e+03 9.612509344629952546e-01
6.550463981091852474e+03 1.084350859705955683e+00
6.550501887375060505e+03 1.035260403688013975e+00
6.550539693641689155e+03 1.046972339895340109e+00
6.550577599924897186e+03 9.186394218788935806e-01
6.550615406191526745e+03 9.239970097184151410e-01
6.550653312474733866e+03 9.176426613506105667e-01
6.550691118741363425e+03 9.762023423872414618e-01
6.550728925007992075e+03 8.943433840019935355e-01
6.550766831291200106e+03 8.827560428607027498e-01
6.550804637557829665e+03 1.041240966857712502e+00
6.550842443824459224e+03 1.073137303762770944e+00
6.550880350107666345e+03 9.879142785945677074e-01
6.550918156374295904e+03 9.892848243209568793e-01
6.550955962640924554e+03 9.947670072265137886e-01
6.550993768907554113e+03 1.057189135310241612e+00
6.551031675190762144e+03 1.011338151009220088e+00
6.551069481457391703e+03 8.559681036630949480e-01
6.551107287724021262e+03 7.896835285322700848e-01
6.551145093990649912e+03 6.958634438076252149e-01
6.551182900257279471e+03 8.681784201345627006e-01
6.551220806540486592e+03 7.668826314477946715e-01
6.551258612807116151e+03 8.260652878146025335e-01
6.551296419073745710e+03 8.218290555693994470e-01
6.551334225340374360e+03 8.595813605781210676e-01
6.551372031607003919e+03 9.657363568402691500e-01
6.551409837873633478e+03 8.202093197109394662e-01
6.551447644140263037e+03 8.994517817094442869e-01
6.551485450406891687e+03 8.299277348616994621e-01
6.551523256673521246e+03 9.826812858210814960e-01
6.551561062940150805e+03 8.015200598056316794e-01
6.551598869206780364e+03 8.289309743334164482e-01
6.551636675473409923e+03 9.175180662845751067e-01
6.551674481740038573e+03 8.010216795414901725e-01
6.551712288006667222e+03 8.276850236730625143e-01
6.551750094273296781e+03 8.928482432095689036e-01
6.551787900539926341e+03 9.292300024919013524e-01
6.551825706806554990e+03 8.989534014453027799e-01
6.551863513073184549e+03 9.019436830301520436e-01
6.551901219323235637e+03 9.172688761525044088e-01
6.551939025589865196e+03 9.448043857463244155e-01
6.551976831856493845e+03 9.530276601046598905e-01
6.552014638123123405e+03 9.106653376526289145e-01
6.552052444389752964e+03 8.837528033889857637e-01
6.552090150639804051e+03 9.773236979815599357e-01
6.552127956906432701e+03 9.603787690007475897e-01
6.552165763173062260e+03 9.449289808123598755e-01
6.552203569439691819e+03 8.786444056815350123e-01
6.552241275689742906e+03 9.605033640667829387e-01
6.552279081956371556e+03 9.894094193869922282e-01
6.552316888223001115e+03 9.161475205581859349e-01
6.552354594473052202e+03 9.247445801146274569e-01
6.552392400739681761e+03 8.305507101918764290e-01
6.552430207006310411e+03 8.741589833042611168e-01
6.552467913256361498e+03 9.885372539247445633e-01
6.552505719522991058e+03 8.878644405681535012e-01
6.552543425773041236e+03 9.193869922751058965e-01
6.552581232039670795e+03 9.338400199352105968e-01
6.552618938289721882e+03 9.816845252927983712e-01
6.552656744556351441e+03 1.003987042113132278e+00
6.552694550822980091e+03 9.256167455768751218e-01
6.552732257073031178e+03 9.502865686518814359e-01
6.552769963323083175e+03 9.257413406429105818e-01
6.552807769589711825e+03 1.054448043857463269e+00
6.552845475839762912e+03 1.122103164714677304e+00
6.552883282106392471e+03 1.081983553451283386e+00
6.552920988356442649e+03 1.130824819337154175e+00
6.552958794623072208e+03 1.124719661101420298e+00
6.552996500873123296e+03 1.063294293545975489e+00
6.553034207123174383e+03 9.982556690755045592e-01
6.553072013389803033e+03 1.058684276102666244e+00
6.553109719639854120e+03 1.063543483678046409e+00
6.553147425889905207e+03 9.986294542736107172e-01
6.553185232156533857e+03 9.775728881136307447e-01
6.553222938406584944e+03 9.135310241714428292e-01
6.553260644656636032e+03 1.146399202591577460e+00
6.553298350906687119e+03 1.000996760528283014e+00
6.553336157173316678e+03 1.127959132818340482e+00
6.553373863423367766e+03 1.110640418639421867e+00
6.553411569673417944e+03 1.065163219536506389e+00
6.553449275923469031e+03 1.000000000000000000e+00
6.553486982173520119e+03 1.007724894094193857e+00
6.553524788440148768e+03 1.031148766508846348e+00
6.553562494690199856e+03 1.006852728631946192e+00
6.553600200940250943e+03 1.035883379018190942e+00
6.553637907190302030e+03 8.939695988038873775e-01
6.553675613440353118e+03 9.106653376526289145e-01
6.553713319690404205e+03 8.567156740593072639e-01
6.553751025940454383e+03 9.269872913032644046e-01
6.553788732190505470e+03 9.355843508597059266e-01
6.553826438440556558e+03 8.863692997757288694e-01
6.553864144690607645e+03 1.011462746075255437e+00
6.553901850940658733e+03 1.016944928980812346e+00
6.553939557190709820e+03 9.251183653127336148e-01
6.553977263440759998e+03 9.560179416895090432e-01
6.554014969690811085e+03 9.058061300772489721e-01
6.554052675940861263e+03 9.462995265387490473e-01
6.554090382190912351e+03 9.987540493396461772e-01
6.554128088440964348e+03 9.273610765013705626e-01
6.554165794691014526e+03 1.087839521554946343e+00
6.554203400924487141e+03 9.922751059058061429e-01
6.554241107174538229e+03 1.010964365811113819e+00
6.554278813424588407e+03 1.070022427111886332e+00
6.554316519674640404e+03 1.097682531771741798e+00
6.554354225924691491e+03 9.919013207076999850e-01
6.554391832158163197e+03 9.489160229254921530e-01
6.554429538408214285e+03 1.062795913281834093e+00
6.554467244658264462e+03 1.009344629952653838e+00
6.554504950908316459e+03 1.030899576376775428e+00
6.554542557141789075e+03 1.094816845252927884e+00
6.554580263391839253e+03 1.096810366309494134e+00
6.554617969641890340e+03 1.071517567904310964e+00
6.554655575875362956e+03 1.094318464988786488e+00
6.554693282125414044e+03 1.199725890854722143e+00
6.554730988375465131e+03 1.269997508098679395e+00
6.554768594608936837e+03 1.201844006977323742e+00
6.554806300858988834e+03 1.208945925741340632e+00
6.554843907092460540e+03 1.214178918514826844e+00
6.554881613342511628e+03 1.153501121355594350e+00
6.554919219575983334e+03 1.294168950909543980e+00
6.554956925826035331e+03 1.160727635185646589e+00
6.554994532059507947e+03 1.069897832045850983e+00
6.555032238309558124e+03 9.541490156989783644e-01
6.555069844543030740e+03 9.808123598305507063e-01
6.555107550793081828e+03 1.120981809120358941e+00
6.555145157026554443e+03 9.704709693496137435e-01
6.555182863276605531e+03 1.020682780961873926e+00
6.555220469510078146e+03 1.117617742337403408e+00
6.555258175760129234e+03 1.010216795414901503e+00
6.555295781993600940e+03 1.044231248442561766e+00
6.555333388227073556e+03 9.725890854722153422e-01
6.555371094477125553e+03 8.588337901819087516e-01
6.555408700710597259e+03 1.070645402442063299e+00
6.555446306944069875e+03 9.927734861699476498e-01
6.555484013194120962e+03 8.862447047096935204e-01
6.555521619427593578e+03 1.036132569150261640e+00
6.555559225661065284e+03 8.332918016446548837e-01
6.555596831894538809e+03 1.053202093197109335e+00
6.555634538144588987e+03 1.046598554697234063e+00
6.555672144378061603e+03 1.253426364315973096e+00
6.555709750611534218e+03 1.214054323448791495e+00
6.555747356845006834e+03 1.117866932469474106e+00
6.555784963078478540e+03 1.073386493894841864e+00
6.555822569311952066e+03 9.658609519063044990e-01
6.555860275562003153e+03 1.022427111886369255e+00
6.555897881795474859e+03 9.586344380762521489e-01
6.555935488028948384e+03 9.681036630949414468e-01
6.555973094262420091e+03 9.940194368303014727e-01
6.556010700495892706e+03 1.067779715923249384e+00
6.556048306729365322e+03 1.073261898828806293e+00
6.556085912962837938e+03 1.022676302018440175e+00
6.556123519196310554e+03 1.227136805382506912e+00
6.556161125429783169e+03 1.146274607525541889e+00
6.556198731663254875e+03 1.232369798155993124e+00
6.556236337896728401e+03 1.192873162222775951e+00
6.556273944130200107e+03 1.163094941440318886e+00
6.556311550363672723e+03 1.132942935459755773e+00
6.556349156597145338e+03 1.068901071517567969e+00
6.556386762830617954e+03 1.191004236232245272e+00
6.556424269047512098e+03 1.068651881385497049e+00
6.556461875280984714e+03 1.242461998504859277e+00
6.556499481514457329e+03 1.108023922252678872e+00
6.556537087747929945e+03 1.115125841016695762e+00
6.556574693981401651e+03 1.065537004734612436e+00
6.556612300214875177e+03 1.202093197109394440e+00
6.556649806431768411e+03 1.148517318714178836e+00
6.556687412665241936e+03 1.252305008721654733e+00
6.556725018898713643e+03 1.085223025168203348e+00
6.556762625132186258e+03 1.069897832045850983e+00
6.556800131349080402e+03 1.011836531273361484e+00
6.556837737582553018e+03 1.028532270122103132e+00
6.556875343816025634e+03 1.027660104659855467e+00
6.556912850032919778e+03 1.095315225517069502e+00
6.556950456266392393e+03 9.941440318963369327e-01
6.556988062499865009e+03 1.053949663593321651e+00
6.557025568716759153e+03 1.045228008970844780e+00
6.557063174950231769e+03 1.006229753301769225e+00
6.557100781183703475e+03 1.009095439820583140e+00
6.557138287400598529e+03 1.015325193122352365e+00
6.557175893634070235e+03 1.071642162970346313e+00
6.557213399850965288e+03 1.030152005980563112e+00
6.557251006084436995e+03 9.362073261898828935e-01
6.557288512301331139e+03 9.867929230002492336e-01
6.557326118534803754e+03 1.072888113630700246e+00
6.557363624751697898e+03 1.112010964365811150e+00
6.557401230985170514e+03 1.025043608273112472e+00
6.557438737202064658e+03 1.002242711188636948e+00
6.557476243418959712e+03 1.314851731871417906e+00
6.557513849652431418e+03 1.416895090954398251e+00
6.557551355869326471e+03 1.492898081235983110e+00
6.557588962102798178e+03 1.211064041863942231e+00
6.557626468319691412e+03 1.237353600797408415e+00
6.557663974536586466e+03 1.124096685771243553e+00
6.557701580770058172e+03 1.160229254921505193e+00
6.557739086986953225e+03 1.186020433590829759e+00
6.557776593203847369e+03 1.194368303015200583e+00
6.557814199437319985e+03 1.063169698479940140e+00
6.557851705654214129e+03 1.188761525043608325e+00
6.557889211871107364e+03 1.016944928980812346e+00
6.557926718088002417e+03 1.162347371044106570e+00
6.557964224304895652e+03 1.083354099177672669e+00
6.558001830538369177e+03 1.023548467480687840e+00
6.558039336755262411e+03 1.139048093695489650e+00
6.558076842972157465e+03 1.185646648392723712e+00
6.558114349189051609e+03 1.012334911537503102e+00
6.558151855405944843e+03 1.038250685272863238e+00
6.558189361622839897e+03 1.017069524046847695e+00
6.558226867839733131e+03 1.015574383254423063e+00
6.558264474073206657e+03 9.722153002741091843e-01
6.558301980290099891e+03 9.329678544729628209e-01
6.558339486506994035e+03 1.056690755046100216e+00
6.558376992723889089e+03 9.874158983304260895e-01
6.558414498940782323e+03 1.033391477697483074e+00
6.558452005157677377e+03 1.068278096187391002e+00
6.558489511374570611e+03 9.101669573884874076e-01
6.558527017591464755e+03 1.094567655120857186e+00
6.558564523808359809e+03 1.138300523299277334e+00
6.558601930008674572e+03 1.164963867430849787e+00
6.558639436225569625e+03 9.948916022925492486e-01
6.558676942442463769e+03 8.281834039372041323e-01
6.558714448659357004e+03 1.068028906055320304e+00
6.558751954876252057e+03 1.020433590829803228e+00
6.558789461093145292e+03 9.536506354348367465e-01
6.558826967310039436e+03 9.353351607276352286e-01
6.558864373510356018e+03 9.623722900573137284e-01
6.558901879727249252e+03 1.060553202093197145e+00
6.558939385944144306e+03 1.065661599800647785e+00
6.558976892161038450e+03 1.113630700224271131e+00
6.559014398377931684e+03 1.109394467979067933e+00
6.559051804578248266e+03 1.164839272364814438e+00
6.559089310795142410e+03 1.243583354099177640e+00
6.559126817012035644e+03 1.201844006977323742e+00
6.559164223212352226e+03 1.382880637926738210e+00
6.559201729429246370e+03 1.247944181410416187e+00
6.559239235646139605e+03 1.326937453276850309e+00
6.559276641846456187e+03 1.170072265138300427e+00
6.559314148063350331e+03 1.219661101420383753e+00
6.559351654280243565e+03 1.250809867929230101e+00
6.559389060480560147e+03 1.240094692250186981e+00
6.559426566697454291e+03 1.266758036381759212e+00
6.559463972897769963e+03 1.170944430600548314e+00
6.559501479114664107e+03 1.105905806130077274e+00
6.559538885314979780e+03 1.041739347121853898e+00
6.559576391531873924e+03 1.161350610515823556e+00
6.559613797732189596e+03 1.164590082232743518e+00
6.559651303949083740e+03 1.199975080986792841e+00
6.559688710149399412e+03 1.295788686768003961e+00
6.559726216366293556e+03 1.302890605532020851e+00
6.559763622566609229e+03 1.152379765761275765e+00
6.559801028766924901e+03 1.223523548467480682e+00
6.559838534983819955e+03 1.208198355345128316e+00
6.559875941184134717e+03 1.117617742337403408e+00
6.559913447401028861e+03 1.142162970346374262e+00
6.559950853601345443e+03 1.004485422377273895e+00
6.559988259801661115e+03 1.133690505855968089e+00
6.560025766018554350e+03 1.122975330176924968e+00
6.560063172218870932e+03 1.007724894094193857e+00
6.560100578419186604e+03 1.055320209319710933e+00
6.560137984619502276e+03 1.024794418141041552e+00
6.560175490836396420e+03 1.172190381260902026e+00
6.560212897036712093e+03 1.058808871168701815e+00
6.560250303237027765e+03 1.070769997508098648e+00
6.560287709437343437e+03 1.083727884375778716e+00
6.560325115637660019e+03 1.004983802641415291e+00
6.560362621854553254e+03 1.025168203339147821e+00
6.560400028054868926e+03 1.062920508347869442e+00
6.560437434255185508e+03 1.146523797657612809e+00
6.560474840455501180e+03 1.185895838524794410e+00
6.560512246655816853e+03 1.231373037627709888e+00
6.560549652856131615e+03 1.231373037627709888e+00
6.560587059056448197e+03 1.192623972090705253e+00
6.560624465256763870e+03 1.199601295788686794e+00
6.560661871457079542e+03 1.124968851233491218e+00
6.560699277657395214e+03 1.228507351108896195e+00
6.560736683857711796e+03 1.172439571392972946e+00
6.560774090058026559e+03 1.129952653874906510e+00
6.560811496258342231e+03 1.166957388487415814e+00
6.560848902458657903e+03 1.268003987042113145e+00
6.560886308658974485e+03 1.270371293296785442e+00
6.560923714859290158e+03 1.222900573137303715e+00
6.560961121059604920e+03 1.221654622476950003e+00
6.560998527259921502e+03 1.154248691751806666e+00
6.561035933460237175e+03 1.160104659855469622e+00
6.561073239643974375e+03 1.068651881385497049e+00
6.561110645844290048e+03 1.138425118365312683e+00
6.561148052044605720e+03 1.237976576127585382e+00
6.561185458244922302e+03 1.153127336157488081e+00
6.561222864445237065e+03 1.062795913281834093e+00
6.561260170628974265e+03 1.057562920508347881e+00
6.561297576829289937e+03 1.168950909543982064e+00
6.561334983029606519e+03 1.232868178420134520e+00
6.561372389229922192e+03 1.305008721654622450e+00
6.561409695413659392e+03 1.169449289808123682e+00
6.561447101613975065e+03 1.186145028656865108e+00
6.561484507814291646e+03 1.219536506354348404e+00
6.561521813998028847e+03 1.112260154497881848e+00
6.561559220198344519e+03 1.230750062297532921e+00
6.561596526382081720e+03 1.017817094443060011e+00
6.561633932582396483e+03 1.022925492150510873e+00
6.561671338782713065e+03 1.204709693496137657e+00
6.561708644966450265e+03 1.258285571891353039e+00
6.561746051166765938e+03 1.286942437079491741e+00
6.561783357350503138e+03 1.312359830550710260e+00
6.561820763550819720e+03 1.281709444306005530e+00
6.561858069734556921e+03 1.368552205332668859e+00
6.561895475934872593e+03 1.576625965611761826e+00
6.561932782118609794e+03 1.406553700473461177e+00
6.561970188318925466e+03 1.420383752803388910e+00
6.562007494502663576e+03 1.507226513830052239e+00
6.562044900702979248e+03 1.454024420632942904e+00
6.562082206886716449e+03 1.478694243707949108e+00
6.562119513070453650e+03 1.535384998754049324e+00
6.562156919270768412e+03 1.575753800149514161e+00
6.562194225454505613e+03 1.433341639671068979e+00
6.562231531638244633e+03 1.492898081235983110e+00
6.562268937838559395e+03 1.500872165462247665e+00
6.562306244022296596e+03 1.317468228258160901e+00
6.562343550206033797e+03 1.325566907550461027e+00
6.562380956406349469e+03 1.243957139297283909e+00
6.562418262590087579e+03 1.347744829304759584e+00
6.562455568773824780e+03 1.278594567655120917e+00
6.562492874957561980e+03 1.246573635684026904e+00
6.562530281157877653e+03 1.116870171941191092e+00
6.562567587341614853e+03 1.122850735110889620e+00
6.562604893525352054e+03 1.058684276102666244e+00
6.562642199709090164e+03 9.956391726887615645e-01
6.562679505892827365e+03 9.553949663593321873e-01
6.562716812076564565e+03 8.757787191627212087e-01
6.562754118260301766e+03 9.340892100672812948e-01
6.562791424444039876e+03 7.065786194866683356e-01
6.562828830644354639e+03 6.738101171193621175e-01
6.562866136828092749e+03 6.986045352604036696e-01
6.562903443011829950e+03 7.247694991278345045e-01
6.562940749195567150e+03 6.376775479691004778e-01
6.562978055379305260e+03 7.802143035135808979e-01
6.563015361563042461e+03 6.856466483927236011e-01
6.563052667746779662e+03 7.452030899576377321e-01
6.563089973930516862e+03 8.113630700224271353e-01
6.563127280114254972e+03 8.261898828806378825e-01
6.563164486281413701e+03 8.148517318714179059e-01
6.563201792465150902e+03 8.579616247196610868e-01
6.563239098648888103e+03 9.978818838773984012e-01
6.563276404832625303e+03 9.838026414153999699e-01
6.563313711016362504e+03 1.085472215300274046e+00
6.563351017200099704e+03 1.049962621480189373e+00
6.563388323383836905e+03 1.163219536506354457e+00
6.563425629567575015e+03 1.119362073261898738e+00
6.563462835734734654e+03 1.075878395215549510e+00
6.563500141918471854e+03 1.112135559431846499e+00
6.563537448102209055e+03 1.324819337154248711e+00
6.563574754285946256e+03 1.198355345128332861e+00
6.563611960453104984e+03 1.251308248193371497e+00
6.563649266636842185e+03 1.384749563917268889e+00
6.563686572820579386e+03 1.304011961126339436e+00
6.563723778987738115e+03 1.342262646399202675e+00
6.563761085171475315e+03 1.216297034637428442e+00
6.563798391355213425e+03 1.350610515823573277e+00
6.563835597522373064e+03 1.323822576625965697e+00
6.563872903706110264e+03 1.172065786194866677e+00
6.563910209889847465e+03 1.274109145277847022e+00
6.563947416057006194e+03 1.173685522053326657e+00
6.563984722240743395e+03 9.805631696984798973e-01
6.564021928407902124e+03 1.102915524545228010e+00
6.564059234591639324e+03 1.008347869424370824e+00
6.564096440758798963e+03 1.140169449289808234e+00
6.564133746942536163e+03 9.282332419636182275e-01
6.564170953109694892e+03 1.049962621480189373e+00
6.564208259293432093e+03 9.851731871417891417e-01
6.564245465460590822e+03 8.107400946922501683e-01
6.564282771644328932e+03 9.418141041614751519e-01
6.564319977811488570e+03 9.395713929728383151e-01
6.564357183978647299e+03 1.071143782706204917e+00
6.564394490162384500e+03 1.013954647395963082e+00
6.564431696329543229e+03 9.816845252927983712e-01
6.564469002513280429e+03 1.016321953650635379e+00
6.564506208680439158e+03 9.930226763020184588e-01
6.564543414847598797e+03 9.961375529529030715e-01
6.564580621014757526e+03 1.010964365811113819e+00
6.564617927198494726e+03 8.808871168701719601e-01
6.564655133365653455e+03 8.874906553700473433e-01
6.564692339532813094e+03 1.016571143782706299e+00
6.564729645716550294e+03 9.220034886618490022e-01
6.564766851883709023e+03 9.257413406429105818e-01
6.564804058050867752e+03 9.401943683030151711e-01
6.564841264218026481e+03 9.425616745576874678e-01
6.564878470385186120e+03 8.463742835783703011e-01
6.564915676552344848e+03 9.278594567655120695e-01
6.564952982736082959e+03 8.602043359082980345e-01
6.564990188903241688e+03 8.107400946922501683e-01
6.565027395070401326e+03 1.041739347121853898e+00
6.565064601237560055e+03 9.632444555195613933e-01
6.565101807404718784e+03 9.161475205581859349e-01
6.565139013571877513e+03 9.557687515574383452e-01
6.565176219739037151e+03 8.567156740593072639e-01
6.565213425906195880e+03 8.600797408422626855e-01
6.565250632073354609e+03 8.808871168701719601e-01
6.565287838240513338e+03 9.197607774732120545e-01
6.565325044407672976e+03 9.916521305756291760e-01
6.565362250574831705e+03 1.020682780961873926e+00
6.565399456741990434e+03 1.062172937951657126e+00
6.565436662909150073e+03 9.960129578868677225e-01
6.565473869076308802e+03 1.161226015449788207e+00
6.565511075243467531e+03 1.201844006977323742e+00
6.565548281410626259e+03 1.249314727136805470e+00
6.565585387561207426e+03 1.138798903563418952e+00
6.565622593728366155e+03 1.172190381260902026e+00
6.565659799895524884e+03 1.124470470969349600e+00
6.565697006062684522e+03 9.982556690755045592e-01
6.565734212229843251e+03 1.023050087216546222e+00
6.565771318380423509e+03 8.745327685023672748e-01
6.565808524547583147e+03 8.609519063045103504e-01
6.565845730714741876e+03 9.505357587839521338e-01
6.565882936881900605e+03 9.249937702466982659e-01
6.565920043032481772e+03 7.165462247694991405e-01
6.565957249199640501e+03 6.992275105905806365e-01
6.565994455366799230e+03 7.977822078245700999e-01
6.566031561517379487e+03 9.481684525292798371e-01
6.566068767684538216e+03 9.485422377273859951e-01
6.566105973851697854e+03 9.049339646150011962e-01
6.566143080002278111e+03 1.014826812858210747e+00
6.566180286169436840e+03 9.021928731622227415e-01
6.566217492336595569e+03 8.816346872663842760e-01
6.566254598487176736e+03 7.865686518813854722e-01
6.566291804654335465e+03 8.742835783702965768e-01
6.566328910804915722e+03 9.218788935958136532e-01
6.566366116972075361e+03 9.005731373037627607e-01
6.566403223122655618e+03 1.002616496386742995e+00
6.566440429289814347e+03 1.012210316471467753e+00
6.566477535440395513e+03 9.384500373785198413e-01
6.566514741607554242e+03 8.506105158235733876e-01
6.566551847758135409e+03 8.526040368801395264e-01
6.566588953908715666e+03 8.927236481435335547e-01
6.566626160075875305e+03 8.197109394467979593e-01
6.566663266226455562e+03 8.881136307002243102e-01
6.566700472393614291e+03 8.937204086718165685e-01
6.566737578544195458e+03 8.415150760029902477e-01
6.566774684694775715e+03 8.334163967106902327e-01
6.566811890861935353e+03 1.042113132319960167e+00
6.566848997012514701e+03 8.231996012957887299e-01
6.566886103163094958e+03 8.732868178420134520e-01
6.566923209313676125e+03 9.153999501619736190e-01
6.566960415480834854e+03 8.219536506354347960e-01
6.566997521631416021e+03 9.146523797657613031e-01
6.567034627781996278e+03 8.574632444555195798e-01
6.567071733932577445e+03 7.680039870421131454e-01
6.567108940099736174e+03 8.283079990032394813e-01
6.567146046250316431e+03 8.897333665586842910e-01
6.567183152400897598e+03 1.069274856715674016e+00
6.567220258551477855e+03 1.097059556441564832e+00
6.567257364702058112e+03 1.105905806130077274e+00
6.567294470852638369e+03 1.078619486668327854e+00
6.567331577003219536e+03 9.363319212559182425e-01
6.567368683153799793e+03 9.679790680289060978e-01
6.567405789304380960e+03 1.009344629952653838e+00
6.567442995471539689e+03 9.695988038873660786e-01
6.567480101622120856e+03 9.306005482182905242e-01
6.567517207772701113e+03 8.540991776725641582e-01
6.567554313923282280e+03 8.319212559182656008e-01
6.567591320057283156e+03 8.615748816346873173e-01
6.567628426207864322e+03 9.348367804634936107e-01
6.567665532358444580e+03 9.548965860951906803e-01
6.567702638509025746e+03 7.368552205332669081e-01
6.567739744659606004e+03 7.889359581360577689e-01
6.567776850810187170e+03 9.132818340393720202e-01
6.567813956960767428e+03 8.531024171442810333e-01
6.567851063111348594e+03 8.599551457762272255e-01
6.567888169261928851e+03 9.770745078494891267e-01
6.567925275412509109e+03 9.591328183403937668e-01
6.567962281546510894e+03 8.536007974084226513e-01
6.567999387697092061e+03 9.380762521804136833e-01
6.568036493847672318e+03 8.653127336157487859e-01
6.568073599998253485e+03 8.020184400697731864e-01
6.568110606132256180e+03 9.333416396710689789e-01
6.568147712282836437e+03 9.372040867181659074e-01
6.568184818433416694e+03 8.828806379267380988e-01
6.568221924583996952e+03 9.527784699725890816e-01
6.568258930717999647e+03 8.729130326439072940e-01
6.568296036868579904e+03 9.049339646150011962e-01
6.568333143019161071e+03 9.646150012459506762e-01
6.568370149153163766e+03 9.385746324445551902e-01
6.568407255303743113e+03 1.383379018190879606e+00
6.568444261437745809e+03 1.011462746075255437e+00
6.568481367588326066e+03 1.167081983553451385e+00
6.568518473738907232e+03 1.092075753800149540e+00
6.568555479872909018e+03 1.036007974084226291e+00
6.568592586023490185e+03 1.045726389234986398e+00
6.568629592157491970e+03 9.291054074258658924e-01
6.568666698308072228e+03 9.646150012459506762e-01
6.568703704442074923e+03 9.725890854722153422e-01
6.568740810592655180e+03 1.016197358584600030e+00
6.568777816726657875e+03 1.054074258659357000e+00
6.568814822860660570e+03 1.033266882631447725e+00
6.568851929011239918e+03 9.733366558684276582e-01
6.568888935145242613e+03 1.004236232245203198e+00
6.568926041295822870e+03 9.476700722651383302e-01
6.568963047429825565e+03 1.114876650884625064e+00
6.569000053563828260e+03 9.724644904061798822e-01
6.569037159714407608e+03 1.023797657612758538e+00
6.569074165848410303e+03 1.023050087216546222e+00
6.569111171982412998e+03 8.923498629454273967e-01
6.569148278132993255e+03 8.771492648891103805e-01
6.569185284266995950e+03 8.285571891353102902e-01
6.569222290400997736e+03 8.164714677298778867e-01
6.569259296534999521e+03 8.815100922003488160e-01
6.569296402685580688e+03 9.864191378021430756e-01
6.569333408819583383e+03 8.994517817094442869e-01
6.569370414953585168e+03 8.837528033889857637e-01
6.569407421087586954e+03 8.759033142287565576e-01
6.569444427221589649e+03 7.093197109394467903e-01
6.569481433355591435e+03 8.527286319461749864e-01
6.569518539506172601e+03 9.040617991527535313e-01
6.569555545640175296e+03 8.208322950411163221e-01
6.569592551774176172e+03 9.333416396710689789e-01
6.569629557908178867e+03 7.475703962123100288e-01
6.569666564042181562e+03 8.952155494642412004e-01
6.569703570176183348e+03 8.692997757288811744e-01
6.569740576310185133e+03 1.003987042113132278e+00
6.569777582444187829e+03 9.836780463493645099e-01
6.569814588578190524e+03 1.005357587839521560e+00
6.569851594712192309e+03 1.028283079990032434e+00
6.569888600846194095e+03 1.066782955394966370e+00
6.569925606980196790e+03 1.055320209319710933e+00
6.569962613114198575e+03 1.004360827311238546e+00
6.569999619248201270e+03 1.063668078744081757e+00
6.570036625382203056e+03 9.803139795664091993e-01
6.570073531499627279e+03 1.066782955394966370e+00
6.570110537633629974e+03 8.840019935210565727e-01
6.570147543767631760e+03 9.212559182656366863e-01
6.570184549901633545e+03 1.023299277348616920e+00
6.570221556035636240e+03 9.388238225766259992e-01
6.570258562169638026e+03 9.525292798405182726e-01
6.570295468287062249e+03 8.075006229753302067e-01
6.570332474421064035e+03 1.011587341141290786e+00
6.570369480555066730e+03 9.970097184151507363e-01
6.570406486689068515e+03 1.099925242960378746e+00
6.570443392806491829e+03 1.005232992773486211e+00
6.570480398940494524e+03 1.055195614253675584e+00
6.570517405074497219e+03 1.037253924744580225e+00
6.570554311191921443e+03 9.831796660852230030e-01
6.570591317325922319e+03 1.000000000000000000e+00
6.570628323459925014e+03 1.044729628706703162e+00
6.570665229577349237e+03 9.116620981809120394e-01
6.570702235711351932e+03 8.712932967854473132e-01
6.570739141828775246e+03 8.735360079740842609e-01
6.570776147962777031e+03 8.721654622476949781e-01
6.570813054080201255e+03 9.066782955394966370e-01
6.570850060214203040e+03 9.525292798405182726e-01
6.570887066348205735e+03 1.067405930725143337e+00
6.570923972465629959e+03 9.165213057562920929e-01
6.570960978599630835e+03 1.046473959631198714e+00
6.570997884717055058e+03 1.018190879641166280e+00
6.571034790834479281e+03 1.019063045103413945e+00
6.571071796968481976e+03 9.471716920009967122e-01
6.571108703085905290e+03 1.042237727385995516e+00
6.571145709219907985e+03 9.196361824071767055e-01
6.571182615337332209e+03 9.996262148018938420e-01
6.571219521454755522e+03 8.604535260403688435e-01
6.571256527588757308e+03 8.953401445302765493e-01
6.571293433706181531e+03 8.766508846249688736e-01
6.571330339823604845e+03 8.011462746075255215e-01
6.571367345957607540e+03 8.311736855220532849e-01
6.571404252075031764e+03 8.388985796162471420e-01
6.571441158192455077e+03 8.847495639172688886e-01
6.571478164326456863e+03 9.638674308497383603e-01
6.571515070443881086e+03 9.647395963119860252e-01
6.571551976561304400e+03 8.609519063045103504e-01
6.571588882678728623e+03 9.177672564166459157e-01
6.571625788796152847e+03 9.377024669823075254e-01
6.571662794930154632e+03 8.091203588337901875e-01
6.571699701047578856e+03 8.261898828806378825e-01
6.571736607165003079e+03 9.003239471716919518e-01
6.571773513282426393e+03 9.572638923498629770e-01
6.571810419399850616e+03 9.324694742088213140e-01
6.571847325517273930e+03 9.773236979815599357e-01
6.571884231634697244e+03 1.028532270122103132e+00
6.571921137752121467e+03 9.555195614253675362e-01
6.571958043869544781e+03 1.031148766508846348e+00
6.571994949986969004e+03 1.142162970346374262e+00
6.572031856104393228e+03 1.165213057562920485e+00
6.572068762221816542e+03 1.148891103912285105e+00
6.572105668339240765e+03 1.069897832045850983e+00
6.572142574456664988e+03 1.088213306753052612e+00
6.572179480574088302e+03 1.081734363319212466e+00
6.572216386691512525e+03 1.046224769499127794e+00
6.572253292808935839e+03 1.089833042611512592e+00
6.572290198926360063e+03 1.044231248442561766e+00
6.572327105043784286e+03 1.054697233989533967e+00
6.572364011161207600e+03 9.849239970097184438e-01
6.572400917278631823e+03 9.102915524545227566e-01
6.572437723379477575e+03 9.798155993022675814e-01
6.572474629496900889e+03 9.420632942935459608e-01
6.572511535614325112e+03 9.373286817842013674e-01
6.572548441731748426e+03 1.043732868178420148e+00
6.572585347849171740e+03 9.273610765013705626e-01
6.572622153950018401e+03 7.875654124096685971e-01
6.572659060067441715e+03 8.159730874657363797e-01
6.572695966184865028e+03 7.144281086468975417e-01
6.572732772285710780e+03 5.853476202342386969e-01
6.572769678403135003e+03 5.316471467729877443e-01
6.572806584520559227e+03 4.800647894343383904e-01
6.572843390621404069e+03 5.383752803388985875e-01
6.572880296738828292e+03 4.861699476700722666e-01
6.572917202856251606e+03 4.021928731622227970e-01
6.572954008957097358e+03 5.755046100174433521e-01
6.572990915074521581e+03 5.677797159232493840e-01
6.573027721175366423e+03 6.723149763269374857e-01
6.573064627292790647e+03 5.242960378769000451e-01
6.573101533410213960e+03 5.821081485173187353e-01
6.573138339511059712e+03 7.481933715424868847e-01
6.573175245628483935e+03 7.201594816845252600e-01
6.573212051729328778e+03 7.861948666832793142e-01
6.573248857830174529e+03 8.159730874657363797e-01
6.573285763947597843e+03 8.352853227012210224e-01
6.573322570048443595e+03 9.347121853974582617e-01
6.573359476165866909e+03 1.222651383005233017e+00
6.573396282266712660e+03 1.025168203339147821e+00
6.573433188384135974e+03 1.159855469723398924e+00
6.573469994484981726e+03 1.242461998504859277e+00
6.573506800585826568e+03 1.334163967106902549e+00
6.573543706703250791e+03 1.217542985297782154e+00
6.573580512804097452e+03 1.203837528033889770e+00
6.573617318904942294e+03 1.236606030401196099e+00
6.573654225022366518e+03 1.093944679790680219e+00
6.573691031123211360e+03 9.743334163967106720e-01
6.573727837224057112e+03 9.851731871417891417e-01
6.573764643324901954e+03 9.183902317468227716e-01
6.573801549442326177e+03 9.048093695489658472e-01
6.573838355543171019e+03 9.454273610765013824e-01
6.573875161644016771e+03 9.248691751806628059e-01
6.573911967744862523e+03 9.754547719910291459e-01
6.573948773845708274e+03 8.782706204834288544e-01
6.573985579946553116e+03 9.368303015200598605e-01
6.574022486063977340e+03 8.857463244455519025e-01
6.574059292164823091e+03 9.405681535011213290e-01
6.574096098265667933e+03 8.103663094941440104e-01
6.574132904366513685e+03 1.008721654622476871e+00
6.574169710467358527e+03 9.342138051333167548e-01
6.574206516568205188e+03 9.314727136805383001e-01
6.574243322669050031e+03 8.633192125591826471e-01
6.574280128769895782e+03 9.477946673311736792e-01
6.574316934870740624e+03 8.679292300024918916e-01
6.574353740971586376e+03 9.000747570396212538e-01
6.574390547072431218e+03 9.353351607276352286e-01
6.574427353173277879e+03 9.657363568402691500e-01
6.574464159274122721e+03 9.129080488412658623e-01
6.574500965374968473e+03 1.016446548716670728e+00
6.574537771475813315e+03 1.146897582855718856e+00
6.574574477560080595e+03 9.358335409917767356e-01
6.574611283660926347e+03 9.936456516321953147e-01
6.574648089761772098e+03 9.697233989534014276e-01
6.574684895862616941e+03 1.085970595564415664e+00
6.574721701963462692e+03 9.172688761525044088e-01
6.574758508064307534e+03 1.149264889110391152e+00
6.574795214148575724e+03 1.051706952404684703e+00
6.574832020249420566e+03 1.022676302018440175e+00
6.574868826350266318e+03 1.091078993271866526e+00
6.574905632451111160e+03 1.087839521554946343e+00
6.574942338535377530e+03 1.113256915026164862e+00
6.574979144636224191e+03 9.216297034637428442e-01
6.575015950737069033e+03 9.107899327186643745e-01
6.575052656821336313e+03 1.006603538499875494e+00
6.575089462922181156e+03 9.303513580862198262e-01
6.575126269023026907e+03 8.604535260403688435e-01
6.575162975107294187e+03 9.264889110391228977e-01
6.575199781208139939e+03 1.050087216546224722e+00
6.575236487292406309e+03 1.057064540244206263e+00
6.575273293393252061e+03 1.066658360328931021e+00
6.575310099494097813e+03 1.094941440318963455e+00
6.575346805578365093e+03 1.155868427610266647e+00
6.575383611679209935e+03 1.159730874657363575e+00
6.575420317763477215e+03 1.008472464490406173e+00
6.575457123864322966e+03 1.078868676800398774e+00
6.575493829948589337e+03 1.060802392225267843e+00
6.575530636049435088e+03 1.022053326688263208e+00
6.575567342133702368e+03 1.053949663593321651e+00
6.575604048217969648e+03 9.388238225766259992e-01
6.575640854318814490e+03 9.296037876900075103e-01
6.575677560403082680e+03 1.021928731622227859e+00
6.575714366503927522e+03 1.127959132818340482e+00
6.575751072588193892e+03 9.750809867929229879e-01
6.575787778672461172e+03 9.390730127086966972e-01
6.575824584773306924e+03 8.840019935210565727e-01
6.575861290857574204e+03 8.496137552952902627e-01
6.575897996941840574e+03 8.010216795414901725e-01
6.575934703026107854e+03 7.343633192125591513e-01
6.575971509126953606e+03 9.296037876900075103e-01
6.576008215211219976e+03 9.577622726140044840e-01
6.576044921295488166e+03 9.870421131323199315e-01
6.576081627379754536e+03 9.649887864440568341e-01
6.576118433480600288e+03 9.758285571891353039e-01
6.576155139564867568e+03 9.332170446050336299e-01
6.576191845649133938e+03 1.109269872913032584e+00
6.576228551733401218e+03 8.889857961624719751e-01
6.576265257817668498e+03 1.073386493894841864e+00
6.576301963901935778e+03 9.582606528781459909e-01
6.576338669986202149e+03 9.870421131323199315e-01
6.576375376070469429e+03 1.010216795414901503e+00
6.576412082154736709e+03 8.671816596062795757e-01
6.576448888255581551e+03 8.722900573137303271e-01
6.576485594339849740e+03 1.007475703962123159e+00
6.576522300424116111e+03 8.268128582108148494e-01
6.576559006508383391e+03 7.440817343633192582e-01
6.576595712592650671e+03 8.881136307002243102e-01
6.576632418676917041e+03 9.374532768502367164e-01
6.576669024744605849e+03 1.004111637179167626e+00
6.576705730828873129e+03 9.632444555195613933e-01
6.576742436913140409e+03 1.074009469225018609e+00
6.576779142997407689e+03 8.661848990779965618e-01
6.576815849081674060e+03 8.945925741340643444e-01
6.576852555165941340e+03 9.500373785198106269e-01
6.576889261250208619e+03 9.727136805382506912e-01
6.576925967334475899e+03 9.632444555195613933e-01
6.576962573402163798e+03 8.907301270869673049e-01
6.576999279486431988e+03 9.912783453775230180e-01
6.577035985570698358e+03 1.058933466234737164e+00
6.577072691654964729e+03 9.263643159730874377e-01
6.577109397739232918e+03 1.153750311487665048e+00
6.577146003806920817e+03 1.095190630451034153e+00
6.577182709891188097e+03 1.075878395215549510e+00
6.577219415975455377e+03 1.043732868178420148e+00
6.577256022043144185e+03 8.624470470969349822e-01
6.577292728127411465e+03 9.009469225018689187e-01
6.577329434211677835e+03 8.858709195115873625e-01
6.577366040279366644e+03 9.076750560677797619e-01
6.577402746363633923e+03 8.699227510590580303e-01
6.577439452447901203e+03 9.552703712932968383e-01
6.577476058515589102e+03 1.016197358584600030e+00
6.577512764599857292e+03 1.044231248442561766e+00
6.577549370667545190e+03 1.066907550461001719e+00
6.577586076751812470e+03 1.096934961375529483e+00
6.577622682819500369e+03 1.105033640667829609e+00
6.577659388903768559e+03 1.064415649140294073e+00
6.577695994971456457e+03 1.125841016695738883e+00
6.577732701055723737e+03 9.839272364814353189e-01
6.577769307123412545e+03 8.527286319461749864e-01
6.577806013207679825e+03 7.392225267879392048e-01
6.577842619275367724e+03 7.582855718913531495e-01
6.577879325359635914e+03 8.812609020682781180e-01
6.577915931427323812e+03 8.659357089459257528e-01
6.577952537495012621e+03 8.919760777473212388e-01
6.577989243579279901e+03 8.060054821829055749e-01
6.578025849646968709e+03 7.622726140044854271e-01
6.578062455714656608e+03 7.371044106653376060e-01
6.578099161798924797e+03 8.023922252678793443e-01
6.578135767866612696e+03 7.691253426364316192e-01
6.578172373934301504e+03 9.309743334163966821e-01
6.578208980001990312e+03 7.506852728631946414e-01
6.578245686086257592e+03 8.096187390979316945e-01
6.578282292153946401e+03 9.406927485671567890e-01
6.578318898221634299e+03 9.192623972090705475e-01
