6.546960296357940024e+03 9.723201326974911796e-01
6.546998300296490015e+03 9.809247356417167829e-01
6.547036304235040916e+03 9.706614140576405036e-01
6.547074308173590907e+03 9.651669085631350287e-01
6.547112312112141808e+03 9.465063238648144806e-01
6.547150216040326995e+03 9.427742069251503487e-01
6.547188219978878806e+03 9.359319925357660885e-01
6.547226223917428797e+03 9.287787684014099376e-01
6.547264227855979698e+03 9.272237196765498179e-01
6.547302231794529689e+03 9.183081069873523239e-01
6.547340235733080590e+03 9.105328633630520585e-01
6.547378139661265777e+03 9.081484553182666009e-01
6.547416143599816678e+03 9.136429608127721869e-01
6.547454147538366669e+03 9.287787684014099376e-01
6.547492151476917570e+03 9.359319925357660885e-01
6.547530055405103667e+03 9.800953763217914450e-01
6.547568059343654568e+03 1.014824797843665749e+00
6.547606063282205469e+03 1.041467965996267786e+00
6.547644067220755460e+03 1.074331329048310080e+00
6.547681971148941557e+03 1.111445158614969841e+00
6.547719975087491548e+03 1.127928675098486488e+00
6.547757879015677645e+03 1.133734190337963854e+00
6.547795882954227636e+03 1.127825005183495710e+00
6.547833886892778537e+03 1.111341488699979285e+00
6.547871790820964634e+03 1.100870827285921560e+00
6.547909794759514625e+03 1.079929504457806333e+00
6.547947698687700722e+03 1.053390006220194852e+00
6.547985702626251623e+03 1.034314741861911635e+00
6.548023606554437720e+03 1.015135807588637862e+00
6.548061610492988621e+03 9.691063653327803840e-01
6.548099514421173808e+03 9.517934895293386210e-01
6.548137518359724709e+03 9.254613311217084748e-01
6.548175422287909896e+03 9.008915612689197827e-01
6.548213426226460797e+03 8.999585320340037775e-01
6.548251330154646894e+03 8.888658511300020493e-01
6.548289234082832081e+03 8.825419863155712363e-01
6.548327238021382982e+03 8.959154053493676440e-01
6.548365141949569079e+03 9.002695417789757792e-01
6.548403145888119980e+03 9.083557951482479353e-01
6.548441049816306077e+03 9.112585527679867292e-01
6.548478953744491264e+03 9.354136429608127523e-01
6.548516957683042165e+03 9.298154675513166101e-01
6.548554861611228262e+03 9.303338171262699463e-01
6.548592765539413449e+03 9.354136429608127523e-01
6.548630669467599546e+03 9.205888451171470033e-01
6.548668673406150447e+03 9.100145137880987223e-01
6.548706577334335634e+03 8.829566659755339053e-01
6.548744481262521731e+03 8.834750155504872415e-01
6.548782385190707828e+03 8.875181422351233751e-01
6.548820289118893925e+03 8.843043748704125795e-01
6.548858193047080022e+03 8.978851337341903216e-01
6.548896196985630922e+03 9.077337756583039319e-01
6.548934100913816110e+03 9.232842629069044627e-01
6.548972004842002207e+03 9.346879535558780816e-01
6.549009908770188304e+03 9.546962471490773039e-01
6.549047812698373491e+03 9.584283640887414357e-01
6.549085716626559588e+03 9.821687746216047898e-01
6.549123620554745685e+03 9.924320962056810691e-01
6.549161524482931782e+03 9.853825419863155854e-01
6.549199428411116969e+03 9.750155504872486389e-01
6.549237332339303975e+03 9.514824797843666193e-01
6.549275236267490072e+03 9.447439353099730264e-01
6.549313140195675260e+03 9.316815260211486205e-01
6.549351044123861357e+03 9.107402031930333930e-01
6.549388948052047454e+03 8.989218328840969940e-01
6.549426851980233550e+03 8.579722164627825443e-01
6.549464655898054843e+03 8.482272444536596012e-01
6.549502559826240031e+03 8.339207961849470774e-01
6.549540463754426128e+03 8.148455318266638603e-01
6.549578367682612225e+03 7.889280530789964940e-01
6.549616271610797412e+03 7.747252747252747485e-01
6.549654175538984418e+03 7.682977399958531572e-01
6.549691979456805711e+03 7.567903794318888711e-01
6.549729883384991808e+03 7.580344184117768780e-01
6.549767787313176996e+03 7.565830396019075366e-01
6.549805691241363093e+03 7.540949616421314117e-01
6.549843495159184386e+03 7.549243209620568607e-01
6.549881399087370482e+03 7.606261662865436701e-01
6.549919303015555670e+03 7.772133526850507623e-01
6.549957106933376963e+03 7.777317022600040985e-01
6.549995010861563060e+03 7.842629069044163570e-01
6.550032914789749157e+03 7.900684221438938337e-01
6.550070718707571359e+03 7.985693551731287698e-01
6.550108622635756547e+03 8.037528509226622431e-01
6.550146426553577840e+03 8.061372589674477007e-01
6.550184330481763936e+03 8.096620360771303870e-01
6.550222234409950033e+03 8.179556292763839886e-01
6.550260038327771326e+03 8.204437072361601135e-01
6.550297942255956514e+03 8.178519593613933214e-01
6.550335746173777807e+03 8.353721749948165298e-01
6.550373650101963904e+03 8.402446609993780013e-01
6.550411454019785197e+03 8.462575160688368126e-01
6.550449357947971293e+03 8.547584490980717487e-01
6.550487161865792586e+03 8.620153431474185668e-01
6.550524965783614789e+03 8.563134978229317573e-01
6.550562869711799976e+03 8.534107402031930745e-01
6.550600673629621269e+03 8.436657681940701314e-01
6.550638577557807366e+03 8.365125440597138695e-01
6.550676381475628659e+03 8.331951067800124067e-01
6.550714185393449952e+03 8.227244453659547929e-01
6.550752089321636049e+03 8.218950860460294550e-01
6.550789893239456433e+03 8.226207754509641257e-01
6.550827697157277726e+03 8.289446402653949386e-01
6.550865501075099019e+03 8.076923076923077094e-01
6.550903405003285116e+03 8.169189301264773162e-01
6.550941208921107318e+03 8.090400165871863836e-01
6.550979012838928611e+03 8.034418411776902413e-01
6.551016816756749904e+03 8.136014928467758534e-01
6.551054620674571197e+03 8.027161517727555706e-01
6.551092524602756384e+03 7.943188886585113018e-01
6.551130328520577677e+03 8.007464233879327820e-01
6.551168132438398970e+03 7.974289861082314301e-01
6.551205936356220263e+03 8.028198216877462379e-01
6.551243740274041556e+03 8.042712004976155793e-01
6.551281544191862849e+03 8.060335890524569225e-01
6.551319348109684142e+03 8.043748704126062465e-01
6.551357152027505435e+03 8.121501140369065119e-01
6.551394955945327638e+03 8.158822309765706438e-01
6.551432759863148931e+03 8.229317851959361274e-01
6.551470563780970224e+03 8.184739788513373249e-01
6.551508367698791517e+03 8.202363674061787790e-01
6.551546171616612810e+03 8.222060957910014567e-01
6.551583975534434103e+03 8.156748911465893093e-01
6.551621779452255396e+03 8.253161932407215851e-01
6.551659583370075779e+03 8.308106987352270600e-01
6.551697387287897072e+03 8.436657681940701314e-01
6.551735191205718365e+03 8.647107609371760262e-01
6.551772995123539658e+03 8.706199460916441701e-01
6.551810799041360951e+03 8.854447439353099192e-01
6.551848502948818350e+03 8.899025502799087217e-01
6.551886306866639643e+03 8.921832884097035121e-01
6.551924110784460936e+03 9.006842214389384482e-01
6.551961914702282229e+03 9.045200082935932473e-01
6.551999718620103522e+03 9.003732116939664465e-01
6.552037422527560011e+03 8.917686087497408431e-01
6.552075226445381304e+03 8.858594235952726992e-01
6.552113030363202597e+03 8.771511507360564286e-01
6.552150834281023890e+03 8.751814223512336399e-01
6.552188538188480379e+03 8.645034211071946917e-01
6.552226342106301672e+03 8.523740410532862910e-01
6.552264146024122965e+03 8.482272444536596012e-01
6.552301849931580364e+03 8.498859630935102771e-01
6.552339653849401657e+03 8.260418826456562558e-01
6.552377357756858146e+03 8.154675513166079748e-01
6.552415161674679439e+03 8.212730665560854515e-01
6.552452965592500732e+03 8.245905038357868033e-01
6.552490669499957221e+03 8.195106780012439973e-01
6.552528473417778514e+03 8.279079411154882662e-01
6.552566177325235003e+03 8.317437279701430652e-01
6.552603981243056296e+03 8.287373004354136041e-01
6.552641685150513695e+03 8.406593406593406703e-01
6.552679489068334078e+03 8.565208376529130918e-01
6.552717192975791477e+03 8.609786439975118943e-01
6.552754896883248875e+03 8.577648766328012098e-01
6.552792700801070168e+03 8.635703918722786865e-01
6.552830404708526657e+03 8.833713456354965743e-01
6.552868208626347950e+03 8.810906075057018949e-01
6.552905912533804440e+03 8.740410532863363002e-01
6.552943616441260929e+03 8.669914990669708166e-01
6.552981420359082222e+03 8.786025295459257700e-01
6.553019124266538711e+03 8.671988388969521511e-01
6.553056828173995200e+03 8.702052664316815012e-01
6.553094632091816493e+03 8.760107816711589779e-01
6.553132335999272982e+03 8.865851130002073699e-01
6.553170039906730381e+03 8.901098901098900562e-01
6.553207743814187779e+03 9.111548828529960620e-01
6.553245547732009072e+03 9.108438731080240602e-01
6.553283251639465561e+03 9.095998341281360533e-01
6.553320955546922050e+03 9.257723408666804765e-01
6.553358659454378540e+03 9.263943603566244800e-01
6.553396363361835029e+03 9.201741654571843343e-01
6.553434067269291518e+03 9.249429815467551386e-01
6.553471871187112811e+03 9.228695832469416827e-01
6.553509575094570209e+03 9.107402031930333930e-01
6.553547279002026698e+03 9.201741654571843343e-01
6.553584982909483188e+03 9.139539705577441886e-01
6.553622686816939677e+03 9.087704748082106043e-01
6.553660390724396166e+03 8.995438523740411085e-01
6.553698094631853564e+03 9.081484553182666009e-01
6.553735798539310053e+03 9.046236782085839145e-01
6.553773502446767452e+03 8.854447439353099192e-01
6.553811206354223941e+03 8.861704333402447009e-01
6.553848910261680430e+03 8.680281982168774890e-01
6.553886614169136919e+03 8.444951275139954694e-01
6.553924318076593408e+03 8.388969521044993272e-01
6.553962021984049898e+03 8.422143893842006790e-01
6.553999625881142492e+03 8.441841177690234677e-01
6.554037329788598981e+03 8.395189715944433306e-01
6.554075033696055471e+03 8.530997304582210727e-01
6.554112737603511960e+03 8.527887207132489600e-01
6.554150441510968449e+03 8.533070702882024072e-01
6.554188145418426757e+03 8.514410118183702858e-01
6.554225749315518442e+03 8.458428364088741436e-01
6.554263453222974931e+03 8.406593406593406703e-01
6.554301157130431420e+03 8.254198631557122523e-01
6.554338861037887909e+03 8.190959983412813283e-01
6.554376464934980504e+03 8.108024051420278377e-01
6.554414168842436993e+03 8.100767157370930560e-01
6.554451872749893482e+03 8.212730665560854515e-01
6.554489476646985167e+03 8.374455732946298747e-01
6.554527180554442566e+03 8.546547791830810814e-01
6.554564884461899055e+03 8.924942981546755139e-01
6.554602488358990740e+03 9.103255235330707240e-01
6.554640192266448139e+03 9.492017416545718289e-01
6.554677796163540734e+03 9.674476466929297080e-01
6.554715500070997223e+03 9.893219987559610518e-01
6.554753203978453712e+03 9.932614555256065181e-01
6.554790807875545397e+03 1.003732116939664021e+00
6.554828511783002796e+03 1.018660584698320548e+00
6.554866115680094481e+03 1.011300020733983063e+00
6.554903819587550970e+03 1.005805515239477588e+00
6.554941423484642655e+03 9.771926187020526511e-01
6.554979127392100054e+03 9.861082313912502562e-01
6.555016731289191739e+03 9.704540742276591692e-01
6.555054335186283424e+03 9.658925979680696994e-01
6.555092039093740823e+03 9.671366369479577063e-01
6.555129642990832508e+03 9.432925565001036849e-01
6.555167346898289907e+03 9.439145759900476884e-01
6.555204950795381592e+03 9.354136429608127523e-01
6.555242554692474187e+03 9.188264565623056601e-01
6.555280258599930676e+03 9.144723201326975248e-01
6.555317862497022361e+03 8.996475222890317758e-01
6.555355466394114956e+03 8.845117147003939140e-01
6.555393070291206641e+03 8.829566659755339053e-01
6.555430774198663130e+03 8.727970143064482933e-01
6.555468378095755725e+03 8.697905867717188322e-01
6.555505981992847410e+03 8.837860252954592433e-01
6.555543585889939095e+03 8.914575990047688414e-01
6.555581289797396494e+03 9.062823968484345905e-01
6.555618893694488179e+03 9.244246319718018023e-01
6.555656497591580774e+03 9.230769230769231282e-01
6.555694101488673368e+03 9.327182251710554040e-01
6.555731705385765054e+03 9.316815260211486205e-01
6.555769309282856739e+03 9.345842836408874144e-01
6.555806913179949333e+03 9.239062823968484661e-01
6.555844517077041019e+03 8.953970557744143077e-01
6.555882120974133613e+03 8.651254405971386952e-01
6.555919724871225299e+03 8.485382541986316030e-01
6.555957328768316984e+03 8.351648351648351953e-01
6.555994932665409578e+03 8.213767364710761187e-01
6.556032536562501264e+03 8.065519386274103697e-01
6.556070140459592949e+03 7.965996267883059812e-01
6.556107744356685544e+03 7.782500518349575458e-01
6.556145348253778138e+03 7.739995853203400777e-01
6.556182952150870733e+03 7.652913124611238072e-01
6.556220556047962418e+03 7.835372174994816863e-01
6.556258159945054103e+03 7.851959361393323622e-01
6.556295763842146698e+03 8.081069873522703784e-01
6.556333367739238383e+03 8.408666804893220048e-01
6.556370871625966174e+03 8.718639850715322881e-01
6.556408475523057859e+03 9.051420277835372508e-01
6.556446079420149545e+03 9.256686709516898093e-01
6.556483683317242139e+03 9.369686916856728720e-01
6.556521287214333825e+03 9.525191789342732918e-01
6.556558791101061615e+03 9.563549657889280908e-01
6.556596394998153301e+03 9.652705784781256959e-01
6.556633998895245895e+03 9.678623263528923770e-01
6.556671602792338490e+03 9.718017831225378433e-01
6.556709106679066281e+03 9.667219572879950373e-01
6.556746710576157966e+03 9.809247356417167829e-01
6.556784314473249651e+03 9.566659755339000926e-01
6.556821818359977442e+03 9.511714700393946176e-01
6.556859422257069127e+03 9.402861289653742238e-01
6.556896926143796918e+03 9.404934687953555583e-01
6.556934530040888603e+03 9.214182044370723412e-01
6.556972133937981198e+03 9.200704955421936670e-01
6.557009637824708079e+03 9.139539705577441886e-01
6.557047241721800674e+03 9.003732116939664465e-01
6.557084745608527555e+03 8.956043956043956422e-01
6.557122349505620150e+03 9.085631349782292698e-01
6.557159853392347031e+03 9.014099108438731189e-01
6.557197457289440536e+03 8.977814638191996544e-01
6.557234961176167417e+03 8.923906282396848466e-01
6.557272465062895208e+03 8.850300642753472502e-01
6.557310068959986893e+03 8.797428986108231097e-01
6.557347572846714684e+03 8.786025295459257700e-01
6.557385176743806369e+03 8.691685672817748287e-01
6.557422680630534160e+03 8.752850922662243072e-01
6.557460184517261041e+03 7.518142235123367323e-01
6.557497788414353636e+03 8.594235952726518857e-01
6.557535292301080517e+03 8.619116732324278995e-01
6.557572796187808308e+03 8.868961227451793716e-01
6.557610400084899993e+03 7.412398921832884513e-01
6.557647903971627784e+03 8.740410532863363002e-01
6.557685407858354665e+03 9.245283018867924696e-01
6.557722911745082456e+03 9.414264980302715635e-01
6.557760515642175051e+03 9.085631349782292698e-01
6.557798019528902842e+03 9.795770267468381087e-01
6.557835523415630632e+03 9.958532034003731992e-01
6.557873027302357514e+03 1.007878913539290933e+00
6.557910531189085305e+03 1.011507360563964397e+00
6.557948035075812186e+03 1.012751399543852404e+00
6.557985538962539977e+03 1.013684428778768298e+00
6.558023142859631662e+03 9.991706406800746620e-01
6.558060646746359453e+03 9.832054737715114623e-01
6.558098150633087243e+03 9.748082106572673045e-01
6.558135654519814125e+03 9.601907526435827789e-01
6.558173158406541916e+03 9.454696247149076971e-01
6.558210662293268797e+03 9.454696247149076971e-01
6.558248166179996588e+03 9.362430022807380903e-01
6.558285670066725288e+03 9.299191374663072773e-01
6.558323173953452169e+03 9.371760315156542065e-01
6.558360677840179960e+03 9.423595272651876797e-01
6.558398181726906842e+03 9.414264980302715635e-01
6.558435685613634632e+03 9.407008086253368928e-01
6.558473089489997619e+03 9.520008293593199555e-01
6.558510593376724501e+03 9.454696247149076971e-01
6.558548097263452291e+03 9.467136636947958150e-01
6.558585601150180082e+03 9.484760522496371582e-01
6.558623105036906964e+03 9.506531204644411703e-01
6.558660608923634754e+03 9.426705370101596815e-01
6.558698012799997741e+03 9.345842836408874144e-01
6.558735516686724623e+03 9.257723408666804765e-01
6.558773020573452413e+03 9.221438938420070119e-01
6.558810524460179295e+03 9.178934273273895439e-01
6.558847928336543191e+03 9.325108853410740695e-01
6.558885432223270982e+03 9.351026332158407506e-01
6.558922936109997863e+03 9.641302094132282452e-01
6.558960439996725654e+03 9.751192204022393062e-01
6.558997843873088641e+03 1.011507360563964397e+00
6.559035347759815522e+03 1.036595479991706314e+00
6.559072751636178509e+03 1.067385444743935263e+00
6.559110255522906300e+03 1.091955214596723955e+00
6.559147759409634091e+03 1.125233257308728918e+00
6.559185163285996168e+03 1.127410325523533041e+00
6.559222667172723959e+03 1.133734190337963854e+00
6.559260071049086946e+03 1.135289239062823974e+00
6.559297574935813827e+03 1.114036906489736634e+00
6.559334978812176814e+03 1.105224963715529807e+00
6.559372482698904605e+03 1.074642338793282192e+00
6.559409886575268501e+03 1.044474393530997247e+00
6.559447390461995383e+03 1.027679867302508709e+00
6.559484794338358370e+03 1.009226622434169496e+00
6.559522298225086161e+03 1.018867924528301883e+00
6.559559702101448238e+03 1.009122952519178940e+00
6.559597205988176029e+03 1.012544059713871070e+00
6.559634609864539016e+03 1.024569769852788692e+00
6.559672013740902003e+03 1.043126684636118684e+00
6.559709517627628884e+03 1.049346879535558719e+00
6.559746921503991871e+03 1.055152394775036306e+00
6.559784325380354858e+03 1.051316607920381507e+00
6.559821829267082649e+03 1.031204644412191618e+00
6.559859233143444726e+03 1.010989010989010950e+00
6.559896637019807713e+03 9.843458428364089130e-01
6.559934040896170700e+03 9.639228695832469107e-01
6.559971544782898491e+03 9.511714700393946176e-01
6.560008948659261478e+03 9.356209827907940868e-01
6.560046352535624465e+03 9.345842836408874144e-01
6.560083756411987451e+03 9.316815260211486205e-01
6.560121160288350438e+03 9.324072154260834022e-01
6.560158564164713425e+03 9.297117976363259428e-01
6.560196068051440307e+03 9.270163798465684835e-01
6.560233471927803294e+03 9.440182459050383557e-01
6.560270875804166280e+03 9.462989840348331461e-01
6.560308279680529267e+03 9.523118391042919573e-01
6.560345683556892254e+03 9.558366162139747546e-01
6.560383087433254332e+03 9.837238233464649095e-01
6.560420491309617319e+03 1.006012855069458922e+00
6.560457895185980306e+03 1.041260626166286452e+00
6.560495299062343292e+03 1.061683599419448454e+00
6.560532702938706279e+03 1.111134148869997951e+00
6.560570106815070176e+03 1.117458013684428764e+00
6.560607510691432253e+03 1.122848849263943682e+00
6.560644914567795240e+03 1.130105743313290390e+00
6.560682318444158227e+03 1.128965374248393161e+00
6.560719722320521214e+03 1.116110304789549978e+00
6.560757026186519397e+03 1.101285506945884229e+00
6.560794430062882384e+03 1.092162554426705290e+00
6.560831833939245371e+03 1.103255235330707018e+00
6.560869237815607448e+03 1.070702882023636837e+00
6.560906641691970435e+03 1.087497408252125153e+00
6.560944045568333422e+03 1.073812979473356854e+00
6.560981349434331605e+03 1.054634045200082859e+00
6.561018753310694592e+03 1.063756997719261799e+00
6.561056157187057579e+03 1.066452415509019369e+00
6.561093561063419656e+03 1.069769852788720721e+00
6.561130864929418749e+03 1.064793696869168471e+00
6.561168268805780826e+03 1.074434998963300858e+00
6.561205672682144723e+03 1.064379017209205802e+00
6.561242976548142906e+03 1.060335890524569669e+00
6.561280380424505893e+03 1.052249637155297624e+00
6.561317784300868880e+03 1.046444121915820036e+00
6.561355088166867063e+03 1.047480821065726708e+00
6.561392492043230050e+03 1.033900062201948966e+00
6.561429795909228233e+03 1.018867924528301883e+00
6.561467199785591220e+03 1.013788098693759077e+00
6.561504503651589403e+03 9.993779805100559965e-01
6.561541907527951480e+03 9.888036491810077155e-01
6.561579211393950573e+03 9.824797843665767916e-01
6.561616615270312650e+03 9.789550072568939942e-01
6.561653919136310833e+03 9.885963093510263811e-01
6.561691323012673820e+03 1.018038565208376545e+00
6.561728626878672003e+03 1.036284470246734424e+00
6.561766030755034990e+03 1.076715737093095537e+00
6.561803334621034082e+03 1.096827700601285427e+00
6.561840738497397069e+03 1.124818577648766249e+00
6.561878042363395252e+03 1.141613103877254787e+00
6.561915346229393435e+03 1.166908563134978261e+00
6.561952750105756422e+03 1.152291105121293846e+00
6.561990053971754605e+03 1.175098486419241084e+00
6.562027357837752788e+03 1.185880157578270699e+00
6.562064661703750971e+03 1.192618702052664403e+00
6.562102065580113958e+03 1.204540742276591248e+00
6.562139369446112141e+03 1.242587601078167125e+00
6.562176673312110324e+03 1.257101389176860984e+00
6.562213977178108507e+03 1.283433547584490908e+00
6.562251381054471494e+03 1.300953763217914227e+00
6.562288684920469677e+03 1.340555670744350003e+00
6.562325988786467860e+03 1.363777731702259910e+00
6.562363292652466043e+03 1.380883267675720560e+00
6.562400596518464226e+03 1.391561268919759398e+00
6.562437900384463319e+03 1.428778768401409938e+00
6.562475304260826306e+03 1.431059506531204617e+00
6.562512608126824489e+03 1.439456769645448997e+00
6.562549911992822672e+03 1.455214596724030640e+00
6.562587215858820855e+03 1.432925565001036627e+00
6.562624519724819038e+03 1.402550279908770570e+00
6.562661823590817221e+03 1.374455732946298969e+00
6.562699127456815404e+03 1.314638191996682526e+00
6.562736431322813587e+03 1.273481235745386630e+00
6.562773735188811770e+03 1.224860045614762694e+00
6.562811039054809953e+03 1.175720505909185087e+00
6.562848342920808136e+03 1.133319510678001185e+00
6.562885646786806319e+03 1.085631349782293142e+00
6.562922950652804502e+03 1.065208376529131140e+00
6.562960154508438791e+03 1.033796392286958410e+00
6.562997458374436974e+03 1.003732116939664021e+00
6.563034762240435157e+03 9.919137466307277329e-01
6.563072066106433340e+03 9.926394360356624036e-01
6.563109369972432432e+03 9.794733568318474415e-01
6.563146673838430615e+03 9.775036284470246528e-01
6.563183877694063995e+03 9.891146589259797173e-01
6.563221181560062178e+03 1.010366991499066947e+00
6.563258485426060361e+03 1.025399129172714030e+00
6.563295789292058544e+03 1.051316607920381507e+00
6.563332993147692832e+03 1.081484553182666453e+00
6.563370297013691015e+03 1.094339622641509413e+00
6.563407600879689198e+03 1.122123159859008901e+00
6.563444804735322577e+03 1.134667219572879970e+00
6.563482108601320760e+03 1.143790172092058910e+00
6.563519412467318944e+03 1.152083765291312512e+00
6.563556616322952323e+03 1.167426912709931486e+00
6.563593920188950506e+03 1.154157163591125856e+00
6.563631124044584794e+03 1.155297532656023307e+00
6.563668427910582977e+03 1.147314949201741596e+00
6.563705731776581160e+03 1.155919552145967311e+00
6.563742935632214540e+03 1.174891146589259749e+00
6.563780239498213632e+03 1.174165457184325190e+00
6.563817443353847011e+03 1.179245283018867996e+00
6.563854747219845194e+03 1.173750777524362521e+00
6.563891951075479483e+03 1.187124196558158928e+00
6.563929254941477666e+03 1.193655401202571076e+00
6.563966458797111045e+03 1.188057225793074823e+00
6.564003662652744424e+03 1.166286543645034257e+00
6.564040966518742607e+03 1.159962678830603444e+00
6.564078170374375986e+03 1.133112170848019851e+00
6.564115474240374169e+03 1.121501140369064897e+00
6.564152678096008458e+03 1.093302923491602741e+00
6.564189881951641837e+03 1.070910221853618172e+00
6.564227185817640020e+03 1.063549657889280464e+00
6.564264389673273399e+03 1.044267053701015913e+00
6.564301593528907688e+03 1.028405556707443491e+00
6.564338797384541067e+03 1.036284470246734424e+00
6.564376101250539250e+03 1.047584490980717487e+00
6.564413305106172629e+03 1.047584490980717487e+00
6.564450508961806008e+03 1.031930333817126177e+00
6.564487712817441206e+03 1.043956043956044022e+00
6.564525016683439389e+03 1.025606469002695365e+00
6.564562220539072769e+03 1.032137673647107512e+00
6.564599424394706148e+03 1.020526643168152559e+00
6.564636628250340436e+03 1.000622019489944003e+00
6.564673832105973815e+03 1.002384408044785458e+00
6.564711035961607195e+03 9.868339207961849269e-01
6.564748239817240574e+03 9.788513373419033270e-01
6.564785443672874862e+03 9.711797636325938399e-01
6.564822647528508242e+03 9.747045407422766372e-01
6.564859851384141621e+03 9.744972009122953027e-01
6.564897055239775000e+03 9.725274725274725141e-01
6.564934259095409288e+03 9.800953763217914450e-01
6.564971462951042668e+03 9.800953763217914450e-01
6.565008666806676047e+03 9.714907733775658416e-01
6.565045870662309426e+03 9.821687746216047898e-01
6.565083074517943714e+03 9.950238440804478612e-01
6.565120278373577094e+03 9.845531826663902475e-01
6.565157482229210473e+03 1.002384408044785458e+00
6.565194686084845671e+03 1.023947750362844689e+00
6.565231889940479050e+03 1.027887207132490044e+00
6.565269093796112429e+03 1.062823968484345905e+00
6.565306297651745808e+03 1.094961642131453416e+00
6.565343401497015293e+03 1.142857142857142794e+00
6.565380605352648672e+03 1.216566452415509092e+00
6.565417809208282051e+03 1.267468380675927930e+00
6.565455013063916340e+03 1.337341903379639207e+00
6.565492116909184915e+03 1.397055774414264873e+00
6.565529320764818294e+03 1.431474186191167286e+00
6.565566524620452583e+03 1.446506323864814370e+00
6.565603728476085962e+03 1.425357661206717808e+00
6.565640832321354537e+03 1.396019075264358200e+00
6.565678036176988826e+03 1.363259382127306685e+00
6.565715240032622205e+03 1.288409703504043158e+00
6.565752343877890780e+03 1.206614140576404814e+00
6.565789547733525069e+03 1.149388347501554941e+00
6.565826651578793644e+03 1.078892805307899661e+00
6.565863855434427023e+03 1.025191789342732696e+00
6.565901059290061312e+03 9.916027368857557311e-01
6.565938163135330797e+03 9.524155090192826245e-01
6.565975366990964176e+03 9.461953141198423678e-01
6.566012470836233661e+03 9.447439353099730264e-01
6.566049674691867040e+03 9.452622848849263626e-01
6.566086778537136524e+03 9.572879950238440960e-01
6.566123982392769904e+03 9.765705992121086476e-01
6.566161086238038479e+03 9.847605224963715820e-01
6.566198190083307964e+03 9.978229317851959879e-01
6.566235393938941343e+03 1.007464233879328264e+00
6.566272497784210827e+03 1.006738544474393482e+00
6.566309701639844207e+03 1.013373419033796408e+00
6.566346805485112782e+03 1.024984449512751361e+00
6.566383909330382266e+03 1.027679867302508709e+00
6.566421113186015646e+03 1.039912917271407888e+00
6.566458217031285130e+03 1.031308314327182174e+00
6.566495320876553706e+03 1.039394567696454441e+00
6.566532524732187085e+03 1.041467965996267786e+00
6.566569628577456569e+03 1.024466099937798136e+00
6.566606732422725145e+03 1.026643168152602037e+00
6.566643836267994629e+03 1.010574331329048281e+00
6.566681040123628009e+03 1.021044992743106006e+00
6.566718143968898403e+03 1.018038565208376545e+00
6.566755247814166978e+03 1.018971594443292661e+00
6.566792351659436463e+03 1.008708272859216271e+00
6.566829455504705038e+03 1.006220194899440257e+00
6.566866559349974523e+03 1.007775243624300154e+00
6.566903663195243098e+03 1.006012855069458922e+00
6.566940867050876477e+03 9.992743105950653293e-01
6.566977970896145962e+03 1.015550487248600531e+00
6.567015074741414537e+03 1.024673439767779470e+00
6.567052178586684022e+03 1.069458843043748608e+00
6.567089282431952597e+03 1.090503835786854614e+00
6.567126386277222082e+03 1.135185569147833196e+00
6.567163490122490657e+03 1.167945262284884933e+00
6.567200593967760142e+03 1.215633423180592976e+00
6.567237697813028717e+03 1.248082106572672600e+00
6.567274801658298202e+03 1.260418826456562336e+00
6.567311905503566777e+03 1.273377565830396074e+00
6.567348909338471458e+03 1.255857350196972755e+00
6.567386013183740943e+03 1.233879328218950855e+00
6.567423117029009518e+03 1.181215011403690562e+00
6.567460220874279003e+03 1.145552560646900364e+00
6.567497324719548487e+03 1.115177275554634084e+00
6.567534428564817063e+03 1.074434998963300858e+00
6.567571532410086547e+03 1.046029442255857367e+00
6.567608536244991228e+03 1.008397263114244158e+00
6.567645640090259803e+03 9.908770474808210604e-01
6.567682743935529288e+03 9.703504043126685019e-01
6.567719847780797863e+03 9.675513166079203753e-01
6.567756851615702544e+03 9.586357039187227702e-01
6.567793955460971119e+03 9.593613933236574409e-01
6.567831059306240604e+03 9.616421314534522313e-01
6.567868063141145285e+03 9.635081899232842417e-01
6.567905166986413860e+03 9.638191996682562435e-01
6.567942270831683345e+03 9.875596102011195976e-01
6.567979274666587116e+03 9.963715529753265354e-01
6.568016378511856601e+03 1.005183495749533584e+00
6.568053482357125176e+03 1.013995438523740411e+00
6.568090486192029857e+03 1.015446817333609753e+00
6.568127590037298432e+03 1.040120257101389223e+00
6.568164593872203113e+03 1.037113829566659762e+00
6.568201697717472598e+03 1.046858801575782705e+00
6.568238701552376369e+03 1.053286336305204296e+00
6.568275805397645854e+03 1.065001036699149806e+00
6.568312809232550535e+03 1.070288202363674168e+00
6.568349913077820020e+03 1.086149699357246590e+00
6.568386916912724701e+03 1.096827700601285427e+00
6.568424020757993276e+03 1.106365332780427035e+00
6.568461024592897957e+03 1.129483723823346386e+00
6.568498028427802637e+03 1.126995645863570372e+00
6.568535132273071213e+03 1.124818577648766249e+00
6.568572136107975894e+03 1.128136014928467823e+00
6.568609139942880574e+03 1.114658925979680637e+00
6.568646243788149150e+03 1.127513995438523819e+00
6.568683247623053830e+03 1.129172714078374495e+00
6.568720251457957602e+03 1.126166286543645034e+00
6.568757355303227087e+03 1.132801161103047960e+00
6.568794359138131767e+03 1.143790172092058910e+00
6.568831362973035539e+03 1.166286543645034257e+00
6.568868366807940220e+03 1.184739788513373471e+00
6.568905470653209704e+03 1.206614140576404814e+00
6.568942474488113476e+03 1.222786647314949127e+00
6.568979478323018157e+03 1.222164627825005123e+00
6.569016482157922837e+03 1.235952726518764200e+00
6.569053485992826609e+03 1.204644412191582026e+00
6.569090489827731290e+03 1.176860874974082538e+00
6.569127593673000774e+03 1.138295666597553435e+00
6.569164597507904546e+03 1.089674476466929276e+00
6.569201601342809226e+03 1.073812979473356854e+00
6.569238605177714817e+03 1.040431266846361114e+00
6.569275609012619498e+03 1.002799087704748127e+00
6.569312612847523269e+03 9.823761144515861243e-01
6.569349616682427950e+03 9.538668878291519659e-01
6.569386620517332631e+03 9.371760315156542065e-01
6.569423624352236402e+03 9.311631764461952843e-01
6.569460628187141083e+03 9.193448061372589963e-01
6.569497632022045764e+03 9.221438938420070119e-01
6.569534635856949535e+03 9.087704748082106043e-01
6.569571639691854216e+03 9.082521252332572681e-01
6.569608543516394093e+03 9.009952311839104500e-01
6.569645547351298774e+03 9.402861289653742238e-01
6.569682551186203455e+03 9.437072361600663539e-01
6.569719555021107226e+03 9.554219365540119746e-01
6.569756558856011907e+03 9.950238440804478612e-01
6.569793562690916588e+03 1.010366991499066947e+00
6.569830466515456465e+03 1.053804685880157521e+00
6.569867470350360236e+03 1.069355173128758052e+00
6.569904474185264917e+03 1.089570806551938720e+00
6.569941478020169598e+03 1.105224963715529807e+00
6.569978381844709475e+03 1.122641509433962348e+00
6.570015385679613246e+03 1.130624092888243837e+00
6.570052389514517927e+03 1.138295666597553435e+00
6.570089293339057804e+03 1.146900269541778927e+00
6.570126297173962485e+03 1.165664524155090254e+00
6.570163301008867165e+03 1.175616835994194531e+00
6.570200204833407042e+03 1.191685672817748287e+00
6.570237208668311723e+03 1.192307692307692291e+00
6.570274212503216404e+03 1.181422351233671897e+00
6.570311116327756281e+03 1.183392079618494686e+00
6.570348120162660052e+03 1.171884719054530288e+00
6.570385023987199929e+03 1.160481028405556669e+00
6.570422027822104610e+03 1.145552560646900364e+00
6.570458931646644487e+03 1.152394775036284402e+00
6.570495935481549168e+03 1.145863570391872255e+00
6.570532839306089045e+03 1.150632386481443170e+00
6.570569843140992816e+03 1.136636947957702759e+00
6.570606746965532693e+03 1.135703918722786643e+00
6.570643750800437374e+03 1.147003939456769706e+00
6.570680654624977251e+03 1.145137880986937695e+00
6.570717558449517128e+03 1.132282811528094513e+00
6.570754562284421809e+03 1.126062616628654256e+00
6.570791466108961686e+03 1.133837860252954632e+00
6.570828369933501563e+03 1.125336927223719696e+00
6.570865373768405334e+03 1.134770889487870527e+00
6.570902277592945211e+03 1.140887414472320227e+00
6.570939181417485088e+03 1.135496578892805308e+00
6.570976185252389769e+03 1.125129587393738362e+00
6.571013089076929646e+03 1.125855276798672922e+00
6.571049992901469523e+03 1.120464441219158225e+00
6.571086896726009400e+03 1.104291934480613691e+00
6.571123900560913171e+03 1.071946921003524844e+00
6.571160804385453957e+03 1.055774414264980310e+00
6.571197708209993834e+03 1.018660584698320548e+00
6.571234612034533711e+03 9.856935517312875872e-01
6.571271515859073588e+03 9.655815882230976976e-01
6.571308419683613465e+03 9.584283640887414357e-01
6.571345323508153342e+03 9.593613933236574409e-01
6.571382327343058023e+03 9.539705577441426332e-01
6.571419231167597900e+03 9.585320340037321030e-01
6.571456134992137777e+03 9.744972009122953027e-01
6.571493038816676744e+03 9.799917064068007777e-01
6.571529942641216621e+03 1.002384408044785458e+00
6.571566846465756498e+03 1.036284470246734424e+00
6.571603750290296375e+03 1.044785403275969360e+00
6.571640654114836252e+03 1.068629483723823270e+00
6.571677557939376129e+03 1.111445158614969841e+00
6.571714461763916006e+03 1.126580966203607703e+00
6.571751365588455883e+03 1.156230561890939201e+00
6.571788169402630956e+03 1.186191167323242812e+00
6.571825073227170833e+03 1.219987559610201222e+00
6.571861977051710710e+03 1.246630727762803259e+00
6.571898880876250587e+03 1.291830810698735288e+00
6.571935784700790464e+03 1.309973045822102389e+00
6.571972688525330341e+03 1.337030893634667317e+00
6.572009592349870218e+03 1.345842836408874144e+00
6.572046396164045291e+03 1.353929089778146411e+00
6.572083299988585168e+03 1.362637362637362681e+00
6.572120203813125045e+03 1.353514410118183742e+00
6.572157107637664922e+03 1.334957495334853750e+00
6.572193911451839995e+03 1.318577648766328103e+00
6.572230815276380781e+03 1.313290483101803963e+00
6.572267719100920658e+03 1.278975741239892105e+00
6.572304522915095731e+03 1.258034418411776878e+00
6.572341426739635608e+03 1.231183910429193507e+00
6.572378330564175485e+03 1.212626995645863515e+00
6.572415134378350558e+03 1.163487455940286130e+00
6.572452038202890435e+03 1.117354343769438207e+00
6.572488842017065508e+03 1.058262492224756324e+00
6.572525745841605385e+03 9.770889487870619838e-01
6.572562649666145262e+03 8.774621604810284303e-01
6.572599453480320335e+03 7.774206925150320968e-01
6.572636357304860212e+03 6.541571635911258564e-01
6.572673161119035285e+03 5.661414057640472564e-01
6.572710064943575162e+03 4.843458428364088575e-01
6.572746868757750235e+03 4.425668670951689587e-01
6.572783772582290112e+03 4.257723408666804765e-01
6.572820576396465185e+03 4.315778561061580088e-01
6.572857380210640258e+03 4.493054115695624962e-01
6.572894284035180135e+03 4.806137258967447812e-01
6.572931087849356118e+03 5.260211486626581445e-01
6.572967991673895995e+03 5.721542608335060676e-01
6.573004795488071068e+03 6.293800539083558299e-01
6.573041599302246141e+03 6.849471283433548052e-01
6.573078503126786018e+03 7.452830188679244738e-01
6.573115306940961091e+03 8.041675305826249120e-01
6.573152110755136164e+03 8.428364088741446825e-01
6.573188914569311237e+03 9.113622226829773965e-01
6.573225818393851114e+03 9.574953348538254305e-01
6.573262622208026187e+03 9.878706199460915993e-01
6.573299426022201260e+03 1.063860667634252577e+00
6.573336229836377242e+03 1.119220402239270218e+00
6.573373133660918029e+03 1.185983827493261478e+00
6.573409937475093102e+03 1.243313290483101907e+00
6.573446741289268175e+03 1.311528094546962508e+00
6.573483545103443248e+03 1.368650217706821381e+00
6.573520348917618321e+03 1.411154882852996062e+00
6.573557152731793394e+03 1.454385237404105302e+00
6.573593956545969377e+03 1.447439353099730486e+00
6.573630760360144450e+03 1.433858594235952744e+00
6.573667664184684327e+03 1.397159444329255651e+00
6.573704467998859400e+03 1.343251088534107351e+00
6.573741271813034473e+03 1.289031722993987161e+00
6.573778075627209546e+03 1.244764669292971249e+00
6.573814879441384619e+03 1.210035247771096723e+00
6.573851683255559692e+03 1.179659962678830665e+00
6.573888487069735675e+03 1.188886585113000161e+00
6.573925190873545944e+03 1.178001244038979989e+00
6.573961994687721017e+03 1.169189301264772940e+00
6.573998798501896090e+03 1.176135185569147756e+00
6.574035602316071163e+03 1.175305826249222418e+00
6.574072406130247145e+03 1.180696661828737337e+00
6.574109209944422219e+03 1.157992950445780655e+00
6.574146013758597292e+03 1.146589259796807037e+00
6.574182817572772365e+03 1.122330499688990235e+00
6.574219521376582634e+03 1.113207547169811296e+00
6.574256325190758616e+03 1.093302923491602741e+00
6.574293129004933689e+03 1.080862533692722449e+00
6.574329932819108762e+03 1.058366162139747102e+00
6.574366636622919032e+03 1.044889073190959916e+00
6.574403440437094105e+03 1.034522081691892970e+00
6.574440244251270087e+03 1.033070702882023628e+00
6.574477048065445160e+03 1.031930333817126177e+00
6.574513751869255429e+03 1.038461538461538547e+00
6.574550555683430503e+03 1.036284470246734424e+00
6.574587359497605576e+03 1.033174372797014406e+00
6.574624063301417664e+03 1.024984449512751361e+00
6.574660867115592737e+03 1.021148662658096562e+00
6.574697570919403006e+03 1.013788098693759077e+00
6.574734374733578079e+03 1.004976155919552250e+00
6.574771078537389258e+03 1.013166079203815073e+00
6.574807882351564331e+03 1.009122952519178940e+00
6.574844686165739404e+03 1.021978021978021900e+00
6.574881389969550582e+03 1.032345013477088846e+00
6.574918193783725656e+03 1.029338585942359607e+00
6.574954897587535925e+03 1.044370723616006691e+00
6.574991601391346194e+03 1.043541364296081353e+00
6.575028405205522176e+03 1.060646900269541781e+00
6.575065109009332446e+03 1.072879950238440738e+00
6.575101912823507519e+03 1.069147833298776717e+00
6.575138616627318697e+03 1.095998341281360089e+00
6.575175320431128966e+03 1.134045200082935967e+00
6.575212124245304040e+03 1.155090192826041973e+00
6.575248828049114309e+03 1.209931577856106166e+00
6.575285631863290291e+03 1.263528923906282353e+00
6.575322335667100560e+03 1.299191374663072773e+00
6.575359039470910830e+03 1.317333609786439874e+00
6.575395743274722008e+03 1.350507982583454281e+00
6.575432547088897081e+03 1.361600663487456009e+00
6.575469250892707350e+03 1.361600663487456009e+00
6.575505954696518529e+03 1.360149284677586667e+00
6.575542658500328798e+03 1.347916234708687488e+00
6.575579462314503871e+03 1.356313497822931868e+00
6.575616166118315050e+03 1.347812564793696932e+00
6.575652869922125319e+03 1.334750155504872415e+00
6.575689573725935588e+03 1.313186813186813184e+00
6.575726277529746767e+03 1.302819821687746238e+00
6.575762981333557036e+03 1.269749118805722610e+00
6.575799685137367305e+03 1.216877462160480983e+00
6.575836388941178484e+03 1.191167323242794840e+00
6.575873092744988753e+03 1.157267261040845874e+00
6.575909796548799932e+03 1.118909392494298105e+00
6.575946600362975005e+03 1.100663487455940226e+00
6.575983304166785274e+03 1.093406593406593297e+00
6.576020007970596453e+03 1.077752436243002210e+00
6.576056611764042827e+03 1.070702882023636837e+00
6.576093315567854006e+03 1.057225793074849651e+00
6.576130019371664275e+03 1.066763425253991260e+00
6.576166723175474544e+03 1.080551523947750336e+00
6.576203426979285723e+03 1.086149699357246590e+00
6.576240130783095992e+03 1.104706614140576360e+00
6.576276834586906261e+03 1.120879120879120894e+00
6.576313538390717440e+03 1.123989218328840911e+00
6.576350242194527709e+03 1.120879120879120894e+00
6.576386945998338888e+03 1.111134148869997951e+00
6.576423549791784353e+03 1.093821273066556188e+00
6.576460253595595532e+03 1.064586357039187137e+00
6.576496957399405801e+03 1.024777109682770027e+00
6.576533661203216070e+03 1.008500933029234936e+00
6.576570264996662445e+03 9.586357039187227702e-01
6.576606968800472714e+03 9.131246112378187396e-01
6.576643672604283893e+03 8.933236574746008518e-01
6.576680376408094162e+03 8.598382749326145547e-01
6.576716980201540537e+03 8.436657681940701314e-01
6.576753684005350806e+03 8.499896330085009444e-01
6.576790287798797181e+03 8.675098486419241528e-01
6.576826991602607450e+03 8.944640265394981915e-01
6.576863695406417719e+03 9.131246112378187396e-01
6.576900299199864094e+03 9.618494712834335658e-01
6.576937003003674363e+03 1.007878913539290933e+00
6.576973606797120738e+03 1.050487248600456169e+00
6.577010310600931007e+03 1.103877254820651022e+00
6.577047014404742185e+03 1.161932407215426011e+00
6.577083618198187651e+03 1.199771926187020554e+00
6.577120322001998829e+03 1.230561890939249503e+00
6.577156925795444295e+03 1.260626166286543670e+00
6.577193529588890669e+03 1.278353721749948102e+00
6.577230233392700939e+03 1.304271200497615579e+00
6.577266837186147313e+03 1.332676757205059070e+00
6.577303540989957582e+03 1.347916234708687488e+00
6.577340144783403957e+03 1.387414472320132708e+00
6.577376848587214226e+03 1.396330085009330313e+00
6.577413452380660601e+03 1.407008086253369372e+00
6.577450056174106066e+03 1.428364088741447269e+00
6.577486759977917245e+03 1.452415509019282513e+00
6.577523363771362710e+03 1.441426498030271564e+00
6.577559967564809085e+03 1.435620982790794198e+00
6.577596571358255460e+03 1.385133734190338028e+00
6.577633275162065729e+03 1.336097864399751201e+00
6.577669878955512104e+03 1.274517934895293303e+00
6.577706482748957569e+03 1.202156334231806012e+00
6.577743086542404853e+03 1.119220402239270218e+00
6.577779790346215123e+03 1.054634045200082859e+00
6.577816394139661497e+03 9.991706406800746620e-01
6.577852997933106963e+03 9.485797221646278254e-01
6.577889601726553337e+03 8.992328426290689958e-01
6.577926205519999712e+03 8.621190130624092340e-01
6.577962809313445177e+03 8.313290483101803963e-01
6.577999413106891552e+03 8.112170848019905067e-01
6.578036116910701821e+03 7.850922662243416950e-01
6.578072720704148196e+03 7.689197594857972717e-01
6.578109324497593661e+03 7.558573501969728659e-01
6.578145928291040036e+03 7.537839518971594099e-01
6.578182532084486411e+03 7.474600870827285970e-01
6.578219135877931876e+03 7.543023014721127462e-01
6.578255739671378251e+03 7.600041467965996667e-01
6.578292343464823716e+03 7.656023222060958089e-01
6.578328947258270091e+03 7.896537424839311647e-01
