6.546954538965642314e+03 9.298418972332015420e-01
6.546992542915473678e+03 9.263128176171654404e-01
6.547030546865305951e+03 9.174195369847544246e-01
6.547068450804742497e+03 9.182665160926030135e-01
6.547106454754574770e+03 9.247600225861095646e-01
6.547144458704406134e+03 9.271597967250141403e-01
6.547182362643843589e+03 9.449463579898362831e-01
6.547220366593675863e+03 9.664031620553359403e-01
6.547258370543507226e+03 1.006070016939582201e+00
6.547296274482944682e+03 1.045313382269904112e+00
6.547334278432776046e+03 1.057594579333709817e+00
6.547372282382608319e+03 1.074675324675324672e+00
6.547410186322044865e+03 1.054488989271598065e+00
6.547448190271877138e+03 1.031761716544325136e+00
6.547486094211314594e+03 1.003952569169960451e+00
6.547524098161145957e+03 9.731789949181253174e-01
6.547562102110977321e+03 9.741671372106154303e-01
6.547600006050414777e+03 9.912478825522303971e-01
6.547638010000247050e+03 9.990118577075098871e-01
6.547675913939684506e+03 1.017221908526256380e+00
6.547713917889515869e+03 1.019762845849802479e+00
6.547751821828953325e+03 1.007340485601355251e+00
6.547789725768389872e+03 9.872953133822699456e-01
6.547827729718222145e+03 9.730378317334839045e-01
6.547865633657659600e+03 9.613212874082439630e-01
6.547903637607490964e+03 9.479107848673066217e-01
6.547941541546928420e+03 9.590626764539808002e-01
6.547979445486365876e+03 9.658385093167701774e-01
6.548017449436197239e+03 9.792490118577075187e-01
6.548055353375634695e+03 9.830604178430265572e-01
6.548093257315072151e+03 9.961885940146809615e-01
6.548131261264903515e+03 9.762845849802371800e-01
6.548169165204340970e+03 9.710615471485036787e-01
6.548207069143778426e+03 9.563805759457932876e-01
6.548244973083215882e+03 9.394409937888198447e-01
6.548282977033048155e+03 9.171372106154714876e-01
6.548320880972484701e+03 8.938452851496330176e-01
6.548358784911922157e+03 8.673066064370412720e-01
6.548396688851359613e+03 8.483907396950874924e-01
6.548434592790796160e+03 8.698475437605872607e-01
6.548472596740628433e+03 8.980801806888762950e-01
6.548510500680065888e+03 9.281479390175042532e-01
6.548548404619503344e+03 9.429700734048560573e-01
6.548586308558940800e+03 9.788255223037831687e-01
6.548624212498378256e+03 9.868718238283455957e-01
6.548662116437814802e+03 1.003387916431394800e+00
6.548700020377252258e+03 1.013692828910220278e+00
6.548737924316690624e+03 1.006211180124223503e+00
6.548775828256128079e+03 1.007622811970638077e+00
6.548813732195564626e+03 1.009740259740259827e+00
6.548851636135002082e+03 9.992941840767928241e-01
6.548889540074439537e+03 1.001552795031055876e+00
6.548927444013876993e+03 1.000141163184641524e+00
6.548965347953314449e+03 9.918125352907961600e-01
6.549003251892751905e+03 9.874364765669113586e-01
6.549041155832189361e+03 9.836250705815923201e-01
6.549079059771625907e+03 9.720496894409937916e-01
6.549116963711063363e+03 9.579333709768492744e-01
6.549154767640106911e+03 9.385940146809712559e-01
6.549192671579544367e+03 9.097967250141163476e-01
6.549230575518980913e+03 8.754940711462451119e-01
6.549268479458419279e+03 8.306041784302653497e-01
6.549306383397856735e+03 8.088650479954827555e-01
6.549344187326899373e+03 8.075945793337098166e-01
6.549382091266336829e+03 8.298983625070581738e-01
6.549419995205774285e+03 8.712591756070017235e-01
6.549457899145211741e+03 9.051383399209486091e-01
6.549495703074254379e+03 9.274421230942969663e-01
6.549533607013691835e+03 9.249011857707509776e-01
6.549571510953129291e+03 9.203839638622247632e-01
6.549609314882171930e+03 9.158667419536984378e-01
6.549647218821610295e+03 9.054206662902315461e-01
6.549685122761047751e+03 9.030208921513269704e-01
6.549722926690089480e+03 8.920101637492942048e-01
6.549760830629526936e+03 8.898927159796724551e-01
6.549798634558570484e+03 8.914455110107284419e-01
6.549836538498007940e+03 8.949745906267645434e-01
6.549874442437445396e+03 8.944099378881987805e-01
6.549912246366488034e+03 8.956804065499717193e-01
6.549950150305925490e+03 9.047148503670242592e-01
6.549987954234969038e+03 9.161490683229813747e-01
6.550025858174406494e+03 9.237718802936194518e-01
6.550063662103449133e+03 9.342179559570863434e-01
6.550101466032492681e+03 9.481931112365894476e-01
6.550139369971929227e+03 9.487577639751553216e-01
6.550177173900972775e+03 9.665443252399774643e-01
6.550215077840410231e+03 9.625917560700169018e-01
6.550252881769452870e+03 9.597684923771879761e-01
6.550290685698496418e+03 9.442405420666289961e-01
6.550328589637933874e+03 9.404291360813099576e-01
6.550366393566977422e+03 9.216544325239977020e-01
6.550404197496020060e+03 9.345002823263692804e-01
6.550442101435456607e+03 9.428289102202145333e-01
6.550479905364500155e+03 9.570863918690005745e-01
6.550517709293543703e+03 9.731789949181253174e-01
6.550555613232981159e+03 9.743083003952569543e-01
6.550593417162023798e+03 9.744494635798983673e-01
6.550631221091067346e+03 9.700734048560135658e-01
6.550669025020109984e+03 9.632975719932241887e-01
6.550706828949153532e+03 9.462168266516092219e-01
6.550744732888590079e+03 9.411349520045172445e-01
6.550782536817633627e+03 9.346414455110106934e-01
6.550820340746676266e+03 9.288537549407114291e-01
6.550858144675719814e+03 9.213721061547148761e-01
6.550895948604762452e+03 9.323828345567476417e-01
6.550933752533806000e+03 9.388763410502540818e-01
6.550971556462848639e+03 9.517221908526256602e-01
6.551009360391892187e+03 9.510163749294183733e-01
6.551047164320934826e+03 9.527103331451157731e-01
6.551084968249978374e+03 9.562394127611518746e-01
6.551122772179021922e+03 9.664031620553359403e-01
6.551160576108063651e+03 9.521456804065500101e-01
6.551198380037107199e+03 9.388763410502540818e-01
6.551236183966149838e+03 9.371823828345567930e-01
6.551273987895193386e+03 9.402879728966685446e-01
6.551311791824236025e+03 9.216544325239977020e-01
6.551349595753279573e+03 9.294184076792771920e-01
6.551387399682322211e+03 9.412761151891586575e-01
6.551425203611365760e+03 9.453698475437606330e-01
6.551463007540408398e+03 9.517221908526256602e-01
6.551500811469451946e+03 9.713438735177866157e-01
6.551538515388100677e+03 9.632975719932241887e-01
6.551576319317143316e+03 9.656973461321287644e-01
6.551614123246186864e+03 9.689440993788820400e-01
6.551651927175230412e+03 9.765669113495200060e-01
6.551689631093878234e+03 9.778373800112930558e-01
6.551727435022921782e+03 9.899774138904573473e-01
6.551765238951964420e+03 9.885657820440428845e-01
6.551803042881007968e+03 9.904009034443816972e-01
6.551840746799656699e+03 9.936476566911349728e-01
6.551878550728699338e+03 9.976002258610954243e-01
6.551916354657742886e+03 9.779785431959344688e-01
6.551954058576391617e+03 9.812252964426877444e-01
6.551991862505434256e+03 9.769904009034443559e-01
6.552029666434477804e+03 9.740259740259740173e-01
6.552067370353126535e+03 9.833427442123093831e-01
6.552105174282169173e+03 9.798136645962732816e-01
6.552142878200817904e+03 9.858836815358554828e-01
6.552180682129861452e+03 9.891304347826086474e-01
6.552218386048510183e+03 9.892715979672501714e-01
6.552256189977552822e+03 9.908243929983060472e-01
6.552293893896201553e+03 9.998588368153585870e-01
6.552331697825245101e+03 9.851778656126481959e-01
6.552369401743893832e+03 9.894127611518915844e-01
6.552407205672936470e+03 9.911067193675889841e-01
6.552444909591585201e+03 9.894127611518915844e-01
6.552482713520628749e+03 1.002117447769621750e+00
6.552520417439278390e+03 1.018915866741953780e+00
6.552558121357926211e+03 1.023150762281197057e+00
6.552595925286969759e+03 1.018774703557312256e+00
6.552633629205618490e+03 9.978825522303783613e-01
6.552671433134661129e+03 9.769904009034443559e-01
6.552709137053309860e+03 9.689440993788820400e-01
6.552746840971958591e+03 9.665443252399774643e-01
6.552784544890607322e+03 9.930830039525692099e-01
6.552822348819650870e+03 1.007340485601355251e+00
6.552860052738299601e+03 1.015104460756634630e+00
6.552897756656947422e+03 1.017363071710897904e+00
6.552935460575597062e+03 1.021880293619424007e+00
6.552973264504639701e+03 1.028373800112930558e+00
6.553010968423289341e+03 1.046442687747035638e+00
6.553048672341938072e+03 1.054912478825522193e+00
6.553086376260586803e+03 1.050112930547713264e+00
6.553124080179234625e+03 1.023715415019762931e+00
6.553161784097883356e+03 9.868718238283455957e-01
6.553199488016532086e+03 9.457933370976848719e-01
6.553237291945575635e+03 9.120553359683793992e-01
6.553274995864225275e+03 8.688594014680971478e-01
6.553312699782874006e+03 8.664596273291925721e-01
6.553350403701522737e+03 8.750705815923207620e-01
6.553388107620170558e+03 9.161490683229813747e-01
6.553425811538819289e+03 9.611801242236024390e-01
6.553463515457468020e+03 9.721908526256352046e-01
6.553501219376116751e+03 9.754376058723884801e-01
6.553538923294766391e+03 9.791078486730661057e-01
6.553576627213415122e+03 9.789666854884245817e-01
6.553614331132063853e+03 9.700734048560135658e-01
6.553651935040317767e+03 9.632975719932241887e-01
6.553689638958966498e+03 9.587803500846978633e-01
6.553727342877616138e+03 9.599096555618295001e-01
6.553765046796264869e+03 9.723320158102767286e-01
6.553802750714913600e+03 9.776962168266516429e-01
6.553840454633562331e+03 9.861660079051383088e-01
6.553878158552210152e+03 9.864483342744212457e-01
6.553915762460465885e+03 9.767080745341615300e-01
6.553953466379114616e+03 9.623094297007340758e-01
6.553991170297762437e+03 9.261716544325240275e-01
6.554028874216411168e+03 9.123376623376623362e-01
6.554066478124665991e+03 9.083850931677018847e-01
6.554104182043315632e+03 9.202428006775832392e-01
6.554141885961963453e+03 9.673913043478260532e-01
6.554179489870218276e+03 1.021315640880858355e+00
6.554217193788867007e+03 1.062676453980801794e+00
6.554254897707514829e+03 1.085968379446640375e+00
6.554292501615770561e+03 1.088932806324110603e+00
6.554330205534419292e+03 1.076369282891022072e+00
6.554367909453067114e+03 1.029220779220779258e+00
6.554405513361322846e+03 1.003105590062111752e+00
6.554443217279971577e+03 9.830604178430265572e-01
6.554480821188225491e+03 9.682382834556747531e-01
6.554518525106874222e+03 9.709203839638622657e-01
6.554556129015129045e+03 9.973178994918124873e-01
6.554593832933777776e+03 1.000423489553924350e+00
6.554631436842031690e+03 9.913890457368718101e-01
6.554669140760680420e+03 9.967532467532467244e-01
6.554706744668935244e+03 9.926595143986448599e-01
6.554744448587583975e+03 1.012845849802371578e+00
6.554782052495837888e+03 1.027667984189723382e+00
6.554819756414486619e+03 1.048560135516657166e+00
6.554857360322742352e+03 1.055335968379446543e+00
6.554894964230996266e+03 1.035573122529644285e+00
6.554932668149644996e+03 1.016092603049124854e+00
6.554970272057899820e+03 1.000000000000000000e+00
6.555007875966153733e+03 9.959062676453981355e-01
6.555045579884802464e+03 9.832015810276679701e-01
6.555083183793057287e+03 9.800959909655562186e-01
6.555120787701312111e+03 9.761434217955956560e-01
6.555158391609566024e+03 9.769904009034443559e-01
6.555196095528214755e+03 9.610389610389610260e-01
6.555233699436469578e+03 9.658385093167701774e-01
6.555271303344723492e+03 9.803783173348390445e-01
6.555308907252979225e+03 9.874364765669113586e-01
6.555346511161233138e+03 1.003529079616036102e+00
6.555384215079881869e+03 1.005364201016375025e+00
6.555421818988135783e+03 9.973178994918124873e-01
6.555459422896390606e+03 9.829192546583851442e-01
6.555497026804644520e+03 9.616036137775267889e-01
6.555534630712900253e+03 9.381705251270469059e-01
6.555572234621154166e+03 9.223602484472049889e-01
6.555609838529408080e+03 9.219367588932806390e-01
6.555647442437662903e+03 9.284302653867870792e-01
6.555685046345917726e+03 9.398644833427441947e-01
6.555722650254171640e+03 9.553924336533031747e-01
6.555760254162426463e+03 9.608977978543196130e-01
6.555797858070680377e+03 9.620271033314511389e-01
6.555835461978936110e+03 9.414172783738000705e-01
6.555873065887190023e+03 9.069734613212874219e-01
6.555910669795443937e+03 8.852343308865048277e-01
6.555948273703698760e+03 8.730942970073405363e-01
6.555985877611953583e+03 8.866459627329192905e-01
6.556023481520208406e+03 9.073969508752117719e-01
6.556061085428462320e+03 9.277244494635799033e-01
6.556098589326322326e+03 9.539808018068887119e-01
6.556136193234577149e+03 9.652738565782044144e-01
6.556173797142831063e+03 9.592038396386222132e-01
6.556211401051086796e+03 9.504517221908526103e-01
6.556249004959340709e+03 9.455110107284020460e-01
6.556286508857200715e+03 9.380293619424053819e-01
6.556324112765455538e+03 9.559570863918690486e-01
6.556361716673709452e+03 9.647092038396386515e-01
6.556399320581964275e+03 9.802371541501976315e-01
6.556436824479824281e+03 1.002540937323546100e+00
6.556474428388079104e+03 1.009599096555618303e+00
6.556512032296333018e+03 1.017363071710897904e+00
6.556549536194193934e+03 1.001693958215697400e+00
6.556587140102447847e+03 9.793901750423489316e-01
6.556624644000308763e+03 9.640033879164313646e-01
6.556662247908562676e+03 9.596273291925465632e-01
6.556699851816816590e+03 9.565217391304348116e-01
6.556737355714677506e+03 9.658385093167701774e-01
6.556774959622931419e+03 9.827780914737436202e-01
6.556812463520792335e+03 9.971767363071710744e-01
6.556850067429046248e+03 9.940711462450593228e-01
6.556887571326907164e+03 9.925183512140033359e-01
6.556925175235161078e+03 9.775550536420101189e-01
6.556962679133021084e+03 9.692264257481648659e-01
6.557000283041275907e+03 9.707792207792207417e-01
6.557037786939135913e+03 9.647092038396386515e-01
6.557075390847390736e+03 9.479107848673066217e-01
6.557112894745250742e+03 9.239130434782608647e-01
6.557150398643111657e+03 9.010446075663467447e-01
6.557188002551365571e+03 8.787408243929982765e-01
6.557225506449225577e+03 8.783173348390739266e-01
6.557263010347085583e+03 9.062676453980801350e-01
6.557300614255339497e+03 9.236307171089779278e-01
6.557338118153200412e+03 9.695087521174478029e-01
6.557375622051061328e+03 1.033879164313946886e+00
6.557413125948920424e+03 1.013551665725578754e+00
6.557450729857175247e+03 1.002258610954263052e+00
6.557488233755035253e+03 1.010446075663467003e+00
6.557525737652896169e+03 1.010304912478825479e+00
6.557563241550755265e+03 1.019480519480519431e+00
6.557600845459010998e+03 1.028938452851496432e+00
6.557638349356870094e+03 1.017786561264822032e+00
6.557675853254731010e+03 1.010163749294184177e+00
6.557713357152591016e+03 9.810841332580463314e-01
6.557750861050451022e+03 9.675324675324675772e-01
6.557788364948311937e+03 9.487577639751553216e-01
6.557825868846171034e+03 9.326651609260304676e-01
6.557863372744031949e+03 8.714003387916431365e-01
6.557900876641891955e+03 9.311123658949745918e-01
6.557938380539751961e+03 9.625917560700169018e-01
6.557975984448006784e+03 9.839073969508752571e-01
6.558013488345866790e+03 6.876058723884810320e-01
6.558050992243726796e+03 1.001552795031055876e+00
6.558088396131192894e+03 1.015669113495200504e+00
6.558125900029052900e+03 9.981648785996611872e-01
6.558163403926913816e+03 9.863071710897798328e-01
6.558200907824772912e+03 9.817899491812535073e-01
6.558238411722633828e+03 9.764257481648785930e-01
6.558275915620493834e+03 9.779785431959344688e-01
6.558313419518353840e+03 9.786843591191417557e-01
6.558350923416214755e+03 9.776962168266516429e-01
6.558388427314073851e+03 9.834839073969509071e-01
6.558425831201539950e+03 9.793901750423489316e-01
6.558463335099400865e+03 9.936476566911349728e-01
6.558500838997259962e+03 9.837662337662337331e-01
6.558538342895120877e+03 9.952004517221908486e-01
6.558575846792981793e+03 9.922360248447205100e-01
6.558613250680446981e+03 1.032891022021456884e+00
6.558650754578306987e+03 1.081874647092038400e+00
6.558688258476167903e+03 1.093591191417278452e+00
6.558725662363633091e+03 1.052089215132693489e+00
6.558763166261493097e+03 1.062394127611518968e+00
6.558800670159354013e+03 1.062958780350084620e+00
6.558838074046820111e+03 1.049124788255223040e+00
6.558875577944679208e+03 1.029926595143986434e+00
6.558913081842540123e+03 1.032891022021456884e+00
6.558950485730006221e+03 1.045172219085262588e+00
6.558987989627866227e+03 1.040654997176736263e+00
6.559025393515332325e+03 1.040654997176736263e+00
6.559062897413192331e+03 1.046725014116318464e+00
6.559100301300657520e+03 1.051665725578769139e+00
6.559137805198518436e+03 1.053783173348390667e+00
6.559175209085984534e+03 1.061123658949745918e+00
6.559212712983843630e+03 1.056465273856578291e+00
6.559250116871309729e+03 1.058582721626199818e+00
6.559287620769170644e+03 1.071852060982495747e+00
6.559325024656636742e+03 1.067899491812535295e+00
6.559362528554495839e+03 1.094720496894409978e+00
6.559399932441961937e+03 1.091473743647656702e+00
6.559437336329428035e+03 1.091473743647656702e+00
6.559474840227288041e+03 1.061547148503670268e+00
6.559512244114754139e+03 1.043054771315640838e+00
6.559549648002220238e+03 1.014398644833427454e+00
6.559587151900080244e+03 9.978825522303783613e-01
6.559624555787546342e+03 9.792490118577075187e-01
6.559661959675011531e+03 9.743083003952569543e-01
6.559699463572872446e+03 9.798136645962732816e-01
6.559736867460338544e+03 9.952004517221908486e-01
6.559774271347804643e+03 1.011434217955957005e+00
6.559811675235269831e+03 1.019198193111236606e+00
6.559849079122735930e+03 1.022586109542631183e+00
6.559886583020595936e+03 1.026115189158667507e+00
6.559923986908062034e+03 1.030773574251835134e+00
6.559961390795528132e+03 1.023291925465838581e+00
6.559998794682993321e+03 1.029926595143986434e+00
6.560036198570459419e+03 1.037831733483907337e+00
6.560073602457925517e+03 1.038255223037831687e+00
6.560111006345391615e+03 1.034867306606437110e+00
6.560148410232857714e+03 1.056182947487295243e+00
6.560185914130717720e+03 1.078910220214567950e+00
6.560223318018183818e+03 1.089215132693393651e+00
6.560260721905649916e+03 1.088650479954827777e+00
6.560298125793116014e+03 1.094297007340485628e+00
6.560335529680582113e+03 1.093308865047995404e+00
6.560372833557653394e+03 1.084415584415584499e+00
6.560410237445118582e+03 1.084980237154150151e+00
6.560447641332584681e+03 1.078345567476002298e+00
6.560485045220050779e+03 1.083286278938452751e+00
6.560522449107516877e+03 1.087944664031620601e+00
6.560559852994982975e+03 1.095567476002258678e+00
6.560597256882448164e+03 1.114483342744212235e+00
6.560634660769914262e+03 1.116459627329192461e+00
6.560672064657379451e+03 1.126764539808018162e+00
6.560709368534451642e+03 1.124364765669113586e+00
6.560746772421917740e+03 1.120412196499152913e+00
6.560784176309383838e+03 1.113212874082439408e+00
6.560821580196849936e+03 1.104601919819311107e+00
6.560858984084315125e+03 1.105025409373235457e+00
6.560896287961387316e+03 1.098390739695087603e+00
6.560933691848852504e+03 1.110530773574251784e+00
6.560971095736318603e+03 1.116036137775268111e+00
6.561008399613389884e+03 1.119424054206662911e+00
6.561045803500855982e+03 1.127188029361942512e+00
6.561083207388322080e+03 1.123658949745906188e+00
6.561120511265393361e+03 1.100225861095426305e+00
6.561157915152859459e+03 1.068887634105025519e+00
6.561195319040325558e+03 1.068181818181818121e+00
6.561232622917397748e+03 1.063382269904008970e+00
6.561270026804862937e+03 1.086815358554489075e+00
6.561307330681934218e+03 1.108413325804630256e+00
6.561344734569400316e+03 1.138198757763975166e+00
6.561382038446471597e+03 1.188311688311688208e+00
6.561419442333937695e+03 1.223884810841332493e+00
6.561456746211008976e+03 1.261434217955957005e+00
6.561494150098475075e+03 1.294184076792772364e+00
6.561531453975547265e+03 1.304771315640880891e+00
6.561568857863013363e+03 1.314935064935064846e+00
6.561606161740084644e+03 1.341050254093732352e+00
6.561643465617155925e+03 1.364906832298136585e+00
6.561680869504622024e+03 1.433935629587803406e+00
6.561718173381693305e+03 1.527526821005081858e+00
6.561755577269159403e+03 1.648080180688876295e+00
6.561792881146231593e+03 1.775127046866177283e+00
6.561830185023302874e+03 1.912619988706945273e+00
6.561867588910768973e+03 2.090203274985883652e+00
6.561904892787840254e+03 2.274562394127611409e+00
6.561942196664912444e+03 2.538537549407114735e+00
6.561979500541983725e+03 2.836391869000564725e+00
6.562016904429449824e+03 3.169536984754376174e+00
6.562054208306521105e+03 3.508469791078486555e+00
6.562091512183593295e+03 3.839497459062676477e+00
6.562128816060664576e+03 4.139892715979672566e+00
6.562166119937735857e+03 4.370129870129869865e+00
6.562203523825201955e+03 4.550536420101637169e+00
6.562240827702273236e+03 4.616036137775267889e+00
6.562278131579345427e+03 4.580604178430265350e+00
6.562315435456416708e+03 4.477696216826651643e+00
6.562352739333487989e+03 4.293619424054206490e+00
6.562390043210560179e+03 4.089638622247317556e+00
6.562427347087631460e+03 3.877611518915866640e+00
6.562464650964702741e+03 3.720779220779220964e+00
6.562501954841774932e+03 3.560982495765104616e+00
6.562539258718846213e+03 3.454121964991530014e+00
6.562576562595917494e+03 3.360389610389610482e+00
6.562613866472988775e+03 3.280632411067193832e+00
6.562651170350060966e+03 3.221908526256352268e+00
6.562688474227132247e+03 3.185911914172783632e+00
6.562725778104203528e+03 3.153867871259175448e+00
6.562763081981275718e+03 3.147092038396386293e+00
6.562800385858346999e+03 3.138481084133258214e+00
6.562837689735418280e+03 3.133681535855449063e+00
6.562874993612490471e+03 3.100931677018633703e+00
6.562912197479167844e+03 3.076228119706380770e+00
6.562949501356240035e+03 3.030632411067193832e+00
6.562986805233311316e+03 2.977837380011293167e+00
6.563024109110382597e+03 2.918266516092602902e+00
6.563061412987454787e+03 2.803924336533031969e+00
6.563098616854131251e+03 2.745623941276114977e+00
6.563135920731203441e+03 2.682100508187464705e+00
6.563173224608274722e+03 2.676736307171089901e+00
6.563210528485346003e+03 2.680124223602484257e+00
6.563247732352023377e+03 2.748306041784302600e+00
6.563285036229094658e+03 2.797148503670242814e+00
6.563322340106166848e+03 2.873235460191982060e+00
6.563359543972844222e+03 2.925607001693958154e+00
6.563396847849915503e+03 2.959062676453980689e+00
6.563434051716592876e+03 2.930547713156408829e+00
6.563471355593664157e+03 2.882834556747600363e+00
6.563508659470736347e+03 2.770892151326934005e+00
6.563545863337412811e+03 2.661349520045172223e+00
6.563583167214485911e+03 2.523150762281197057e+00
6.563620371081162375e+03 2.317617165443252247e+00
6.563657674958234566e+03 2.143562958780349970e+00
6.563694878824911029e+03 1.977413890457368817e+00
6.563732182701983220e+03 1.843026538678712578e+00
6.563769386568659684e+03 1.710756634669678089e+00
6.563806690445731874e+03 1.624929418407679238e+00
6.563843894312409248e+03 1.529361942405420560e+00
6.563881198189481438e+03 1.446357989836250635e+00
6.563918402056157902e+03 1.387775268210050816e+00
6.563955605922835275e+03 1.331592320722755574e+00
6.563992909799906556e+03 1.289666854884246261e+00
6.564030113666584839e+03 1.261857707509881354e+00
6.564067317533261303e+03 1.246753246753246724e+00
6.564104621410333493e+03 1.200875211744776960e+00
6.564141825277009957e+03 1.151750423489553921e+00
6.564179029143687330e+03 1.116883116883116811e+00
6.564216233010365613e+03 1.091332580463015178e+00
6.564253536887436894e+03 1.082015810276679924e+00
6.564290740754114267e+03 1.085262563523433199e+00
6.564327944620790731e+03 1.089356295878034953e+00
6.564365148487469014e+03 1.083850931677018625e+00
6.564402452364540295e+03 1.087380011293054727e+00
6.564439656231217668e+03 1.083003952569169925e+00
6.564476860097895042e+03 1.083709768492377101e+00
6.564514063964571505e+03 1.075381140598531848e+00
6.564551267831249788e+03 1.072275550536420097e+00
6.564588471697927162e+03 1.069734613212873997e+00
6.564625675564603625e+03 1.060841332580463092e+00
6.564662879431280999e+03 1.034020327498588410e+00
6.564700083297959281e+03 1.012845849802371578e+00
6.564737287164635745e+03 1.008893280632411127e+00
6.564774491031313119e+03 9.846132128740824330e-01
6.564811694897991401e+03 9.928006775832862729e-01
6.564848898764667865e+03 9.885657820440428845e-01
6.564886102631345238e+03 9.908243929983060472e-01
6.564923306498022612e+03 1.001976284584980226e+00
6.564960510364699985e+03 1.037690570299266035e+00
6.564997714231377358e+03 1.097120271033314554e+00
6.565034918098054732e+03 1.160926030491247873e+00
6.565072121964731195e+03 1.226708074534161419e+00
6.565109325831409478e+03 1.290796160361377787e+00
6.565146529698086852e+03 1.331309994353472526e+00
6.565183733564763315e+03 1.321287408243929873e+00
6.565220837421046781e+03 1.300959909655561741e+00
6.565258041287724154e+03 1.243083003952569099e+00
6.565295245154401528e+03 1.208074534161490687e+00
6.565332449021078901e+03 1.157255787690570248e+00
6.565369552877361457e+03 1.127752682100508164e+00
6.565406756744038830e+03 1.089638622247318001e+00
6.565443960610717113e+03 1.041078486730660613e+00
6.565481164477393577e+03 1.026115189158667507e+00
6.565518268333676133e+03 1.019198193111236606e+00
6.565555472200354416e+03 1.023009599096555533e+00
6.565592676067031789e+03 1.029926595143986434e+00
6.565629779923314345e+03 1.049407114624505866e+00
6.565666983789991718e+03 1.061264822134387442e+00
6.565704187656669092e+03 1.053783173348390667e+00
6.565741291512951648e+03 1.057876905702992643e+00
6.565778495379629931e+03 1.048983625070581516e+00
6.565815599235912487e+03 1.038819875776397561e+00
6.565852803102588950e+03 1.032044042913608184e+00
6.565889906958872416e+03 1.034867306606437110e+00
6.565927110825549789e+03 1.018774703557312256e+00
6.565964214681833255e+03 1.036420101637492985e+00
6.566001418548510628e+03 1.011857707509881354e+00
6.566038522404793184e+03 1.001693958215697400e+00
6.566075726271470558e+03 9.909655561829474602e-01
6.566112830127753114e+03 1.000282326369282826e+00
6.566149933984036579e+03 1.000988142292490224e+00
6.566187137850713953e+03 1.020609824957650957e+00
6.566224241706996509e+03 1.027103331451157509e+00
6.566261445573674791e+03 1.020609824957650957e+00
6.566298549429957347e+03 1.010728402032749829e+00
6.566335653286240813e+03 1.003387916431394800e+00
6.566372857152917277e+03 1.012281197063805704e+00
6.566409961009199833e+03 1.032608695652173836e+00
6.566447064865483298e+03 1.038114059853190385e+00
6.566484168721765855e+03 1.046019198193111288e+00
6.566521372588444137e+03 1.036278938452851461e+00
6.566558476444726693e+03 1.015951439864483330e+00
6.566595580301010159e+03 1.008046301524562427e+00
6.566632684157292715e+03 9.960474308300395485e-01
6.566669788013576181e+03 9.991530208921513001e-01
6.566706991880253554e+03 1.022586109542631183e+00
6.566744095736536110e+03 1.048983625070581516e+00
6.566781199592819576e+03 1.083992094861660149e+00
6.566818303449102132e+03 1.107284020327498508e+00
6.566855407305385597e+03 1.130434782608695565e+00
6.566892511161668153e+03 1.138198757763975166e+00
6.566929615017951619e+03 1.133540372670807539e+00
6.566966718874234175e+03 1.116741953698475509e+00
6.567003822730517641e+03 1.095002823263692804e+00
6.567040926586800197e+03 1.087944664031620601e+00
6.567078030443083662e+03 1.054206662902315017e+00
6.567115134299366218e+03 1.038819875776397561e+00
6.567152238155649684e+03 1.023433088650479883e+00
6.567189342011932240e+03 1.015104460756634630e+00
6.567226445868215706e+03 1.007763975155279601e+00
6.567263549724498262e+03 1.023150762281197057e+00
6.567300653580781727e+03 1.013410502540937230e+00
6.567337757437064283e+03 1.022868435911914231e+00
6.567374861293347749e+03 1.012281197063805704e+00
6.567411865139235488e+03 1.014822134387351804e+00
6.567448968995519863e+03 1.010022586109542653e+00
6.567486072851802419e+03 1.017080745341614856e+00
6.567523176708085884e+03 1.021033314511575307e+00
6.567560280564368441e+03 1.043901750423489538e+00
6.567597284410257089e+03 1.046583850931676940e+00
6.567634388266540554e+03 1.051383399209486091e+00
6.567671492122823111e+03 1.031761716544325136e+00
6.567708595979106576e+03 1.030350084697910784e+00
6.567745599824994315e+03 1.020045172219085305e+00
6.567782703681277781e+03 1.023433088650479883e+00
6.567819807537560337e+03 1.031902879728966660e+00
6.567856811383449894e+03 1.030773574251835134e+00
6.567893915239732451e+03 1.030067758328627958e+00
6.567930919085621099e+03 1.013269339356295928e+00
6.567968022941904565e+03 1.019621682665160955e+00
6.568005126798187121e+03 1.015104460756634630e+00
6.568042130644076678e+03 1.032891022021456884e+00
6.568079234500359235e+03 1.051524562394127615e+00
6.568116238346247883e+03 1.072275550536420097e+00
6.568153342202531348e+03 1.090909090909090828e+00
6.568190346048419087e+03 1.087380011293054727e+00
6.568227449904702553e+03 1.078063241106719472e+00
6.568264453750591201e+03 1.061970638057594618e+00
6.568301557606874667e+03 1.049548277809147390e+00
6.568338561452763315e+03 1.034726143421795586e+00
6.568375665309045871e+03 1.035149632975719936e+00
6.568412669154934520e+03 1.051806888763410441e+00
6.568449673000824077e+03 1.075381140598531848e+00
6.568486776857106634e+03 1.098814229249011953e+00
6.568523780702995282e+03 1.114059853190287885e+00
6.568560784548883930e+03 1.119424054206662911e+00
6.568597888405167396e+03 1.123800112930547712e+00
6.568634892251056044e+03 1.125070581592320762e+00
6.568671896096943783e+03 1.114906832298136585e+00
6.568708999953227249e+03 1.094720496894409978e+00
6.568746003799116806e+03 1.079616036137775348e+00
6.568783007645004545e+03 1.046583850931676940e+00
6.568820011490893194e+03 1.015245623941276154e+00
6.568857015336782752e+03 9.977413890457368373e-01
6.568894119193065308e+03 9.925183512140033359e-01
6.568931123038953956e+03 1.001976284584980226e+00
6.568968126884843514e+03 9.959062676453981355e-01
6.569005130730731253e+03 9.885657820440428845e-01
6.569042134576619901e+03 9.912478825522303971e-01
6.569079138422509459e+03 9.750141163184641302e-01
6.569116142268397198e+03 9.590626764539808002e-01
6.569153146114285846e+03 9.634387351778656017e-01
6.569190149960175404e+03 9.522868435911914231e-01
6.569227253816457960e+03 9.359119141727837432e-01
6.569264257662346608e+03 9.356295878035008062e-01
6.569301261508236166e+03 9.376058723884810320e-01
6.569338265354124815e+03 9.321005081874647047e-01
6.569375169189618646e+03 9.518633540372670732e-01
6.569412173035507294e+03 9.652738565782044144e-01
6.569449176881395942e+03 9.778373800112930558e-01
6.569486180727285500e+03 9.901185770750987603e-01
6.569523184573173239e+03 9.884246188594014715e-01
6.569560188419061888e+03 9.830604178430265572e-01
6.569597192264951445e+03 9.700734048560135658e-01
6.569634196110839184e+03 9.747317899491813042e-01
6.569671199956728742e+03 9.774138904573687059e-01
6.569708103792222573e+03 9.895539243365329973e-01
6.569745107638112131e+03 1.005505364201016327e+00
6.569782111484000779e+03 1.019339356295878130e+00
6.569819115329888518e+03 1.049689440993788914e+00
6.569856119175778076e+03 1.056182947487295243e+00
6.569893023011271907e+03 1.073404856013551623e+00
6.569930026857161465e+03 1.063241106719367668e+00
6.569967030703049204e+03 1.042207792207792139e+00
6.570003934538543945e+03 1.032891022021456884e+00
6.570040938384432593e+03 1.020750988142292481e+00
6.570077942230322151e+03 1.025832862789384459e+00
6.570114846065815982e+03 1.017645398080180730e+00
6.570151849911704630e+03 1.033032185206098186e+00
6.570188853757593279e+03 1.058159232072275469e+00
6.570225757593088019e+03 1.093450028232636928e+00
6.570262761438976668e+03 1.101778656126482181e+00
6.570299665274471408e+03 1.105166572557876981e+00
6.570336669120359147e+03 1.082439299830604273e+00
6.570373572955853888e+03 1.061688311688311792e+00
6.570410576801742536e+03 1.051948051948051965e+00
6.570447480637237277e+03 1.028656126482213384e+00
6.570484484483125925e+03 1.044042913608131062e+00
6.570521388318620666e+03 1.045172219085262588e+00
6.570558392164509314e+03 1.057453416149068293e+00
6.570595296000003145e+03 1.040513833992094961e+00
6.570632299845892703e+03 1.015951439864483330e+00
6.570669203681386534e+03 1.002823263692828926e+00
6.570706107516881275e+03 9.957651044607566115e-01
6.570743111362769014e+03 9.713438735177866157e-01
6.570780015198263754e+03 9.469226425748165088e-01
6.570816919033758495e+03 9.448051948051947591e-01
6.570853922879647143e+03 9.359119141727837432e-01
6.570890826715141884e+03 9.322416713721061177e-01
6.570927730550636625e+03 9.240542066629022777e-01
6.570964634386130456e+03 9.000564652738566318e-01
6.571001638232020014e+03 9.079616036137775348e-01
6.571038542067513845e+03 9.102202145680406975e-01
6.571075445903007676e+03 9.464991530208921588e-01
6.571112349738502417e+03 9.603331451157538501e-01
6.571149353584391065e+03 9.856013551665725458e-01
6.571186257419885806e+03 9.929418407679276859e-01
6.571223161255380546e+03 9.983060417843026002e-01
6.571260065090875287e+03 9.888481084133258214e-01
6.571296968926369118e+03 9.923771880293619230e-01
6.571333872761863859e+03 1.015669113495200504e+00
6.571370776597358599e+03 1.036984754376058637e+00
6.571407680432852430e+03 1.071993224167137271e+00
6.571444584268347171e+03 1.081592320722755574e+00
6.571481488103841002e+03 1.117447769621682685e+00
6.571518391939335743e+03 1.147656691134951945e+00
6.571555295774829574e+03 1.171654432523997702e+00
6.571592199610324315e+03 1.205110107284020238e+00
6.571629103445819055e+03 1.212168266516092663e+00
6.571666007281312886e+03 1.214568040654997239e+00
6.571702911116807627e+03 1.179700734048560129e+00
6.571739814952302368e+03 1.174195369847543802e+00
6.571776718787797108e+03 1.148785996612083471e+00
6.571813622623290939e+03 1.131140598531902963e+00
6.571850526458785680e+03 1.098108413325804555e+00
6.571887430294280421e+03 1.089920948616600826e+00
6.571924234119380344e+03 1.074110671936758798e+00
6.571961137954875085e+03 1.091614906832298226e+00
6.571998041790368916e+03 1.115189158667419633e+00
6.572034945625863656e+03 1.136504799548277767e+00
6.572071849461358397e+03 1.136222473178994941e+00
6.572108653286458321e+03 1.106578204404291332e+00
6.572145557121953061e+03 1.054347826086956541e+00
6.572182460957446892e+03 1.024562394127611409e+00
6.572219264782546816e+03 1.000000000000000000e+00
6.572256168618041556e+03 9.747317899491813042e-01
6.572293072453536297e+03 9.575098814229249244e-01
6.572329876278636220e+03 9.304065499717674159e-01
6.572366780114130961e+03 8.856578204404291776e-01
6.572403683949624792e+03 8.524844720496894679e-01
6.572440487774724716e+03 7.878317334839074482e-01
6.572477391610219456e+03 7.521174477696216387e-01
6.572514195435319380e+03 7.075098814229249244e-01
6.572551099270814120e+03 6.641727837380011490e-01
6.572588003106308861e+03 6.366459627329192905e-01
6.572624806931408784e+03 6.142010163749294094e-01
6.572661710766902615e+03 6.033314511575381678e-01
6.572698514592002539e+03 6.125070581592321206e-01
6.572735318417103372e+03 6.161773009599096351e-01
6.572772222252597203e+03 6.140598531902879964e-01
6.572809026077697126e+03 6.285996612083568635e-01
6.572845929913191867e+03 6.348108413325804777e-01
6.572882733738291790e+03 6.438452851496330176e-01
6.572919637573786531e+03 6.545736871823828462e-01
6.572956441398887364e+03 6.662902315076227877e-01
6.572993245223987287e+03 6.990400903444381475e-01
6.573030149059482028e+03 7.364483342744212457e-01
6.573066952884581951e+03 7.987012987012986898e-01
6.573103756709681875e+03 8.603896103896103709e-01
6.573140660545176615e+03 9.297007340485601290e-01
6.573177464370276539e+03 9.953416149068322616e-01
6.573214268195376462e+03 1.050112930547713264e+00
6.573251072020476386e+03 1.103472614342179581e+00
6.573287875845576309e+03 1.174760022586109454e+00
6.573324779681071050e+03 1.136787125917560592e+00
6.573361583506171883e+03 1.110248447204968958e+00
6.573398387331271806e+03 1.075522303783173372e+00
6.573435191156371729e+03 1.056041784302653941e+00
6.573471994981471653e+03 1.042913608130999537e+00
6.573508798806571576e+03 1.046160361377752590e+00
6.573545702642066317e+03 1.083003952569169925e+00
6.573582506467166240e+03 1.110248447204968958e+00
6.573619310292266164e+03 1.128740824392998388e+00
6.573656114117366997e+03 1.109401468097120258e+00
6.573692917942466920e+03 1.081027667984189700e+00
6.573729721767566843e+03 1.059147374364765692e+00
6.573766525592666767e+03 1.045031055900621064e+00
6.573803329417766690e+03 1.033455674760022536e+00
6.573840133242866614e+03 9.997176736307170630e-01
6.573876937067967447e+03 9.720496894409937916e-01
6.573913740893067370e+03 9.309712027103331788e-01
6.573950544718168203e+03 9.085262563523432977e-01
6.573987248532873309e+03 8.819875776397515521e-01
6.574024052357973233e+03 8.601072840203275449e-01
6.574060856183074065e+03 8.402032749858836524e-01
6.574097660008173989e+03 8.228402032749858597e-01
6.574134463833273912e+03 8.181818181818182323e-01
6.574171267658373836e+03 8.409090909090909394e-01
6.574208071483473759e+03 8.764822134387352248e-01
6.574244775298180684e+03 9.151609260304912619e-01
6.574281579123280608e+03 9.294184076792771920e-01
6.574318382948380531e+03 9.178430265386786635e-01
6.574355186773480455e+03 9.071146245059288349e-01
6.574391890588185561e+03 8.870694522868436405e-01
6.574428694413287303e+03 8.705533596837944366e-01
6.574465498238387227e+03 8.862224731789949406e-01
6.574502202053092333e+03 9.109260304912478734e-01
6.574539005878192256e+03 9.323828345567476417e-01
6.574575809703292180e+03 9.457933370976848719e-01
6.574612513517999105e+03 9.594861660079051502e-01
6.574649317343099028e+03 9.709203839638622657e-01
6.574686121168198952e+03 9.719085262563523786e-01
6.574722824982904058e+03 9.736024844720496674e-01
6.574759628808004891e+03 9.892715979672501714e-01
6.574796332622710906e+03 9.785431959345002317e-01
6.574833136447810830e+03 9.648503670242800645e-01
6.574869840262516846e+03 9.617447769621683129e-01
6.574906644087616769e+03 9.569452286843591615e-01
6.574943347902322785e+03 9.836250705815923201e-01
6.574980151727422708e+03 1.003246753246753276e+00
6.575016855542128724e+03 1.035149632975719936e+00
6.575053659367228647e+03 1.051948051948051965e+00
6.575090363181934663e+03 1.052089215132693489e+00
6.575127066996640679e+03 1.056747600225861117e+00
6.575163870821740602e+03 1.057453416149068293e+00
6.575200574636446618e+03 1.047571993224167164e+00
6.575237278451151724e+03 1.060135516657255694e+00
6.575274082276252557e+03 1.060276679841897218e+00
6.575310786090958572e+03 1.061547148503670268e+00
6.575347489905663679e+03 1.064652738565782020e+00
6.575384293730764512e+03 1.037549407114624511e+00
6.575420997545470527e+03 9.957651044607566115e-01
6.575457701360175633e+03 9.425465838509317074e-01
6.575494405174881649e+03 8.913043478260869179e-01
6.575531208999981573e+03 8.526256352343308809e-01
6.575567912814687588e+03 8.339920948616600382e-01
6.575604616629393604e+03 8.344155844155843882e-01
6.575641320444099620e+03 8.812817617165443762e-01
6.575678024258804726e+03 9.150197628458498489e-01
6.575714728073511651e+03 9.316770186335403547e-01
6.575751531898611574e+03 9.371823828345567930e-01
6.575788235713316681e+03 9.289949181253529531e-01
6.575824939528023606e+03 9.329474872953134046e-01
6.575861643342728712e+03 9.421230942970073574e-01
6.575898347157433818e+03 9.596273291925465632e-01
6.575935050972140743e+03 9.983060417843026002e-01
6.575971754786845850e+03 1.019198193111236606e+00
6.576008458601552775e+03 1.026679841897233159e+00
6.576045162416257881e+03 1.019057029926595082e+00
6.576081866230963897e+03 1.000000000000000000e+00
6.576118570045669912e+03 9.664031620553359403e-01
6.576155273860375019e+03 9.335121400338791675e-01
6.576191977675081034e+03 9.086674195369847107e-01
6.576228681489787050e+03 8.829757199322416650e-01
6.576265285294098248e+03 8.516374929418407680e-01
6.576301989108804264e+03 8.427442123094297521e-01
6.576338692923510280e+03 8.249576510446076094e-01
6.576375396738216295e+03 8.098531902879728683e-01
6.576412100552922311e+03 8.064652738565781798e-01
6.576448804367627417e+03 8.266516092603048982e-01
6.576485408171939525e+03 8.705533596837944366e-01
6.576522111986644632e+03 9.110671936758892864e-01
6.576558815801351557e+03 9.408526256352343076e-01
6.576595519616056663e+03 9.731789949181253174e-01
6.576632123420368771e+03 9.716261998870694416e-01
6.576668827235073877e+03 9.688029361942405160e-01
6.576705531049779893e+03 9.594861660079051502e-01
6.576742134854092001e+03 9.404291360813099576e-01
6.576778838668797107e+03 9.264539808018068534e-01
6.576815542483503123e+03 9.209486166007905261e-01
6.576852146287814321e+03 9.107848673066064604e-01
6.576888850102521246e+03 9.304065499717674159e-01
6.576925553917226352e+03 9.603331451157538501e-01
6.576962157721538460e+03 1.008469791078486777e+00
6.576998861536243567e+03 1.060982495765104394e+00
6.577035465340555675e+03 1.102766798418972405e+00
6.577072169155261690e+03 1.135375494071146241e+00
6.577108772959572889e+03 1.180406549971767305e+00
6.577145476774278904e+03 1.220073404856013566e+00
6.577182080578591012e+03 1.222473178994918142e+00
6.577218784393296119e+03 1.234048560135516670e+00
6.577255388197608227e+03 1.181253529079616005e+00
6.577292092012313333e+03 1.120976849237718787e+00
6.577328695816625441e+03 1.077780914737436424e+00
6.577365299620936639e+03 1.037690570299266035e+00
6.577402003435642655e+03 9.887069452286844085e-01
6.577438607239953853e+03 9.515810276679841362e-01
6.577475211044265961e+03 9.287125917560700161e-01
6.577511914858971068e+03 8.992094861660079319e-01
6.577548518663283176e+03 8.880575945793337533e-01
6.577585122467594374e+03 8.814229249011857892e-01
6.577621826282300390e+03 8.763410502540937008e-01
6.577658430086611588e+03 8.883399209486165793e-01
6.577695033890923696e+03 8.821287408243929651e-01
6.577731637695234895e+03 8.791643139469226265e-01
6.577768341509940910e+03 8.757763975155279379e-01
6.577804945314253018e+03 8.644833427442123464e-01
6.577841549118563307e+03 8.632128740824392965e-01
6.577878152922875415e+03 8.632128740824392965e-01
6.577914756727186614e+03 8.578486730660643822e-01
6.577951360531498722e+03 8.634952004517222335e-01
6.577987964335810830e+03 8.698475437605872607e-01
6.578024668150515936e+03 8.770468661773009877e-01
6.578061271954828044e+03 8.870694522868436405e-01
6.578097875759139242e+03 8.996329757199322819e-01
6.578134479563450441e+03 9.140316205533597360e-01
6.578171083367761639e+03 9.295595708639187160e-01
6.578207687172073747e+03 9.450875211744776960e-01
6.578244290976385855e+03 9.449463579898362831e-01
6.578280894780696144e+03 9.402879728966685446e-01
6.578317498585008252e+03 9.274421230942969663e-01
