6.546969079001950377e+03 1.048489314664701633e+00
6.547006982502142819e+03 1.047162859248341960e+00
6.547044986011573201e+03 1.021518054532055908e+00
6.547082889511766552e+03 1.042888725128960914e+00
6.547120893021195116e+03 1.053647752394988979e+00
6.547158796521389377e+03 1.024907885040530653e+00
6.547196800030817940e+03 1.020633750921149607e+00
6.547234703531012201e+03 1.015770081061164287e+00
6.547272707040440764e+03 1.020633750921149607e+00
6.547310610540635025e+03 1.053352984524686731e+00
6.547348514040829286e+03 1.066175386882829867e+00
6.547386517550257850e+03 1.093294030950626272e+00
6.547424421050451201e+03 1.123065585851142245e+00
6.547462324550645462e+03 1.129697862932940389e+00
6.547500328060074025e+03 1.142815033161385330e+00
6.547538231560268287e+03 1.136624907885040558e+00
6.547576135060462548e+03 1.141046425939572506e+00
6.547614138569891111e+03 1.135003684598378859e+00
6.547652042070085372e+03 1.104053058216654337e+00
6.547689945570278724e+03 1.101252763448784089e+00
6.547727849070472075e+03 1.091525423728813449e+00
6.547765852579901548e+03 1.127192336035372167e+00
6.547803756080095809e+03 1.105674281503316037e+00
6.547841659580289161e+03 1.096536477523949893e+00
6.547879563080482512e+03 1.083419307295504730e+00
6.547917466580676773e+03 1.067649226234340443e+00
6.547955370080870125e+03 1.037140751658069293e+00
6.547993273581064386e+03 1.011201179071481215e+00
6.548031277090493859e+03 1.002947678703021372e+00
6.548069180590686301e+03 9.918938835666912812e-01
6.548107084090880562e+03 9.871775976418570853e-01
6.548144987591074823e+03 9.867354458364038239e-01
6.548182891091268175e+03 9.814296241709653534e-01
6.548220794591461527e+03 9.896831245394251964e-01
6.548258698091655788e+03 9.646278555637435304e-01
6.548296601591850049e+03 9.472365512159174328e-01
6.548334505092043401e+03 9.702284450994841380e-01
6.548372408592236752e+03 9.603537214443625958e-01
6.548410312092431013e+03 9.796610169491525300e-01
6.548448115583389153e+03 9.775976418570375692e-01
6.548486019083582505e+03 9.733235077376566347e-01
6.548523922583776766e+03 9.708179808400884125e-01
6.548561826083971027e+03 9.728813559322033733e-01
6.548599729584163470e+03 9.634487840825349814e-01
6.548637633084357731e+03 9.733235077376566347e-01
6.548675536584551992e+03 9.715549005158438112e-01
6.548713340075510132e+03 1.003684598378776771e+00
6.548751243575704393e+03 9.997052321296978628e-01
6.548789147075897745e+03 1.005747973470891621e+00
6.548827050576091096e+03 1.017538688282977111e+00
6.548864854067050146e+03 1.050257921886514456e+00
6.548902757567244407e+03 1.073544583640383188e+00
6.548940661067436849e+03 1.071628592483419240e+00
6.548978564567631111e+03 1.057774502579218900e+00
6.549016368058589251e+03 1.053058216654384704e+00
6.549054271558783512e+03 1.044215180545320587e+00
6.549092175058976864e+03 1.006190125276344771e+00
6.549129978549935004e+03 9.728813559322033733e-01
6.549167882050129265e+03 9.593220338983050599e-01
6.549205685541087405e+03 9.221812822402357668e-01
6.549243589041281666e+03 9.196757553426676557e-01
6.549281492541475018e+03 8.955047899778924014e-01
6.549319296032433158e+03 9.417833456153279492e-01
6.549357199532627419e+03 9.459100957995578707e-01
6.549395003023585559e+03 9.380987472365511781e-01
6.549432906523779820e+03 9.286661753868827862e-01
6.549470710014737961e+03 9.127487103905673749e-01
6.549508613514931312e+03 9.042004421518055057e-01
6.549546417005890362e+03 8.956521739130435256e-01
6.549584220496848502e+03 8.929992630803242903e-01
6.549622123997042763e+03 9.170228445099484205e-01
6.549659927488000903e+03 8.899042004421517937e-01
6.549697830988195165e+03 8.988946204863670353e-01
6.549735634479152395e+03 8.999263080324244601e-01
6.549773437970111445e+03 9.128960943257184990e-01
6.549811341470304797e+03 8.772291820191598921e-01
6.549849144961263846e+03 8.632277081798084284e-01
6.549886948452221986e+03 9.137803979366249107e-01
6.549924851952416248e+03 8.963890935887988132e-01
6.549962655443374388e+03 9.245394252026528648e-01
6.550000458934332528e+03 9.401621223286661388e-01
6.550038262425290668e+03 9.565217391304348116e-01
6.550076165925484929e+03 9.577008106116433606e-01
6.550113969416443069e+03 9.696389093588798636e-01
6.550151772907401210e+03 1.008253500368459843e+00
6.550189576398360259e+03 9.992630803242447124e-01
6.550227379889318399e+03 1.015033161385408889e+00
6.550265183380276540e+03 1.042446573323507764e+00
6.550303086880470801e+03 1.039204126750184143e+00
6.550340890371428941e+03 1.044509948415622613e+00
6.550378693862387081e+03 1.017096536477523960e+00
6.550416497353345221e+03 1.028739867354458326e+00
6.550454300844304271e+03 1.005158437730287346e+00
6.550492104335262411e+03 9.767133382461311575e-01
6.550529907826220551e+03 9.755342667649226085e-01
6.550567711317179601e+03 9.725865880619012360e-01
6.550605514808137741e+03 9.799557848194546672e-01
6.550643318299096791e+03 9.585851142225497723e-01
6.550681121790054931e+03 9.855563743551952749e-01
6.550718925281013071e+03 9.752394988946204712e-01
6.550756728771972121e+03 9.494473102431835176e-01
6.550794532262930261e+03 9.733235077376566347e-01
6.550832335753888401e+03 9.582903463522476351e-01
6.550870039235611330e+03 9.341193809874723808e-01
6.550907842726570379e+03 9.121591746499631004e-01
6.550945646217528520e+03 8.672070744288872257e-01
6.550983449708487569e+03 8.621960206337508925e-01
6.551021253199444800e+03 8.560058953574060103e-01
6.551059056690402940e+03 8.440677966101695073e-01
6.551096760172126778e+03 8.630803242446573043e-01
6.551134563663085828e+03 8.722181282240235589e-01
6.551172367154043059e+03 8.819454679439940881e-01
6.551210170645002108e+03 8.924097273397200158e-01
6.551247874126725947e+03 9.127487103905673749e-01
6.551285677617683177e+03 9.212969786293293550e-01
6.551323481108641317e+03 9.083271923360354272e-01
6.551361184590365156e+03 9.161385408990420087e-01
6.551398988081323296e+03 9.173176123802505577e-01
6.551436791572281436e+03 9.192336035372143943e-01
6.551474495054005274e+03 9.018422991893884078e-01
6.551512298544963414e+03 9.183492999263079826e-01
6.551550102035921554e+03 9.223286661753868909e-01
6.551587805517645393e+03 9.246868091378039889e-01
6.551625609008603533e+03 9.322033898305084332e-01
6.551663312490326462e+03 9.404568901989682761e-01
6.551701115981285511e+03 9.638909358879882427e-01
6.551738819463008440e+03 9.473839351510685569e-01
6.551776622953966580e+03 9.864406779661016866e-01
6.551814326435689509e+03 9.948415622697126537e-01
6.551852129926647649e+03 9.790714812085482555e-01
6.551889833408370578e+03 9.918938835666912812e-01
6.551927636899329627e+03 9.795136330140015168e-01
6.551965340381052556e+03 1.000147383935151124e+00
6.552003043862775485e+03 9.812822402358143403e-01
6.552040847353733625e+03 9.571112748710390861e-01
6.552078550835456554e+03 9.600589535740604585e-01
6.552116254317179482e+03 9.472365512159174328e-01
6.552154057808138532e+03 9.525423728813559032e-01
6.552191761289862370e+03 9.669859985261606283e-01
6.552229464771585299e+03 9.490051584377302563e-01
6.552267268262543439e+03 9.526897568165070274e-01
6.552304971744266368e+03 9.784819454679439810e-01
6.552342675225989296e+03 9.445836403831981976e-01
6.552380378707712225e+03 9.370670596904937533e-01
6.552418182198670365e+03 9.544583640383198508e-01
6.552455885680393294e+03 9.398673544583640016e-01
6.552493589162116223e+03 9.332350773765659691e-01
6.552531292643839151e+03 9.606484893146647330e-01
6.552568996125562990e+03 9.453205600589535962e-01
6.552606699607285918e+03 9.662490788504053407e-01
6.552644503098244968e+03 9.509211495946942039e-01
6.552682206579967897e+03 9.610906411201178834e-01
6.552719910061690825e+03 1.001768607221812823e+00
6.552757613543413754e+03 1.003831982313927673e+00
6.552795317025136683e+03 1.000736919675755399e+00
6.552833020506859611e+03 9.994104642593957255e-01
6.552870723988583450e+03 9.814296241709653534e-01
6.552908427470306378e+03 1.004568901989683072e+00
6.552946130952029307e+03 1.012675018422991791e+00
6.552983834433752236e+03 1.009874723655121542e+00
6.553021537915475164e+03 9.991156963890935883e-01
6.553059241397198093e+03 1.037288135593220417e+00
6.553096944878921931e+03 1.032571849668386221e+00
6.553134648360644860e+03 1.002358142962417098e+00
6.553172351842367789e+03 9.540162122328665895e-01
6.553209955314855506e+03 9.380987472365511781e-01
6.553247658796578435e+03 9.292557111274870607e-01
6.553285362278302273e+03 9.425202652910832368e-01
6.553323065760025202e+03 9.694915254237288504e-01
6.553360769241748130e+03 9.879145173176123729e-01
6.553398472723471059e+03 9.911569638909358826e-01
6.553436076195957867e+03 9.857037582903463990e-01
6.553473779677681705e+03 1.021518054532055908e+00
6.553511483159404634e+03 9.980840088430361634e-01
6.553549186641127562e+03 9.737656595431097850e-01
6.553586790113615280e+03 9.930729550478998302e-01
6.553624493595338208e+03 9.917464996315401571e-01
6.553662197077062046e+03 9.342667649226233939e-01
6.553699800549549764e+03 9.373618275607958905e-01
6.553737504031272692e+03 9.083271923360354272e-01
6.553775207512995621e+03 9.304347826086956097e-01
6.553812810985483338e+03 9.336772291820191194e-01
6.553850514467206267e+03 9.279292557111274986e-01
6.553888217948929196e+03 9.490051584377302563e-01
6.553925821421416913e+03 9.693441414885777263e-01
6.553963524903139842e+03 9.958732498157700785e-01
6.554001128375628468e+03 1.004716285924834196e+00
6.554038831857351397e+03 1.031245394252026548e+00
6.554076435329838205e+03 1.016507000736919686e+00
6.554114138811562043e+03 1.005158437730287346e+00
6.554151742284049760e+03 9.973470891672807648e-01
6.554189445765772689e+03 9.988209285187914510e-01
6.554227049238260406e+03 9.908621960206337453e-01
6.554264652710748123e+03 9.831982313927781769e-01
6.554302356192471052e+03 9.941046425939572551e-01
6.554339959664958769e+03 9.725865880619012360e-01
6.554377663146682607e+03 9.834929992630803142e-01
6.554415266619170325e+03 1.037140751658069293e+00
6.554452870091657132e+03 1.015327929255711137e+00
6.554490573573380061e+03 1.062932940309506247e+00
6.554528177045868688e+03 1.091967575534266821e+00
6.554565780518356405e+03 1.095062638172439096e+00
6.554603484000079334e+03 1.078408253500368508e+00
6.554641087472567051e+03 1.123655121591746520e+00
6.554678690945054768e+03 1.101105379513632965e+00
6.554716294417542485e+03 1.124097273397199670e+00
6.554753897890030203e+03 1.121886514369933696e+00
6.554791601371753131e+03 1.085335298452468678e+00
6.554829204844240849e+03 1.050110537951363332e+00
6.554866808316728566e+03 1.055121591746499554e+00
6.554904411789216283e+03 1.041120117907148090e+00
6.554942015261704910e+03 1.058216654384672051e+00
6.554979618734191718e+03 1.039646278555637515e+00
6.555017322215914646e+03 1.048194546794399384e+00
6.555054925688402363e+03 1.061753868828297698e+00
6.555092529160890990e+03 1.040530582166543816e+00
6.555130132633377798e+03 1.049668386145910182e+00
6.555167736105866425e+03 9.971997052321297517e-01
6.555205339578354142e+03 1.022107590272660183e+00
6.555242943050840950e+03 9.997052321296978628e-01
6.555280546523329576e+03 9.821665438467207521e-01
6.555318149995817294e+03 9.936624907885041047e-01
6.555355753468304101e+03 9.634487840825349814e-01
6.555393356940792728e+03 9.973470891672807648e-01
6.555430960413280445e+03 1.010759027266028065e+00
6.555468463876532951e+03 1.039646278555637515e+00
6.555506067349019759e+03 1.053795136330140103e+00
6.555543670821508385e+03 1.070891672807664063e+00
6.555581274293996103e+03 1.066322770817980770e+00
6.555618877766482910e+03 1.022549742078113555e+00
6.555656481238971537e+03 1.011495946941783242e+00
6.555694084711459254e+03 9.814296241709653534e-01
6.555731588174711760e+03 9.736182756079587719e-01
6.555769191647199477e+03 9.920412675018422943e-01
6.555806795119686285e+03 1.003537214443625647e+00
6.555844398592174912e+03 1.055858511422254953e+00
6.555881902055426508e+03 1.072218128224023515e+00
6.555919505527915135e+03 1.103021370670596912e+00
6.555957109000402852e+03 1.131466470154753212e+00
6.555994612463655358e+03 1.133824613117170310e+00
6.556032215936142165e+03 1.123360353721444271e+00
6.556069819408630792e+03 1.109064112011790781e+00
6.556107322871882388e+03 1.099926308032424416e+00
6.556144926344370106e+03 1.134266764922623461e+00
6.556182529816858732e+03 1.108032424465733135e+00
6.556220033280110329e+03 1.067649226234340443e+00
6.556257636752598955e+03 1.074871039056742861e+00
6.556295140215850552e+03 1.071923360353721488e+00
6.556332743688339178e+03 1.078113485630066259e+00
6.556370247151590775e+03 1.083714075165806978e+00
6.556407850624079401e+03 1.097568165070007318e+00
6.556445354087330998e+03 1.103168754605748036e+00
6.556482957559818715e+03 1.096536477523949893e+00
6.556520461023071221e+03 1.103905674281503213e+00
6.556558064495558938e+03 1.110980103168754507e+00
6.556595567958811444e+03 1.107885040530582232e+00
6.556633071422063949e+03 1.130582166543846689e+00
6.556670674894551667e+03 1.083419307295504730e+00
6.556708178357804172e+03 1.062490788504053096e+00
6.556745781830291889e+03 1.038172439204126718e+00
6.556783285293544395e+03 1.001768607221812823e+00
6.556820788756796901e+03 9.784819454679439810e-01
6.556858392229284618e+03 9.942520265291083792e-01
6.556895895692536214e+03 9.768607221812822816e-01
6.556933399155788720e+03 9.889462048636699087e-01
6.556970902619042135e+03 1.010611643330876941e+00
6.557008506091528943e+03 1.015475313190862261e+00
6.557046009554782358e+03 9.969049373618276144e-01
6.557083513018033955e+03 1.008106116433308719e+00
6.557121016481286460e+03 1.031982313927781947e+00
6.557158519944538057e+03 1.018717759764185660e+00
6.557196123417026683e+03 9.516580692704494915e-01
6.557233626880278280e+03 1.009874723655121542e+00
6.557271130343531695e+03 1.026529108327192352e+00
6.557308633806784201e+03 1.023286661753868731e+00
6.557346137270035797e+03 7.914517317612380642e-01
6.557383640733288303e+03 9.994104642593957255e-01
6.557421144196540808e+03 1.010169491525423791e+00
6.557458647659793314e+03 1.056595431098010351e+00
6.557496151123045820e+03 1.012969786293294039e+00
6.557533654586298326e+03 1.091672807663964573e+00
6.557571158049550831e+03 1.100073691967575540e+00
6.557608661512802428e+03 1.125718496683861369e+00
6.557646164976054934e+03 1.095062638172439096e+00
6.557683668439308349e+03 1.089167280766396573e+00
6.557721171902559945e+03 1.063669859985261645e+00
6.557758675365812451e+03 1.034929992630803319e+00
6.557796178829064957e+03 1.029034635224760574e+00
6.557833682292317462e+03 1.056448047162859227e+00
6.557871185755569968e+03 1.022107590272660183e+00
6.557908589209586353e+03 1.053205600589535829e+00
6.557946092672838859e+03 1.053352984524686731e+00
6.557983596136092274e+03 1.066764922623434142e+00
6.558021099599343870e+03 1.052616064848931554e+00
6.558058603062596376e+03 1.073249815770081161e+00
6.558096006516613670e+03 1.057774502579218900e+00
6.558133509979865266e+03 1.072955047899778913e+00
6.558171013443118682e+03 1.089609432571849723e+00
6.558208516906370278e+03 1.078850405305821658e+00
6.558245920360387572e+03 1.087546057479734651e+00
6.558283423823640078e+03 1.063964627855563672e+00
6.558320927286892584e+03 1.062932940309506247e+00
6.558358330740908968e+03 1.086072218128224076e+00
6.558395834204162384e+03 1.057184966838614626e+00
6.558433337667414889e+03 1.061753868828297698e+00
6.558470741121431274e+03 1.055416359616801802e+00
6.558508244584683780e+03 1.038614591009579868e+00
6.558545648038701074e+03 1.035666912306558496e+00
6.558583151501952671e+03 1.014591009579955738e+00
6.558620554955969965e+03 1.025055268975681555e+00
6.558658058419223380e+03 1.025055268975681555e+00
6.558695461873240674e+03 1.011643330876934366e+00
6.558732965336492271e+03 1.036403831982313894e+00
6.558770368790509565e+03 1.031982313927781947e+00
6.558807872253762071e+03 1.070596904937361815e+00
6.558845275707778455e+03 1.123802505526897644e+00
6.558882779171030961e+03 1.174649963154016152e+00
6.558920182625048255e+03 1.187324981577008165e+00
6.558957686088299852e+03 1.233456153279292478e+00
6.558995089542317146e+03 1.241709653647752321e+00
6.559032492996334440e+03 1.233308769344141576e+00
6.559069996459587855e+03 1.245836403831982242e+00
6.559107399913604240e+03 1.210316875460574870e+00
6.559144803367620625e+03 1.217980840088430439e+00
6.559182306830874040e+03 1.191304347826086962e+00
6.559219710284891335e+03 1.170523212969786231e+00
6.559257113738908629e+03 1.149594694178334597e+00
6.559294517192924104e+03 1.138246131171702258e+00
6.559332020656177519e+03 1.111864406779661030e+00
6.559369424110194814e+03 1.130729550478997814e+00
6.559406827564212108e+03 1.130287398673544663e+00
6.559444231018228493e+03 1.142962417096536454e+00
6.559481634472244878e+03 1.168754605747973407e+00
6.559519037926262172e+03 1.159322033898305015e+00
6.559556541389515587e+03 1.170670596904937355e+00
6.559593944843532881e+03 1.168017686072218231e+00
6.559631348297548357e+03 1.194399410464259459e+00
6.559668751751565651e+03 1.160353721444362662e+00
6.559706155205582945e+03 1.126013264554163618e+00
6.559743558659600239e+03 1.089314664701547475e+00
6.559780962113617534e+03 1.088282977155490050e+00
6.559818365567634828e+03 1.077376565954311083e+00
6.559855769021651213e+03 1.065143699336772221e+00
6.559893172475668507e+03 1.061311717022844547e+00
6.559930575929685801e+03 1.074281503316138586e+00
6.559967979383703096e+03 1.100957995578481841e+00
6.560005382837720390e+03 1.072070744288872612e+00
6.560042786291736775e+03 1.088872512896094324e+00
6.560080189745754069e+03 1.084450994841562377e+00
6.560117593199770454e+03 1.101400147383935213e+00
6.560154996653787748e+03 1.064701547531319070e+00
6.560192300098569831e+03 1.051879145173176155e+00
6.560229703552587125e+03 1.101989683124539487e+00
6.560267107006604419e+03 1.122181282240235722e+00
6.560304510460620804e+03 1.147531319086219526e+00
6.560341913914638099e+03 1.195431098010316884e+00
6.560379217359419272e+03 1.194252026529108335e+00
6.560416620813436566e+03 1.218128224023581341e+00
6.560454024267453860e+03 1.211790714812085445e+00
6.560491427721471155e+03 1.203095062638172452e+00
6.560528731166252328e+03 1.187177597641857041e+00
6.560566134620269622e+03 1.185851142225497368e+00
6.560603538074286007e+03 1.184377302873986793e+00
6.560640841519068999e+03 1.181134856300663172e+00
6.560678244973085384e+03 1.198968312453942531e+00
6.560715648427102678e+03 1.222844509948415537e+00
6.560752951871883852e+03 1.245541635961680216e+00
6.560790355325901146e+03 1.229476787030213680e+00
6.560827658770683229e+03 1.231392778187177628e+00
6.560865062224700523e+03 1.202210759027265929e+00
6.560902465678717817e+03 1.227118644067796582e+00
6.560939769123498991e+03 1.203095062638172452e+00
6.560977172577516285e+03 1.185998526160648492e+00
6.561014476022298368e+03 1.181282240235814296e+00
6.561051879476314753e+03 1.190272660280029537e+00
6.561089182921095926e+03 1.168312453942520257e+00
6.561126486365878918e+03 1.185114222549741969e+00
6.561163889819895303e+03 1.234045689019896752e+00
6.561201193264676476e+03 1.236993367722918125e+00
6.561238596718693771e+03 1.247015475313190791e+00
6.561275900163475853e+03 1.234782608695652151e+00
6.561313203608257027e+03 1.225055268975681733e+00
6.561350607062274321e+03 1.219159911569638988e+00
6.561387910507056404e+03 1.207663964627855524e+00
6.561425213951837577e+03 1.211348563006632295e+00
6.561462617405854871e+03 1.231687546057479654e+00
6.561499920850636954e+03 1.302431834929992593e+00
6.561537224295418127e+03 1.332940309506263743e+00
6.561574627749435422e+03 1.349742078113485677e+00
6.561611931194217505e+03 1.423581429624170891e+00
6.561649234638998678e+03 1.411201179071481127e+00
6.561686538083780761e+03 1.447457627118644119e+00
6.561723841528561934e+03 1.479587324981576968e+00
6.561761244982579228e+03 1.550478997789241031e+00
6.561798548427361311e+03 1.601179071481208638e+00
6.561835851872142484e+03 1.729697862932940255e+00
6.561873155316924567e+03 1.924392041267501741e+00
6.561910458761706650e+03 2.045689019896831162e+00
6.561947762206487823e+03 2.301400147383934947e+00
6.561985065651269906e+03 2.603095062638172585e+00
6.562022369096051079e+03 2.861901252763448866e+00
6.562059672540833162e+03 3.318791451731761377e+00
6.562096975985614336e+03 3.630655858511422363e+00
6.562134279430396418e+03 4.121296978629329644e+00
6.562171582875178501e+03 4.458216654384671962e+00
6.562208886319959674e+03 4.697126013264553812e+00
6.562246189764742667e+03 4.819454679439941103e+00
6.562283493209523840e+03 4.767722918201916293e+00
6.562320796654305923e+03 4.693883566691230413e+00
6.562358100099087096e+03 4.569344141488577371e+00
6.562395403543869179e+03 4.327634487840825273e+00
6.562432706988650352e+03 4.071039056742814743e+00
6.562470010433432435e+03 3.833898305084745939e+00
6.562507313878214518e+03 3.560353721444362574e+00
6.562544517313760480e+03 3.315106853352984384e+00
6.562581820758541653e+03 3.128960943257184990e+00
6.562619124203323736e+03 3.027413411938098875e+00
6.562656427648104909e+03 2.875165806927045153e+00
6.562693731092886992e+03 2.782608695652173836e+00
6.562730934528433863e+03 2.676344878408253525e+00
6.562768237973215946e+03 2.533382461311716849e+00
6.562805541417997119e+03 2.409727339719970551e+00
6.562842744853543081e+03 2.342225497420781011e+00
6.562880048298325164e+03 2.296831245394252097e+00
6.562917351743107247e+03 2.247162859248342137e+00
6.562954555178653209e+03 2.187030213706706139e+00
6.562991858623434382e+03 2.127634487840825539e+00
6.563029162068216465e+03 2.149005158437730323e+00
6.563066365503763336e+03 2.179513633014001694e+00
6.563103668948545419e+03 2.245836403831982242e+00
6.563140872384091381e+03 2.316433308769344279e+00
6.563178175828872554e+03 2.453058216654384616e+00
6.563215479273654637e+03 2.602947678703021239e+00
6.563252682709200599e+03 2.819896831245394253e+00
6.563289986153982682e+03 2.963890935887988132e+00
6.563327189589529553e+03 3.135003684598378637e+00
6.563364493034310726e+03 3.186735445836403890e+00
6.563401696469857598e+03 3.180397936624907995e+00
6.563438899905403559e+03 3.069565217391304390e+00
6.563476203350184733e+03 2.853942520265291272e+00
6.563513406785732514e+03 2.645983787767133499e+00
6.563550710230513687e+03 2.449963154016212119e+00
6.563587913666059649e+03 2.256742815033161431e+00
6.563625117101606520e+03 2.080471628592483579e+00
6.563662420546387693e+03 1.972144436256447975e+00
6.563699623981933655e+03 1.867943994104642513e+00
6.563736827417480526e+03 1.781429624170965287e+00
6.563774130862262609e+03 1.641562269712601330e+00
6.563811334297808571e+03 1.567870302137067018e+00
6.563848537733354533e+03 1.493441414885777530e+00
6.563885741168902314e+03 1.420191599115696368e+00
6.563923044613683487e+03 1.369491525423728762e+00
6.563960248049229449e+03 1.312748710390567508e+00
6.563997451484776320e+03 1.247899778924097314e+00
6.564034654920322282e+03 1.212675018422991968e+00
6.564071858355869153e+03 1.174649963154016152e+00
6.564109061791415115e+03 1.130434782608695565e+00
6.564146365236197198e+03 1.119086219602063448e+00
6.564183568671743160e+03 1.127192336035372167e+00
6.564220772107289122e+03 1.141341193809874754e+00
6.564257975542835993e+03 1.120854826823876271e+00
6.564295178978381955e+03 1.156669123065585891e+00
6.564332382413928826e+03 1.117464996315401526e+00
6.564369585849475698e+03 1.108179808400884259e+00
6.564406789285021659e+03 1.079292557111274808e+00
6.564443992720567621e+03 1.077671333824613109e+00
6.564481196156113583e+03 1.051289609432571881e+00
6.564518399591661364e+03 1.091083271923360298e+00
6.564555603027207326e+03 1.039351510685335267e+00
6.564592806462753288e+03 1.015327929255711137e+00
6.564630009898299249e+03 1.005305821665438470e+00
6.564667213333846121e+03 1.004274134119381046e+00
6.564704416769392992e+03 9.873249815770080984e-01
6.564741520195702833e+03 9.705232129697862753e-01
6.564778723631250614e+03 9.666912306558584911e-01
6.564815927066796576e+03 9.226234340456890282e-01
6.564853130502342538e+03 9.550478997789241253e-01
6.564890333937889409e+03 9.566691230655858247e-01
6.564927537373435371e+03 9.656595431098010662e-01
6.564964640799746121e+03 1.017096536477523960e+00
6.565001844235292992e+03 1.018422991893883633e+00
6.565039047670839864e+03 1.050257921886514456e+00
6.565076151097149705e+03 1.059248341930729476e+00
6.565113354532697485e+03 1.070007369196757541e+00
6.565150557968243447e+03 1.096683861459101017e+00
6.565187761403789409e+03 1.129255711127487016e+00
6.565224864830101069e+03 1.152984524686809120e+00
6.565262068265647031e+03 1.186588061901252766e+00
6.565299171691957781e+03 1.195136330140014636e+00
6.565336375127504652e+03 1.214885777450257942e+00
6.565373578563050614e+03 1.228445099484156255e+00
6.565410681989361365e+03 1.208990420044215197e+00
6.565447885424908236e+03 1.195431098010316884e+00
6.565484988851218986e+03 1.187767133382461315e+00
6.565522192286764948e+03 1.167575534266764858e+00
6.565559295713076608e+03 1.115401621223286677e+00
6.565596499148622570e+03 1.056153279292557201e+00
6.565633602574934230e+03 1.013264554163596065e+00
6.565670806010480192e+03 9.656595431098010662e-01
6.565707909436790942e+03 9.481208548268238445e-01
6.565745112872337813e+03 9.529845246868091646e-01
6.565782216298648564e+03 9.240972733971997144e-01
6.565819319724960224e+03 9.578481945467943737e-01
6.565856523160506185e+03 9.425202652910832368e-01
6.565893626586816936e+03 9.504789977892409425e-01
6.565930730013128596e+03 9.506263817243920666e-01
6.565967933448674557e+03 9.736182756079587719e-01
6.566005036874986217e+03 9.625644804716285696e-01
6.566042140301296968e+03 9.379513633014001650e-01
6.566079343736842930e+03 9.628592483419307069e-01
6.566116447163154589e+03 9.553426676492262626e-01
6.566153550589465340e+03 9.625644804716285696e-01
6.566190654015777000e+03 9.581429624170965109e-01
6.566227857451322961e+03 9.535740604274134391e-01
6.566264960877634621e+03 9.609432571849668703e-01
6.566302064303944462e+03 9.546057479734708640e-01
6.566339167730256122e+03 9.577008106116433606e-01
6.566376271156566872e+03 9.255711127487104006e-01
6.566413374582878532e+03 9.305821665438467338e-01
6.566450578018424494e+03 9.416359616801768251e-01
6.566487681444735244e+03 9.565217391304348116e-01
6.566524784871046904e+03 9.382461311717023023e-01
6.566561888297357655e+03 9.532792925571113019e-01
6.566598991723668405e+03 9.697862932940309877e-01
6.566636095149979155e+03 9.434045689019896486e-01
6.566673198576290815e+03 9.609432571849668703e-01
6.566710302002601566e+03 9.466470154753131583e-01
6.566747405428913225e+03 9.291083271923360476e-01
6.566784508855223976e+03 9.547531319086219881e-01
6.566821612281534726e+03 9.403095062638172630e-01
6.566858715707845477e+03 9.401621223286661388e-01
6.566895819134157136e+03 9.610906411201178834e-01
6.566932922560467887e+03 9.933677229182019675e-01
6.566969925977543426e+03 1.035077376565954221e+00
6.567007029403854176e+03 1.042151805453205515e+00
6.567044132830165836e+03 1.080619012527634482e+00
6.567081236256476586e+03 1.109506263817243932e+00
6.567118339682788246e+03 1.085187914517317553e+00
6.567155443109098087e+03 1.104495210022107488e+00
6.567192446526174535e+03 1.049373618275607933e+00
6.567229549952486195e+03 1.019749447310243085e+00
6.567266653378796946e+03 9.960206337509212027e-01
6.567303756805107696e+03 9.859985261606485363e-01
6.567340760222183235e+03 9.761238025055268830e-01
6.567377863648494895e+03 9.585851142225497723e-01
6.567414967074805645e+03 9.335298452468681063e-01
6.567451970491881184e+03 9.467943994104642824e-01
6.567489073918191934e+03 9.299926308032424593e-01
6.567526177344503594e+03 8.956521739130435256e-01
6.567563180761579133e+03 8.804716285924834018e-01
6.567600284187889883e+03 9.075902726602800286e-01
6.567637287604965422e+03 9.019896831245394209e-01
6.567674391031276173e+03 9.352984524686809298e-01
6.567711494457587833e+03 9.363301400147383546e-01
6.567748497874664281e+03 9.285187914517317731e-01
6.567785601300974122e+03 9.640383198231392559e-01
6.567822604718050570e+03 9.370670596904937533e-01
6.567859708144361321e+03 9.235077376565954399e-01
6.567896711561436859e+03 9.028739867354458326e-01
6.567933814987747610e+03 9.099484156226971265e-01
6.567970818404824058e+03 9.261606484893146751e-01
6.568007821821899597e+03 9.027266028002948195e-01
6.568044925248210347e+03 9.342667649226233939e-01
6.568081928665285886e+03 9.286661753868827862e-01
6.568119032091597546e+03 9.355932203389830670e-01
6.568156035508673085e+03 9.507737656595430797e-01
6.568193038925748624e+03 9.717022844509948243e-01
6.568230142352059374e+03 9.793662490788503927e-01
6.568267145769134913e+03 1.031982313927781947e+00
6.568304149186211362e+03 1.033750921149594770e+00
6.568341252612522112e+03 1.027413411938098653e+00
6.568378256029597651e+03 1.049521002210759058e+00
6.568415259446674099e+03 1.014296241709653712e+00
6.568452262863749638e+03 1.003095062638172497e+00
6.568489366290060389e+03 9.817243920412674907e-01
6.568526369707135927e+03 9.625644804716285696e-01
6.568563373124211466e+03 9.563743551952836874e-01
6.568600376541287005e+03 1.012675018422991791e+00
6.568637379958363454e+03 1.006042741341193869e+00
6.568674383375438993e+03 1.007221812822402418e+00
6.568711386792514531e+03 9.979366249078850393e-01
6.568748490218826191e+03 1.026381724392041228e+00
6.568785493635900821e+03 1.042151805453205515e+00
6.568822497052976360e+03 1.027266028002947751e+00
6.568859500470052808e+03 1.015770081061164287e+00
6.568896503887128347e+03 1.003095062638172497e+00
6.568933507304203886e+03 9.786293294030951051e-01
6.568970510721279425e+03 9.525423728813559032e-01
6.569007514138355873e+03 9.523949889462048901e-01
6.569044517555430502e+03 9.087693441414885775e-01
6.569081520972506951e+03 9.117170228445099500e-01
6.569118524389582490e+03 9.193809874723655184e-01
6.569155527806658938e+03 9.376565954310980278e-01
6.569192431214499265e+03 9.117170228445099500e-01
6.569229434631573895e+03 9.062638172439204665e-01
6.569266438048650343e+03 9.121591746499631004e-01
6.569303441465725882e+03 9.117170228445099500e-01
6.569340444882801421e+03 8.925571112748710290e-01
6.569377448299876960e+03 9.000736919675755843e-01
6.569414351707717287e+03 8.800294767870302515e-01
6.569451355124793736e+03 8.536477523949889124e-01
6.569488358541868365e+03 8.825350036845983626e-01
6.569525361958944814e+03 8.658806190125276636e-01
6.569562365376020352e+03 9.168754605747972963e-01
6.569599268783860680e+03 9.556374355195283998e-01
6.569636272200937128e+03 9.703758290346352622e-01
6.569673275618011758e+03 9.913043478260870067e-01
6.569710179025852085e+03 1.029918938835666875e+00
6.569747182442928533e+03 1.012085482682387516e+00
6.569784185860004072e+03 1.011495946941783242e+00
6.569821089267844400e+03 1.032571849668386221e+00
6.569858092684919939e+03 1.004126750184229921e+00
6.569894996092760266e+03 9.989683124539425751e-01
6.569931999509835805e+03 9.946941783345615296e-01
6.569969002926912253e+03 9.597641857037583213e-01
6.570005906334752581e+03 9.470891672807664197e-01
6.570042909751827210e+03 9.432571849668386355e-01
6.570079813159667538e+03 9.501842299189388052e-01
6.570116816576743986e+03 9.518054532056006156e-01
6.570153719984584313e+03 9.563743551952836874e-01
6.570190723401659852e+03 9.971997052321297517e-01
6.570227626809500180e+03 1.020044215180545333e+00
6.570264530217340507e+03 1.030066322770817999e+00
6.570301533634416046e+03 1.039351510685335267e+00
6.570338437042256373e+03 1.050847457627118731e+00
6.570375440459332822e+03 1.059100957995578574e+00
6.570412343867173149e+03 1.033014001473839372e+00
6.570449247275013477e+03 1.013706705969049437e+00
6.570486250692088106e+03 9.742078113485630464e-01
6.570523154099929343e+03 9.798084008843036541e-01
6.570560057507769670e+03 9.574060427413412233e-01
6.570596960915609998e+03 9.397199705232129885e-01
6.570633964332685537e+03 9.467943994104642824e-01
6.570670867740525864e+03 9.718496683861459484e-01
6.570707771148366191e+03 9.553426676492262626e-01
6.570744674556207428e+03 9.787767133382461182e-01
6.570781677973282058e+03 1.006484893146647019e+00
6.570818581381122385e+03 9.811348563006632162e-01
6.570855484788962713e+03 1.010022107590272666e+00
6.570892388196803040e+03 1.024613117170228405e+00
6.570929291604643367e+03 1.012822402358142915e+00
6.570966195012483695e+03 1.005305821665438470e+00
6.571003098420324932e+03 9.650700073691967917e-01
6.571040001828165259e+03 9.385408990420044395e-01
6.571077005245240798e+03 8.996315401621223229e-01
6.571113908653081126e+03 8.931466470154753035e-01
6.571150812060920543e+03 8.675018422991893630e-01
6.571187715468760871e+03 8.452468680913780563e-01
6.571224618876602108e+03 8.738393515106853693e-01
6.571261522284442435e+03 8.876934414148858199e-01
6.571298425692282763e+03 8.927044952100221531e-01
6.571335329100123090e+03 8.977155490051584863e-01
6.571372132498728206e+03 9.052321296978629306e-01
6.571409035906568533e+03 9.070007369196757541e-01
6.571445939314408861e+03 9.180545320560058453e-01
6.571482842722249188e+03 9.280766396462785117e-01
6.571519746130089516e+03 9.613854089904200206e-01
6.571556649537929843e+03 9.375092114959469036e-01
6.571593552945770170e+03 9.525423728813559032e-01
6.571630456353610498e+03 9.818717759764186148e-01
6.571667259752215614e+03 9.870302137067059611e-01
6.571704163160055941e+03 1.005158437730287346e+00
6.571741066567896269e+03 1.024318349299926378e+00
6.571777969975736596e+03 1.061753868828297698e+00
6.571814773374341712e+03 1.060574797347089149e+00
6.571851676782182039e+03 1.097126013264554167e+00
6.571888580190022367e+03 1.080176860722181331e+00
6.571925383588627483e+03 1.097273397199705292e+00
6.571962286996467810e+03 1.084893146647015527e+00
6.571999190404308138e+03 1.101105379513632965e+00
6.572035993802913254e+03 1.074281503316138586e+00
6.572072897210753581e+03 1.088725128960943200e+00
6.572109800618593908e+03 1.069123065585851240e+00
6.572146604017199024e+03 1.058069270449520927e+00
6.572183507425039352e+03 1.039204126750184143e+00
6.572220310823644468e+03 1.011938098747236614e+00
6.572257214231484795e+03 9.818717759764186148e-01
6.572294017630089911e+03 9.475313190862195700e-01
6.572330921037930239e+03 9.386882829771554526e-01
6.572367724436535354e+03 9.515106853352984784e-01
6.572404627844375682e+03 9.273397199705232241e-01
6.572441431242979888e+03 9.202652910832719302e-01
6.572478334650821125e+03 8.963890935887988132e-01
6.572515138049426241e+03 8.738393515106853693e-01
6.572552041457265659e+03 8.117907148120855343e-01
6.572588844855871685e+03 7.301400147383935169e-01
6.572625648254476801e+03 6.580692704495210155e-01
6.572662551662317128e+03 6.110537951363301801e-01
6.572699355060922244e+03 5.749447310243183118e-01
6.572736158459526450e+03 5.618275607958732598e-01
6.572773061867367687e+03 5.610906411201178612e-01
6.572809865265971894e+03 5.973470891672807426e-01
6.572846668664577010e+03 5.861459100957995272e-01
6.572883572072417337e+03 6.156226971260132519e-01
6.572920375471022453e+03 5.958732498157700563e-01
6.572957178869628478e+03 6.097273397199705069e-01
6.572993982268232685e+03 5.991156963890935661e-01
6.573030785666837801e+03 6.131171702284451408e-01
6.573067689074678128e+03 6.535003684598378326e-01
6.573104492473283244e+03 7.193809874723655629e-01
6.573141295871888360e+03 8.014738393515107306e-01
6.573178099270492567e+03 8.764922623434046045e-01
6.573214902669097683e+03 9.808400884303610789e-01
6.573251706067703708e+03 1.028445099484156300e+00
6.573288509466308824e+03 1.111569638909358781e+00
6.573325312864913030e+03 1.171554900515843878e+00
6.573362116263518146e+03 1.213854089904200517e+00
6.573398919662123262e+03 1.182313927781871721e+00
6.573435723060728378e+03 1.149152542372881447e+00
6.573472526459332585e+03 1.124097273397199670e+00
6.573509329857938610e+03 1.078260869565217384e+00
6.573546133256543726e+03 1.016654384672070810e+00
6.573582936655148842e+03 9.699336772291820008e-01
6.573619740053753048e+03 9.625644804716285696e-01
6.573656543452358164e+03 9.643330876934413931e-01
6.573693346850963280e+03 9.301400147383934724e-01
6.573730150249569306e+03 9.613854089904200206e-01
6.573766953648173512e+03 9.444362564480471844e-01
6.573803757046778628e+03 9.683124539425203015e-01
6.573840460436147623e+03 9.653647752394989290e-01
6.573877263834752739e+03 9.690493736182755891e-01
6.573914067233358764e+03 9.730287398673544974e-01
6.573950870631963880e+03 9.650700073691967917e-01
6.573987674030568087e+03 9.809874723655122031e-01
6.574024377419937991e+03 9.684598378776713146e-01
6.574061180818542198e+03 9.778924097273397065e-01
6.574097984217148223e+03 9.528371407516580405e-01
6.574134687606518128e+03 9.266028002947678255e-01
6.574171491005122334e+03 9.416359616801768251e-01
6.574208294403727450e+03 9.372144436256447664e-01
6.574244997793097355e+03 9.498894620486366680e-01
6.574281801191702471e+03 9.874723655121592225e-01
6.574318604590307586e+03 9.998526160648489869e-01
6.574355307979676581e+03 1.010906411201178967e+00
6.574392111378282607e+03 1.034193072955047921e+00
6.574428814767651602e+03 1.017538688282977111e+00
6.574465618166256718e+03 1.006484893146647019e+00
6.574502421564861834e+03 1.011201179071481215e+00
6.574539124954231738e+03 9.927781871775976930e-01
6.574575928352836854e+03 9.826086956521739024e-01
6.574612631742205849e+03 9.858511422254974121e-01
6.574649435140810965e+03 9.784819454679439810e-01
6.574686138530181779e+03 9.926308032424465688e-01
6.574722841919550774e+03 9.650700073691967917e-01
6.574759645318155890e+03 9.575534266764922364e-01
6.574796348707525794e+03 9.436993367722917858e-01
6.574833152106130910e+03 9.261606484893146751e-01
6.574869855495499905e+03 9.233603537214443158e-01
6.574906558884869810e+03 9.133382461311716494e-01
6.574943362283474926e+03 8.907885040530582055e-01
6.574980065672844830e+03 9.350036845983787925e-01
6.575016769062213825e+03 9.618275607958732820e-01
6.575053572460819851e+03 9.817243920412674907e-01
6.575090275850188846e+03 1.045394252026529136e+00
6.575126979239557841e+03 1.068386145910095841e+00
6.575163682628928655e+03 1.113485630066322729e+00
6.575200486027533771e+03 1.081650700073691906e+00
6.575237189416902766e+03 1.084450994841562377e+00
6.575273892806272670e+03 1.042593957258658888e+00
6.575310596195642574e+03 1.016654384672070810e+00
6.575347299585011569e+03 9.876197494473102356e-01
6.575384002974382383e+03 9.283714075165806490e-01
6.575420806372986590e+03 9.049373618275607933e-01
6.575457509762356494e+03 8.876934414148858199e-01
6.575494213151726399e+03 8.906411201179071924e-01
6.575530916541095394e+03 9.075902726602800286e-01
6.575567619930465298e+03 9.317612380250552828e-01
6.575604323319835203e+03 9.143699336772291852e-01
6.575641026709205107e+03 9.090641120117907148e-01
6.575677730098575012e+03 8.919675755342667545e-01
6.575714433487944007e+03 9.180545320560058453e-01
6.575751136877313911e+03 9.248341930729550020e-01
6.575787840266683816e+03 9.155490051584377342e-01
6.575824543656052811e+03 9.389830508474575899e-01
6.575861247045422715e+03 9.606484893146647330e-01
6.575897950434792619e+03 9.491525423728813804e-01
6.575934553814926403e+03 9.708179808400884125e-01
6.575971257204297217e+03 9.515106853352984784e-01
6.576007960593666212e+03 9.752394988946204712e-01
6.576044663983036116e+03 9.423728813559322237e-01
6.576081367372406021e+03 9.515106853352984784e-01
6.576118070761775016e+03 9.607958732498157461e-01
6.576154674141909709e+03 9.824613117170228893e-01
6.576191377531278704e+03 9.637435519528371186e-01
6.576228080920649518e+03 9.655121591746499421e-01
6.576264784310018513e+03 9.012527634487841333e-01
6.576301387690153206e+03 8.966838614591009504e-01
6.576338091079523110e+03 8.705969049373618596e-01
6.576374794468892105e+03 8.713338246131171472e-01
6.576411497858262010e+03 8.495210022107589909e-01
6.576448101238395793e+03 8.704495210022107354e-01
6.576484804627766607e+03 9.062638172439204665e-01
6.576521408007900391e+03 9.145173176123801984e-01
6.576558111397270295e+03 9.429624170965364982e-01
6.576594814786640200e+03 9.361827560795873415e-01
6.576631418166774893e+03 9.665438467207074780e-01
6.576668121556143888e+03 9.459100957995578707e-01
6.576704724936278581e+03 9.591746499631540468e-01
6.576741428325647576e+03 9.400147383935151257e-01
6.576778031705782269e+03 9.305821665438467338e-01
6.576814735095152173e+03 9.366249078850404919e-01
6.576851338475286866e+03 9.408990420044215375e-01
6.576888041864655861e+03 9.653647752394989290e-01
6.576924645244790554e+03 1.005011053795136222e+00
6.576961348634159549e+03 9.917464996315401571e-01
6.576997952014294242e+03 9.871775976418570853e-01
6.577034655403664146e+03 9.867354458364038239e-01
6.577071258783798839e+03 9.566691230655858247e-01
6.577107862163932623e+03 9.406042741341194002e-01
6.577144565553302527e+03 9.369196757553426291e-01
6.577181168933436311e+03 9.547531319086219881e-01
6.577217772313571004e+03 9.694915254237288504e-01
6.577254475702940908e+03 9.924834193072955557e-01
6.577291079083075601e+03 1.024170965364775254e+00
6.577327682463209385e+03 1.041414885777450339e+00
6.577364285843344078e+03 1.066028002947678743e+00
6.577400989232713073e+03 1.090641120117907148e+00
6.577437592612847766e+03 1.063964627855563672e+00
6.577474195992982459e+03 1.016801768607221712e+00
6.577510799373116242e+03 9.862932940309506735e-01
6.577547402753250935e+03 9.398673544583640016e-01
6.577584006133384719e+03 9.072955047899778913e-01
6.577620709522755533e+03 8.950626381724392511e-01
6.577657312902889316e+03 9.050847457627119175e-01
6.577693916283024009e+03 8.655858511422255264e-01
6.577730519663158702e+03 8.517317612380250758e-01
6.577767123043292486e+03 8.442151805453205204e-01
6.577803726423427179e+03 8.461311717022844681e-01
6.577840329803560962e+03 8.308032424465733312e-01
6.577876933183695655e+03 8.212232866617538152e-01
6.577913536563830348e+03 8.215180545320559524e-01
6.577950139943964132e+03 7.770081061164333391e-01
6.577986743324098825e+03 7.868828297715548814e-01
6.578023346704232608e+03 8.175386882829771551e-01
6.578059950084367301e+03 8.078113485630066259e-01
6.578096553464501994e+03 8.278555637435519587e-01
6.578133156844635778e+03 8.309506263817243443e-01
6.578169760224770471e+03 8.408253500368459976e-01
6.578206263595669043e+03 8.591009579955785069e-01
6.578242866975802826e+03 8.789977892409727156e-01
6.578279470355937519e+03 8.704495210022107354e-01
6.578316073736071303e+03 9.011053795136330091e-01
