6.546935880369865117e+03 1.005542619133514837e+00
6.546973885909546880e+03 1.017939719917352770e+00
6.547011891449227733e+03 1.020694631202649916e+00
6.547049796974331912e+03 1.021022596831852036e+00
6.547087802514012765e+03 1.017283788658948529e+00
6.547125808053695437e+03 1.011314814207471047e+00
6.547163713578798706e+03 1.010265324194024483e+00
6.547201719118480469e+03 9.954412777540914137e-01
6.547239724658162231e+03 1.000819914073005190e+00
6.547277730197843084e+03 9.959004296349742713e-01
6.547315635722947263e+03 9.796989275523925178e-01
6.547353641262628116e+03 9.819290938309664929e-01
6.547391546787732295e+03 9.750418156177232953e-01
6.547429552327414058e+03 9.710406349414580918e-01
6.547467557867095820e+03 9.810763831950412017e-01
6.547505463392199090e+03 9.967531402708995625e-01
6.547543468931880852e+03 1.024826998130595967e+00
6.547581374456984122e+03 1.057295595421599899e+00
6.547619379996664975e+03 1.088189957692433874e+00
6.547657285521769154e+03 1.111147551736578087e+00
6.547695291061450916e+03 1.136991243317700295e+00
6.547733196586554186e+03 1.147289364074644880e+00
6.547771202126235949e+03 1.137515988324423688e+00
6.547809107651339218e+03 1.122167196877767115e+00
6.547847013176442488e+03 1.101636548489718370e+00
6.547885018716125160e+03 1.085828605162179050e+00
6.547922924241227520e+03 1.069627103079597186e+00
6.547960929780910192e+03 1.046866288412974244e+00
6.547998835306013461e+03 1.044439342756878997e+00
6.548036740831116731e+03 1.027909875045095234e+00
6.548074746370798493e+03 1.013610573611885446e+00
6.548112651895902673e+03 9.971466990259421070e-01
6.548150557421005033e+03 9.633662392181299161e-01
6.548188462946109212e+03 9.512315109376536792e-01
6.548226468485790065e+03 9.407366108031878227e-01
6.548264374010894244e+03 9.421796595716769307e-01
6.548302279535998423e+03 9.441474533468892094e-01
6.548340185061101693e+03 9.701223311796923765e-01
6.548378190600782546e+03 9.821258732084877652e-01
6.548416096125886725e+03 9.783214719097438339e-01
6.548454001650989994e+03 9.702535174313732247e-01
6.548491907176093264e+03 9.507723590567708216e-01
6.548529812701197443e+03 9.258469712374143290e-01
6.548567718226300713e+03 9.053163228493653625e-01
6.548605623751403982e+03 8.781607687514348948e-01
6.548643629291085745e+03 8.565150372240989407e-01
6.548681534816189014e+03 8.559902922173756590e-01
6.548719440341292284e+03 8.860319438522842317e-01
6.548757345866396463e+03 9.204683349185005525e-01
6.548795251391500642e+03 9.390311895313371293e-01
6.548833156916603002e+03 9.429667770817617978e-01
6.548871062441707181e+03 9.503788003017283881e-01
6.548908967966810451e+03 9.673674198943951197e-01
6.548946873491913720e+03 9.855367157521891519e-01
6.548984779017016990e+03 1.013020235479321851e+00
6.549022584527542676e+03 1.020629038076809492e+00
6.549060490052646855e+03 1.031911055721360437e+00
6.549098395577750125e+03 1.029549703191105614e+00
6.549136301102853395e+03 1.022596831852021992e+00
6.549174206627956664e+03 1.017808533665671922e+00
6.549212112153060843e+03 1.005411432881833989e+00
6.549250017678164113e+03 9.987209340461119522e-01
6.549287823188688890e+03 9.888163720442098015e-01
6.549325728713793069e+03 9.757633400019677383e-01
6.549363634238897248e+03 9.434915220884850795e-01
6.549401539763999608e+03 9.005936177888557159e-01
6.549439445289103787e+03 8.651733298350332557e-01
6.549477250799628564e+03 8.098127316257256458e-01
6.549515156324732743e+03 7.628480535239906546e-01
6.549553061849836922e+03 7.103079597258207256e-01
6.549590867360360789e+03 6.919418844905054211e-01
6.549628772885464969e+03 7.152274441638516445e-01
6.549666678410569148e+03 7.620609360139057875e-01
6.549704483921093924e+03 8.052212128168967364e-01
6.549742389446198104e+03 8.274572824767963963e-01
6.549780294971300464e+03 8.329015119215505969e-01
6.549818100481826150e+03 8.460857302154733972e-01
6.549856006006930329e+03 8.461513233413138213e-01
6.549893811517456015e+03 8.510052146535043160e-01
6.549931717042558375e+03 8.645829917024695499e-01
6.549969522553084062e+03 8.606474041520448814e-01
6.550007428078187331e+03 8.627463841789380083e-01
6.550045233588713018e+03 8.662884129743202433e-01
6.550083139113817197e+03 8.793414450165623064e-01
6.550120944624342883e+03 8.776360237447115020e-01
6.550158850149445243e+03 8.857039782230822222e-01
6.550196655659970929e+03 8.965268439867501993e-01
6.550234561185074199e+03 8.916729526745597045e-01
6.550272366695599885e+03 9.119412285592469747e-01
6.550310172206125571e+03 9.284706962710308487e-01
6.550348077731229750e+03 9.364730576235610338e-01
6.550385883241754527e+03 9.451969433603358839e-01
6.550423688752280214e+03 9.501820209242071158e-01
6.550461594277383483e+03 9.552982847397593069e-01
6.550499399787908260e+03 9.583155685284182601e-01
6.550537205298433946e+03 9.535272703420681895e-01
6.550575010808959632e+03 9.510347315601325180e-01
6.550612916334063812e+03 9.388344101538158570e-01
6.550650721844588588e+03 9.319471319405726595e-01
6.550688527355114275e+03 9.208618936735429861e-01
6.550726332865639961e+03 9.103669935390771295e-01
6.550764238390742321e+03 9.136466498310976680e-01
6.550802043901268007e+03 9.184349480174477387e-01
6.550839849411793693e+03 9.124659735659702564e-01
6.550877654922319380e+03 9.167951198714374694e-01
6.550915460432845066e+03 9.073497097504181763e-01
6.550953265943369843e+03 8.989537896428454467e-01
6.550991071453895529e+03 8.909514282903151505e-01
6.551028876964421215e+03 8.837361844478698325e-01
6.551066682474946901e+03 8.644518054507888127e-01
6.551104588000049262e+03 8.660916335967990820e-01
6.551142393510574948e+03 8.674034961136073418e-01
6.551180199021100634e+03 8.664195992260010915e-01
6.551218004531626320e+03 8.751434849627759416e-01
6.551255810042151097e+03 8.859007576006034945e-01
6.551293615552676783e+03 8.914105801711980082e-01
6.551331321048623977e+03 8.985602308878030131e-01
6.551369126559149663e+03 9.076776753796201858e-01
6.551406932069675349e+03 9.081368272605031544e-01
6.551444737580200126e+03 9.096454691548325755e-01
6.551482543090725812e+03 9.124003804401298323e-01
6.551520348601251499e+03 9.049227640943229289e-01
6.551558154111777185e+03 8.994785346495687284e-01
6.551595959622301962e+03 9.045292053392804954e-01
6.551633665118249155e+03 9.077432685054606099e-01
6.551671470628774841e+03 9.201403692892984321e-01
6.551709276139300528e+03 9.312256075563281055e-01
6.551747081649826214e+03 9.497884621691646823e-01
6.551784887160350991e+03 9.602833623036305388e-01
6.551822592656298184e+03 9.738611393525958837e-01
6.551860398166823870e+03 9.689416549145649649e-01
6.551898203677349557e+03 9.838968876061788826e-01
6.551935909173296750e+03 9.825850250893706228e-01
6.551973714683822436e+03 9.712374143189793640e-01
6.552011520194347213e+03 9.724836837099471998e-01
6.552049225690294406e+03 9.642845429798957424e-01
6.552087031200820093e+03 9.619887835754813432e-01
6.552124836711345779e+03 9.598242104227476812e-01
6.552162542207292972e+03 9.581187891508969878e-01
6.552200347717818659e+03 9.436883014660063518e-01
6.552238053213765852e+03 9.381128857695713030e-01
6.552275858724290629e+03 9.298481519136794216e-01
6.552313564220237822e+03 9.231576530779573853e-01
6.552351369730763508e+03 9.161391886130333395e-01
6.552389075226710702e+03 9.139746154602997885e-01
6.552426880737236388e+03 9.068905578695353187e-01
6.552464586233183581e+03 9.095142829031517273e-01
6.552502391743709268e+03 9.152864779771080483e-01
6.552540097239656461e+03 9.186973205208094351e-01
6.552577902750181238e+03 9.226329080712341035e-01
6.552615608246128431e+03 9.277491718867862946e-01
6.552653413756654118e+03 9.440162670952084722e-01
6.552691119252601311e+03 9.476238890164311313e-01
6.552728824748549414e+03 9.575940441441737061e-01
6.552766630259075100e+03 9.705158899347348100e-01
6.552804335755022294e+03 9.732708012200321779e-01
6.552842041250969487e+03 9.777311337771801281e-01
6.552879746746916680e+03 9.778623200288609763e-01
6.552917552257442367e+03 9.650060673641401854e-01
6.552955257753389560e+03 9.545767603555147529e-01
6.552992963249335844e+03 9.522810009511003537e-01
6.553030668745283037e+03 9.402118657964645410e-01
6.553068474255808724e+03 9.563477747532058704e-01
6.553106179751756827e+03 9.680889442786395627e-01
6.553143885247704020e+03 9.894067101767735073e-01
6.553181590743651213e+03 1.000032796562920101e+00
6.553219296239598407e+03 1.001607031583090057e+00
6.553257101750124093e+03 1.016234298645501966e+00
6.553294807246071286e+03 1.022924797481223891e+00
6.553332512742018480e+03 1.014988029254534130e+00
6.553370218237965673e+03 9.963595815158571289e-01
6.553407923733913776e+03 9.535272703420681895e-01
6.553445629229860970e+03 9.057098816044079070e-01
6.553483334725808163e+03 8.483158964940473723e-01
6.553521040221755356e+03 7.959069889475582915e-01
6.553558745717702550e+03 7.535338296546522097e-01
6.553596451213649743e+03 7.476960414548555756e-01
6.553634156709596937e+03 7.759666786920730308e-01
6.553671862205545040e+03 8.409038732740808930e-01
6.553709567701492233e+03 8.906890557869535652e-01
6.553747273197438517e+03 9.147617329703846556e-01
6.553784978693385710e+03 9.247974812239677656e-01
6.553822684189332904e+03 9.368010232527631542e-01
6.553860289670703423e+03 9.350956019809123498e-01
6.553897995166650617e+03 9.453281296120166211e-01
6.553935700662597810e+03 9.303073037945622792e-01
6.553973406158544094e+03 9.334557738349020806e-01
6.554011111654491287e+03 9.304384900462431274e-01
6.554048817150438481e+03 9.472959233872290108e-01
6.554086422631809000e+03 9.579220097733757155e-01
6.554124128127756194e+03 9.728116493391492092e-01
6.554161833623703387e+03 9.856679020038700001e-01
6.554199539119650581e+03 1.002394149093174924e+00
6.554237144601020191e+03 1.004755501623429970e+00
6.554274850096967384e+03 9.935390771047194480e-01
6.554312555592914578e+03 9.859958676330720095e-01
6.554350161074283278e+03 9.654652192450231540e-01
6.554387866570230472e+03 9.565445541307271426e-01
6.554425572066178574e+03 9.408677970548686709e-01
6.554463177547547275e+03 9.435571152143255036e-01
6.554500883043494468e+03 9.495916827916434100e-01
6.554538488524864078e+03 9.728772424649896333e-01
6.554576194020811272e+03 9.567413335082483039e-01
6.554613899516758465e+03 9.642189498540553183e-01
6.554651504998127166e+03 9.631038667147683308e-01
6.554689210494074359e+03 9.627103079597257862e-01
6.554726815975443969e+03 9.678921649011184014e-01
6.554764521471391163e+03 9.810763831950412017e-01
6.554802126952759863e+03 1.015578367387097725e+00
6.554839832448707057e+03 1.037224098914433679e+00
6.554877437930077576e+03 1.061231182972024456e+00
6.554915043411446277e+03 1.058279492309206038e+00
6.554952748907393470e+03 1.050670689711718175e+00
6.554990354388763080e+03 1.019907513692565049e+00
6.555028059884710274e+03 1.008494309796333255e+00
6.555065665366078974e+03 1.005870584762716957e+00
6.555103270847448584e+03 1.010724476074907452e+00
6.555140976343395778e+03 1.004821094749270172e+00
6.555178581824764478e+03 1.005477026007674413e+00
6.555216187306134088e+03 9.962939883900167048e-01
6.555253892802081282e+03 9.939326358597618816e-01
6.555291498283450892e+03 9.758945262536485865e-01
6.555329103764819592e+03 9.625135285822046249e-01
6.555366709246189203e+03 9.815355350759240594e-01
6.555404414742136396e+03 9.764848643862122923e-01
6.555442020223505097e+03 9.408677970548686709e-01
6.555479625704874707e+03 9.476238890164311313e-01
6.555517231186243407e+03 9.417861008166343861e-01
6.555554836667613927e+03 9.612016660653963651e-01
6.555592442148982627e+03 9.764848643862122923e-01
6.555630147644929821e+03 9.837657013544980344e-01
6.555667753126298521e+03 1.001738217834770905e+00
6.555705358607668131e+03 1.011642779836673167e+00
6.555742964089036832e+03 1.005149060378472292e+00
6.555780569570406442e+03 9.994424584303565062e-01
6.555818175051776052e+03 9.921616214620707641e-01
6.555855780533144753e+03 9.783214719097438339e-01
6.555893386014514363e+03 9.697943655504902560e-01
6.555930991495883063e+03 9.481486340231544130e-01
6.555968596977251764e+03 9.551670984880784587e-01
6.556006202458621374e+03 9.314879800596896908e-01
6.556043807939990984e+03 9.308976419271259850e-01
6.556081413421360594e+03 9.341772982191466346e-01
6.556119018902729294e+03 9.260437506149356013e-01
6.556156624384097995e+03 9.259125643632547531e-01
6.556194229865467605e+03 9.162047817388737636e-01
6.556231735332258722e+03 9.012495490472598458e-01
6.556269340813628332e+03 9.116788560558853893e-01
6.556306946294997033e+03 9.225673149453936794e-01
6.556344551776365734e+03 9.448689777311337634e-01
6.556382157257735344e+03 9.707782624380965064e-01
6.556419662724526461e+03 9.957692433832934231e-01
6.556457268205896071e+03 1.016627857400544510e+00
6.556494873687264771e+03 1.028828178806860949e+00
6.556532479168634381e+03 1.040962907087337186e+00
6.556569984635425499e+03 1.042930700862549687e+00
6.556607590116795109e+03 1.039191892689646179e+00
6.556645195598163809e+03 1.046407136532091497e+00
6.556682801079532510e+03 1.033222918238168697e+00
6.556720306546323627e+03 1.033354104489849545e+00
6.556757912027693237e+03 1.036174608900987115e+00
6.556795417494484354e+03 1.031255124462956196e+00
6.556833022975853055e+03 1.023711914991308980e+00
6.556870628457222665e+03 1.003509232232462134e+00
6.556908133924013782e+03 9.839624807320193067e-01
6.556945739405383392e+03 9.819946869568069170e-01
6.556983244872173600e+03 9.718933455773834940e-01
6.557020850353543210e+03 9.680889442786395627e-01
6.557058355820334327e+03 9.667770817618314139e-01
6.557095961301703937e+03 9.745826637368403267e-01
6.557133466768494145e+03 9.775343543996589668e-01
6.557171072249863755e+03 9.831753632219343286e-01
6.557208577716654872e+03 9.855367157521891519e-01
6.557246183198023573e+03 9.852087501229871425e-01
6.557283688664814690e+03 9.915712833295070583e-01
6.557321294146183391e+03 9.928175527204748940e-01
6.557358799612975417e+03 9.911121314486242007e-01
6.557396305079766535e+03 9.648092879866190241e-01
6.557433910561135235e+03 8.717326424190744438e-01
6.557471416027927262e+03 9.692040274179265502e-01
6.557508921494717470e+03 9.680233511527991386e-01
6.557546526976087080e+03 9.706470761864156582e-01
6.557584032442878197e+03 7.217211636220524085e-01
6.557621537909669314e+03 9.920960283362303400e-01
6.557659143391038015e+03 1.024892591256436392e+00
6.557696648857830041e+03 1.040831720835656338e+00
6.557734154324620249e+03 1.046997474664655092e+00
6.557771659791411366e+03 1.078285395690531612e+00
6.557809165258203393e+03 1.072119641861532857e+00
6.557846770739572094e+03 1.063461349250598431e+00
6.557884276206363211e+03 1.057557967924961373e+00
6.557921781673154328e+03 1.051588993473483891e+00
6.557959287139945445e+03 1.021809714341936903e+00
6.557996792606735653e+03 9.869797645206782599e-01
6.558034298073527680e+03 9.514938834410153756e-01
6.558071803540318797e+03 9.122691941884490952e-01
6.558109309007109005e+03 8.888524482634220236e-01
6.558146814473901031e+03 8.871470269915713303e-01
6.558184319940691239e+03 9.011839559214194217e-01
6.558221925422060849e+03 9.448033846052933393e-01
6.558259430888851966e+03 9.873733232757206935e-01
6.558296936355643084e+03 9.972778852776229552e-01
6.558334341807856617e+03 9.961628021383358567e-01
6.558371847274646825e+03 1.005345839755993564e+00
6.558409352741437942e+03 1.003902790987504456e+00
6.558446858208229969e+03 1.004493129120068273e+00
6.558484363675020177e+03 1.013085828605162275e+00
6.558521869141811294e+03 1.016496671148863662e+00
6.558559374608602411e+03 1.015775146764618997e+00
6.558596880075393528e+03 1.008100751041290932e+00
6.558634385542185555e+03 1.009281427306418344e+00
6.558671891008975763e+03 9.942606014889640020e-01
6.558709296461188387e+03 9.862582401364337059e-01
6.558746801927980414e+03 9.864550195139549782e-01
6.558784307394770622e+03 9.779279131547014003e-01
6.558821812861562648e+03 9.838312944803384585e-01
6.558859218313775273e+03 9.808140106916795053e-01
6.558896723780566390e+03 9.816667213276049075e-01
6.558934229247357507e+03 9.970811059001016829e-01
6.558971734714147715e+03 1.000885507198845614e+00
6.559009140166361249e+03 1.024171066872191727e+00
6.559046645633152366e+03 1.030927158833754298e+00
6.559084151099943483e+03 1.063067790495556109e+00
6.559121556552156108e+03 1.095798760289921514e+00
6.559159062018947225e+03 1.131087861992063237e+00
6.559196467471160759e+03 1.158964940474238370e+00
6.559233972937950966e+03 1.160801547997769800e+00
6.559271478404742993e+03 1.156800367321504597e+00
6.559308883856955617e+03 1.138631071463710676e+00
6.559346389323746735e+03 1.109310944213046435e+00
6.559383794775959359e+03 1.092387917746220127e+00
6.559421300242751386e+03 1.053294414745334695e+00
6.559458705694964010e+03 1.048506116558984624e+00
6.559496211161755127e+03 1.029484110065265190e+00
6.559533616613967752e+03 1.021088189957692460e+00
6.559571122080759778e+03 1.025614115640680835e+00
6.559608527532971493e+03 1.034206815125774837e+00
6.559645932985185027e+03 1.047784592174740181e+00
6.559683438451976144e+03 1.074940146272670649e+00
6.559720843904189678e+03 1.092912662752943520e+00
6.559758349370979886e+03 1.099406382211144173e+00
6.559795754823193420e+03 1.097110622806729774e+00
6.559833160275406044e+03 1.079728444459020720e+00
6.559870665742196252e+03 1.055918139778951215e+00
6.559908071194409786e+03 1.028762585681020525e+00
6.559945476646623320e+03 1.001541438457249633e+00
6.559982882098835944e+03 9.972122921517825311e-01
6.560020387565627971e+03 9.904562001902200707e-01
6.560057793017839685e+03 9.861270538847528577e-01
6.560095198470053219e+03 9.948509396215277079e-01
6.560132603922265844e+03 9.970811059001016829e-01
6.560170109389057870e+03 1.010462103571545756e+00
6.560207514841269585e+03 1.007707192286248388e+00
6.560244920293483119e+03 1.007838378537929236e+00
6.560282325745695744e+03 1.005870584762716957e+00
6.560319731197909277e+03 1.007707192286248388e+00
6.560357136650121902e+03 1.020366665573447795e+00
6.560394542102335436e+03 1.034600373880817381e+00
6.560431947554548060e+03 1.054737463513823803e+00
6.560469353006760684e+03 1.087402840182348784e+00
6.560506858473551802e+03 1.111147551736578087e+00
6.560544263925765335e+03 1.134564297661605048e+00
6.560581669377977960e+03 1.152405627890197071e+00
6.560619074830190584e+03 1.150109868485782671e+00
6.560656480282404118e+03 1.157062739824866293e+00
6.560693785720039159e+03 1.153586304155324482e+00
6.560731191172251783e+03 1.129251254468531807e+00
6.560768596624465317e+03 1.115673477419566462e+00
6.560806002076677942e+03 1.103735528516611497e+00
6.560843407528890566e+03 1.103407562887409377e+00
6.560880812981103190e+03 1.104916204781738909e+00
6.560918218433316724e+03 1.097504181561772318e+00
6.560955623885529349e+03 1.103079597258207256e+00
6.560993029337742882e+03 1.097700960939293591e+00
6.561030334775377924e+03 1.100455872224590959e+00
6.561067740227590548e+03 1.096257912170804483e+00
6.561105145679803172e+03 1.093503000885507115e+00
6.561142551132016706e+03 1.076645567544521231e+00
6.561179956584229330e+03 1.079597258207339872e+00
6.561217262021864371e+03 1.076973533173723352e+00
6.561254667474076996e+03 1.071201338099767142e+00
6.561292072926290530e+03 1.057361188547440323e+00
6.561329378363925571e+03 1.047653405923059333e+00
6.561366783816138195e+03 1.035321898265061824e+00
6.561404189268350819e+03 1.014922436128693706e+00
6.561441494705985860e+03 9.922272145879111882e-01
6.561478900158198485e+03 9.801580794332753754e-01
6.561516305610412019e+03 9.774031681479781186e-01
6.561553611048047060e+03 9.972778852776229552e-01
6.561591016500259684e+03 1.011577186710832743e+00
6.561628321937894725e+03 1.032435800728083608e+00
6.561665727390107349e+03 1.046013577777048953e+00
6.561703032827742391e+03 1.079597258207339872e+00
6.561740438279955924e+03 1.103014004132366832e+00
6.561777743717590965e+03 1.131350234495424933e+00
6.561815149169803590e+03 1.146895805319602557e+00
6.561852454607438631e+03 1.161457479256174041e+00
6.561889860059650346e+03 1.149519530353219077e+00
6.561927165497286296e+03 1.145518349676953873e+00
6.561964570949498921e+03 1.132596503886392769e+00
6.562001876387133962e+03 1.113574497392673335e+00
6.562039281839346586e+03 1.119412285592469969e+00
6.562076587276981627e+03 1.138237512708668131e+00
6.562113892714616668e+03 1.177068643206192089e+00
6.562151298166829292e+03 1.230723820143649005e+00
6.562188603604464333e+03 1.262602079302089120e+00
6.562225909042099374e+03 1.319733691909087847e+00
6.562263314494311999e+03 1.374241579482470277e+00
6.562300619931947040e+03 1.430848447082745833e+00
6.562337925369582081e+03 1.496769538552359613e+00
6.562375230807217122e+03 1.560001311862516893e+00
6.562412636259429746e+03 1.624085795808599242e+00
6.562449941697064787e+03 1.681151815289757545e+00
6.562487247134699828e+03 1.715719392607654825e+00
6.562524552572333960e+03 1.738545800400117969e+00
6.562561858009969001e+03 1.723656160834344586e+00
6.562599163447604042e+03 1.697156537994818137e+00
6.562636568899817576e+03 1.607097176215932510e+00
6.562673874337451707e+03 1.541635236627201477e+00
6.562711179775086748e+03 1.482142271489947927e+00
6.562748485212721789e+03 1.439506739693680037e+00
6.562785790650356830e+03 1.393263585976189711e+00
6.562823096087990962e+03 1.363418713718802300e+00
6.562860401525626003e+03 1.319012167524843404e+00
6.562897706963261044e+03 1.293430848447082671e+00
6.562935012400896085e+03 1.260175133645993872e+00
6.562972317838530216e+03 1.220556885638385047e+00
6.563009623276165257e+03 1.193073365911252459e+00
6.563046928713801208e+03 1.168803909350299985e+00
6.563084234151436249e+03 1.142697845265816081e+00
6.563121539589071290e+03 1.127808205700042699e+00
6.563158845026705421e+03 1.124266176904660464e+00
6.563196150464340462e+03 1.117313305565576620e+00
6.563233355887397011e+03 1.125053294414745331e+00
6.563270661325032052e+03 1.131547013872946206e+00
6.563307966762667093e+03 1.141582762126529094e+00
6.563345272200301224e+03 1.139483782099635967e+00
6.563382577637936265e+03 1.159030533600078794e+00
6.563419883075571306e+03 1.150109868485782671e+00
6.563457088498627854e+03 1.143156997146699050e+00
6.563494393936263805e+03 1.177265422583713139e+00
6.563531699373897936e+03 1.181332196385818767e+00
6.563569004811532977e+03 1.189924895870912769e+00
6.563606210234589525e+03 1.187694729592338794e+00
6.563643515672224567e+03 1.187760322718179218e+00
6.563680821109859608e+03 1.180151520120691355e+00
6.563718026532916156e+03 1.161654258633695092e+00
6.563755331970550287e+03 1.143944114656783917e+00
6.563792637408185328e+03 1.139090223344593422e+00
6.563829842831242786e+03 1.123610245646256223e+00
6.563867148268877827e+03 1.116263815552130056e+00
6.563904353691934375e+03 1.116067036174609006e+00
6.563941659129569416e+03 1.099144009707782699e+00
6.563978964567203548e+03 1.102948411006526408e+00
6.564016169990260096e+03 1.090682496474369545e+00
6.564053475427895137e+03 1.072513200616575402e+00
6.564090680850952594e+03 1.071463710603128838e+00
6.564127986288587635e+03 1.083270473254402955e+00
6.564165191711644184e+03 1.059066609819290905e+00
6.564202497149278315e+03 1.034797153258338431e+00
6.564239702572334863e+03 1.026925978157489094e+00
6.564276907995391412e+03 1.013807352989406718e+00
6.564314213433026453e+03 1.011118034829949774e+00
6.564351418856083910e+03 1.007510412908727115e+00
6.564388724293718951e+03 1.000098389688760525e+00
6.564425929716775499e+03 9.882260339116460957e-01
6.564463135139832048e+03 9.776655406513397040e-01
6.564500440577467089e+03 9.715653799481814845e-01
6.564537646000524546e+03 9.867173920173165635e-01
6.564574851423581094e+03 9.903250139385392226e-01
6.564612056846636733e+03 9.952444983765701414e-01
6.564649362284271774e+03 9.999672034370797880e-01
6.564686567707328322e+03 9.916368764553474824e-01
6.564723773130385780e+03 9.840280738578597308e-01
6.564760978553442328e+03 9.779935062805418244e-01
6.564798283991077369e+03 9.770096093929355741e-01
6.564835489414133917e+03 9.728116493391492092e-01
6.564872694837191375e+03 9.686792824112032685e-01
6.564909900260247923e+03 9.549047259847167624e-01
6.564947105683304471e+03 9.411957626840706803e-01
6.564984311106361019e+03 9.119412285592469747e-01
6.565021516529418477e+03 8.753402643402971028e-01
6.565058821967052609e+03 8.559902922173756590e-01
6.565096027390109157e+03 8.429372601751335958e-01
6.565133232813165705e+03 8.663540061001606674e-01
6.565170438236223163e+03 8.588107966285133399e-01
6.565207643659279711e+03 8.881309238791774696e-01
6.565244849082336259e+03 9.429011839559213737e-01
6.565282054505392807e+03 1.001016693450526462e+00
6.565319259928450265e+03 1.046210357154570225e+00
6.565356465351506813e+03 1.097504181561772318e+00
6.565393670774563361e+03 1.130891082614541965e+00
6.565430876197619909e+03 1.173854580040011752e+00
6.565467981606098874e+03 1.219900954379981028e+00
6.565505187029155422e+03 1.252369551670984960e+00
6.565542392452211971e+03 1.273359351939916673e+00
6.565579597875269428e+03 1.274802400708405781e+00
6.565616803298325976e+03 1.252828703551867706e+00
6.565654008721382525e+03 1.218457905611491920e+00
6.565691214144439073e+03 1.179561181988127538e+00
6.565728319552918038e+03 1.117641271194778740e+00
6.565765524975974586e+03 1.066281853661736223e+00
6.565802730399032043e+03 1.013085828605162275e+00
6.565839935822088592e+03 9.817323144534453316e-01
6.565877041230566647e+03 9.577908235216949784e-01
6.565914246653624105e+03 9.488701584073988560e-01
6.565951452076680653e+03 9.522154078252599296e-01
6.565988657499737201e+03 9.549703191105571864e-01
6.566025762908216166e+03 9.589714997868223900e-01
6.566062968331272714e+03 9.651372536158210336e-01
6.566100073739750769e+03 9.726148699616280480e-01
6.566137279162808227e+03 9.698599586763306801e-01
6.566174484585864775e+03 9.890131514217309627e-01
6.566211589994343740e+03 9.962939883900167048e-01
6.566248795417401197e+03 1.001869404086451754e+00
6.566285900825879253e+03 1.011052441704109350e+00
6.566323106248935801e+03 1.011446000459151895e+00
6.566360211657414766e+03 1.000360762192122221e+00
6.566397417080471314e+03 1.002394149093174924e+00
6.566434522488950279e+03 9.999016103112393639e-01
6.566471727912006827e+03 1.000491948443803070e+00
6.566508833320484882e+03 1.000885507198845614e+00
6.566546038743542340e+03 9.947197533698468597e-01
6.566583144152020395e+03 9.997704240595585157e-01
6.566620349575076943e+03 9.991800859269948099e-01
6.566657454983555908e+03 1.001541438457249633e+00
6.566694560392033964e+03 9.961628021383358567e-01
6.566731765815091421e+03 1.005936177888557381e+00
6.566768871223570386e+03 1.013151421731002699e+00
6.566805976632049351e+03 1.007510412908727115e+00
6.566843182055105899e+03 9.980650027877078223e-01
6.566880287463583954e+03 9.968187333967399866e-01
6.566917392872062919e+03 9.936046702305598721e-01
6.566954598295119467e+03 9.830441769702534804e-01
6.566991703703598432e+03 9.845528188645830125e-01
6.567028809112076488e+03 1.002918894099898317e+00
6.567065914520556362e+03 1.022990390607064315e+00
6.567103119943612000e+03 1.052507297235249828e+00
6.567140225352090965e+03 1.104916204781738909e+00
6.567177330760569930e+03 1.154439014791249773e+00
6.567214436169047985e+03 1.186120494572168838e+00
6.567251541577526950e+03 1.177790167590436532e+00
6.567288646986005006e+03 1.173723393788330904e+00
6.567325752394483970e+03 1.158833754222557522e+00
6.567362957817540519e+03 1.127677019448361850e+00
6.567400063226020393e+03 1.087337247056508582e+00
6.567437168634498448e+03 1.063592535502279279e+00
6.567474274042977413e+03 1.024367846249712999e+00
6.567511379451455468e+03 1.006198550391918856e+00
6.567548484859934433e+03 9.865862057656357154e-01
6.567585590268412489e+03 9.759601193794890106e-01
6.567622695676891453e+03 9.684169099078416831e-01
6.567659801085370418e+03 9.598242104227476812e-01
6.567696906493848473e+03 9.552326916139188828e-01
6.567734011902327438e+03 9.549703191105571864e-01
6.567771017296227910e+03 9.549703191105571864e-01
6.567808122704706875e+03 9.507067659309303975e-01
6.567845228113185840e+03 9.606113279328326593e-01
6.567882333521663895e+03 9.650060673641401854e-01
6.567919438930142860e+03 9.636942048473320366e-01
6.567956544338620915e+03 9.699911449280115283e-01
6.567993649747099880e+03 9.678265717752779773e-01
6.568030655141000352e+03 9.676297923977567050e-01
6.568067760549479317e+03 9.755009674986061530e-01
6.568104865957957372e+03 9.820602800826473411e-01
6.568141971366436337e+03 9.877668820307631270e-01
6.568178976760337719e+03 9.973434784034632683e-01
6.568216082168815774e+03 1.001934997212292178e+00
6.568253187577293829e+03 1.011314814207471047e+00
6.568290192971194301e+03 1.019054803056639757e+00
6.568327298379673266e+03 1.027385130038372063e+00
6.568364403788152231e+03 1.051851365976845587e+00
6.568401409182052703e+03 1.063920501131481400e+00
6.568438514590530758e+03 1.073300318126660269e+00
6.568475619999009723e+03 1.080909120724148131e+00
6.568512625392911104e+03 1.074284215014266408e+00
6.568549730801389160e+03 1.077170312551244624e+00
6.568586736195289632e+03 1.061624741727067001e+00
6.568623841603767687e+03 1.040700534583975490e+00
6.568660846997669069e+03 1.029352923813584342e+00
6.568697952406147124e+03 1.019382768685841656e+00
6.568734957800047596e+03 1.019185989308320384e+00
6.568772063208526561e+03 1.037552064543635799e+00
6.568809068602427033e+03 1.055721360401429942e+00
6.568846174010905997e+03 1.070545406841363123e+00
6.568883179404806469e+03 1.094421304647273052e+00
6.568920284813284525e+03 1.103997901019973193e+00
6.568957290207185906e+03 1.108851792332163688e+00
6.568994295601086378e+03 1.105900101669345048e+00
6.569031401009564433e+03 1.094486897773113476e+00
6.569068406403465815e+03 1.075661670656915092e+00
6.569105411797365377e+03 1.056967629792397778e+00
6.569142517205844342e+03 1.026794791905808246e+00
6.569179522599745724e+03 1.006001771014397583e+00
6.569216527993645286e+03 9.846184119904234366e-01
6.569253633402124251e+03 9.819946869568069170e-01
6.569290638796025632e+03 9.709094486897773546e-01
6.569327644189925195e+03 9.678921649011184014e-01
6.569364649583825667e+03 9.600865829261093776e-01
6.569401754992303722e+03 9.665803023843101416e-01
6.569438760386205104e+03 9.436883014660063518e-01
6.569475765780105576e+03 9.300449312912006938e-01
6.569512771174006048e+03 9.148273260962250797e-01
6.569549776567906520e+03 9.171230855006394789e-01
6.569586781961806992e+03 8.998065002787707378e-01
6.569623787355708373e+03 9.068905578695353187e-01
6.569660792749607936e+03 8.924600701846446826e-01
6.569697898158086900e+03 8.944934570856973854e-01
6.569734903551987372e+03 9.189596930241710204e-01
6.569771908945887844e+03 9.400150864189432687e-01
6.569808914339788316e+03 9.659243711259060117e-01
6.569845919733689698e+03 1.005739398511036109e+00
6.569882925127589260e+03 1.022728018103702841e+00
6.569919930521489732e+03 1.039454265193007876e+00
6.569956935915391114e+03 1.045095274015283238e+00
6.569993941309291586e+03 1.037420878291954951e+00
6.570030846688614474e+03 1.042799514610868838e+00
6.570067852082514037e+03 1.041028500213177610e+00
6.570104857476414509e+03 1.043389852743432433e+00
6.570141862870315890e+03 1.061099996720343608e+00
6.570178868264215453e+03 1.052704076612770878e+00
6.570215873658115925e+03 1.063854908005640976e+00
6.570252879052017306e+03 1.058279492309206038e+00
6.570289884445917778e+03 1.048046964678101656e+00
6.570326789825239757e+03 1.040241382703092743e+00
6.570363795219140229e+03 1.035584270768423520e+00
6.570400800613040701e+03 1.043717818372634554e+00
6.570437806006942083e+03 1.038601554557082363e+00
6.570474711386264062e+03 1.048374930307303776e+00
6.570511716780164534e+03 1.054081532255419562e+00
6.570548722174065006e+03 1.055786953527270366e+00
6.570585627553387894e+03 1.051195434718441568e+00
6.570622632947288366e+03 1.051523400347643467e+00
6.570659638341187929e+03 1.034403594503296109e+00
6.570696543720510817e+03 1.021481748712735005e+00
6.570733549114411289e+03 1.019054803056639757e+00
6.570770554508312671e+03 1.011249221081630623e+00
6.570807459887634650e+03 1.016562264274704086e+00
6.570844465281535122e+03 1.027778688793414386e+00
6.570881370660857101e+03 1.042668328359187990e+00
6.570918376054757573e+03 1.053622380374536815e+00
6.570955281434080462e+03 1.066544226165097919e+00
6.570992286827980934e+03 1.064707618641566267e+00
6.571029192207303822e+03 1.060181692958577893e+00
6.571066197601203385e+03 1.046800695287133820e+00
6.571103102980526273e+03 1.025745301892361683e+00
6.571140108374426745e+03 1.010593289823226604e+00
6.571177013753749634e+03 9.948509396215277079e-01
6.571214019147650106e+03 9.775999475254992799e-01
6.571250924526972085e+03 9.574628578924928579e-01
6.571287829906294064e+03 9.430323702076022219e-01
6.571324835300195446e+03 9.317503525630513872e-01
6.571361740679517425e+03 9.221081630645108218e-01
6.571398646058840313e+03 9.292578137811157157e-01
6.571435651452740785e+03 9.367354301269227301e-01
6.571472556832063674e+03 9.449345708569741875e-01
6.571509462211385653e+03 9.554950641172804682e-01
6.571546467605286125e+03 9.690072480404053890e-01
6.571583372984608104e+03 9.739267324784363078e-01
6.571620278363930993e+03 9.802236725591157995e-01
6.571657183743252972e+03 9.954412777540914137e-01
6.571694089122575861e+03 1.010986848578268926e+00
6.571731094516476333e+03 1.028696992555180323e+00
6.571767999895799221e+03 1.039323078941327028e+00
6.571804905275121200e+03 1.060903217342822558e+00
6.571841810654444089e+03 1.092781476501262672e+00
6.571878716033765158e+03 1.102095700370601117e+00
6.571915621413088047e+03 1.116722967433013025e+00
6.571952526792410936e+03 1.130825489488701541e+00
6.571989432171732915e+03 1.145583942802794297e+00
6.572026337551055803e+03 1.171690006887278201e+00
6.572063242930377783e+03 1.177921353842117380e+00
6.572100248324279164e+03 1.176740677576989969e+00
6.572137153703601143e+03 1.175560001311862557e+00
6.572173959068345539e+03 1.161457479256174041e+00
6.572210864447668428e+03 1.142632252139975657e+00
6.572247769826990407e+03 1.122429569381128811e+00
6.572284675206313295e+03 1.106228067298547169e+00
6.572321580585635274e+03 1.071594896854809686e+00
6.572358485964958163e+03 1.061165589846184032e+00
6.572395391344280142e+03 1.063198976747236957e+00
6.572432296723603031e+03 1.070283034338001427e+00
6.572469202102924100e+03 1.081368272605031100e+00
6.572506107482246989e+03 1.054212718507100410e+00
6.572542912846992294e+03 9.939982289856023057e-01
6.572579818226313364e+03 9.540520153487914712e-01
6.572616723605636253e+03 9.058410678560886442e-01
6.572653628984958232e+03 8.473975927322816570e-01
6.572690534364281120e+03 7.879702207208684195e-01
6.572727339729025516e+03 7.273621724443278813e-01
6.572764245108347495e+03 6.651798891476172759e-01
6.572801150487670384e+03 6.188711423042865256e-01
6.572837955852414780e+03 5.749237479912104876e-01
6.572874861231736759e+03 5.430454888327703733e-01
6.572911766611059647e+03 5.185792528942966273e-01
6.572948571975804043e+03 5.175297628808500638e-01
6.572985477355126022e+03 5.238922960873700907e-01
6.573022382734448911e+03 5.581319077760650282e-01
6.573059188099192397e+03 6.095569184349479697e-01
6.573096093478515286e+03 6.863664687940703724e-01
6.573132898843260591e+03 7.612738185038208094e-01
6.573169804222582570e+03 8.384769276179856456e-01
6.573206709601904549e+03 8.985602308878030131e-01
6.573243514966649855e+03 9.409989833065495191e-01
6.573280420345971834e+03 9.742546981076383172e-01
6.573317225710716230e+03 1.019907513692565049e+00
6.573354031075460625e+03 1.066675412416778768e+00
6.573390936454782604e+03 1.117247712439736418e+00
6.573427741819527000e+03 1.160342396116887054e+00
6.573464647198849889e+03 1.207110294841100551e+00
6.573501452563593375e+03 1.221671968777672035e+00
6.573538357942916264e+03 1.234659407694073563e+00
6.573575163307660659e+03 1.226263487586500833e+00
6.573611968672404146e+03 1.204224197304122557e+00
6.573648874051727034e+03 1.160276802991046630e+00
6.573685679416471430e+03 1.116329408677970481e+00
6.573722484781216735e+03 1.083073693876881682e+00
6.573759390160537805e+03 1.059525761700173874e+00
6.573796195525283110e+03 1.040503755206454439e+00
6.573833000890027506e+03 1.028828178806860949e+00
6.573869806254770992e+03 1.030336820701190481e+00
6.573906711634093881e+03 1.036371388278508388e+00
6.573943516998838277e+03 1.040044603325571471e+00
6.573980322363581763e+03 1.049621199698271612e+00
6.574017127728326159e+03 1.055065429143025701e+00
6.574053933093071464e+03 1.065888294906693678e+00
6.574090738457815860e+03 1.093765373388868811e+00
6.574127643837137839e+03 1.046997474664655092e+00
6.574164449201882235e+03 1.037092912662753053e+00
6.574201254566626631e+03 1.028041061296776082e+00
6.574238059931371026e+03 1.031451903840477469e+00
6.574274865296114513e+03 1.024433439375553423e+00
6.574311670660858908e+03 1.027188350660850791e+00
6.574348476025604214e+03 1.025876488144042531e+00
6.574385281390348609e+03 1.017939719917352770e+00
6.574422086755092096e+03 1.012167524843396338e+00
6.574458892119836491e+03 1.007444819782886691e+00
6.574495697484580887e+03 1.007116854153684793e+00
6.574532502849325283e+03 1.014397691121970313e+00
6.574569308214068769e+03 1.017414974910629377e+00
6.574606113578814075e+03 1.005214653504312716e+00
6.574642918943558470e+03 1.008428716670492831e+00
6.574679624293724373e+03 9.991144928011543858e-01
6.574716429658468769e+03 9.867829851431569876e-01
6.574753235023212255e+03 9.857334951297104242e-01
6.574790040387957561e+03 9.797645206782329419e-01
6.574826845752701956e+03 9.731396149683513297e-01
6.574863651117446352e+03 9.697287724246499430e-01
6.574900356467612255e+03 9.606113279328326593e-01
6.574937161832355741e+03 9.625135285822046249e-01
6.574973967197101047e+03 9.555606572431208923e-01
6.575010772561845442e+03 9.632350529664490679e-01
6.575047477912011345e+03 9.605457348069922352e-01
6.575084283276755741e+03 9.817323144534453316e-01
6.575121088641500137e+03 9.921616214620707641e-01
6.575157793991666040e+03 1.004558722245908697e+00
6.575194599356410436e+03 1.022400052474500720e+00
6.575231404721154831e+03 1.054475091010462107e+00
6.575268110071321644e+03 1.077826243809648643e+00
6.575304915436066040e+03 1.117706864320619164e+00
6.575341720800809526e+03 1.135482601423370763e+00
6.575378426150975429e+03 1.148863599094814836e+00
6.575415231515719825e+03 1.153783083532845755e+00
6.575451936865886637e+03 1.149453937227378653e+00
6.575488742230631033e+03 1.135417008297530339e+00
6.575525447580796936e+03 1.119215506214948697e+00
6.575562252945541331e+03 1.106949591682791612e+00
6.575598958295708144e+03 1.071266931225607566e+00
6.575635763660451630e+03 1.036436981404348812e+00
6.575672469010617533e+03 9.833721425994556009e-01
6.575709274375362838e+03 9.224361286937129423e-01
6.575745979725528741e+03 8.595323210127578939e-01
6.575782685075694644e+03 8.109278147650126334e-01
6.575819490440439040e+03 7.806237906267423643e-01
6.575856195790605852e+03 7.970876652126857032e-01
6.575892901140771755e+03 8.471352202289199607e-01
6.575929706505515242e+03 9.003968384113344436e-01
6.575966411855682054e+03 9.432291495851234941e-01
6.576003117205847957e+03 9.760913056311698588e-01
6.576039922570592353e+03 9.843560394870617403e-01
6.576076627920759165e+03 9.970811059001016829e-01
6.576113333270925068e+03 1.000951100324686038e+00
6.576150038621090971e+03 9.920960283362303400e-01
6.576186843985836276e+03 9.910465383227837766e-01
6.576223549336002179e+03 1.003837197861664032e+00
6.576260254686168082e+03 1.010265324194024483e+00
6.576296960036334895e+03 1.012036338591715490e+00
6.576333665386500797e+03 1.016824636778065560e+00
6.576370370736666700e+03 1.015971926142140269e+00
6.576407076086832603e+03 9.917024695811879065e-01
6.576443881451576999e+03 9.701223311796923765e-01
6.576480586801742902e+03 9.413925420615919526e-01
6.576517292151909714e+03 9.203371486668197043e-01
6.576553997502075617e+03 9.107605522941195630e-01
6.576590702852242430e+03 8.927224426880062680e-01
6.576627408202408333e+03 8.739628086976485299e-01
6.576664113552574236e+03 8.681250204978517848e-01
6.576700818902741048e+03 8.607129972778853055e-01
6.576737524252906951e+03 8.492342002558131986e-01
6.576774229603072854e+03 8.513331802827063255e-01
6.576810934953239666e+03 8.624840116755764230e-01
6.576847640303405569e+03 8.879997376274966214e-01
6.576884245638993889e+03 9.284051031451904246e-01
6.576920950989159792e+03 9.592994654160243995e-01
6.576957656339326604e+03 9.856679020038700001e-01
6.576994361689492507e+03 1.015250401757895826e+00
6.577031067039658410e+03 1.041946803974943325e+00
6.577067772389825222e+03 1.068118461185267876e+00
6.577104477739991125e+03 1.077170312551244624e+00
6.577141083075579445e+03 1.078088616313010339e+00
6.577177788425745348e+03 1.064969991144927963e+00
6.577214493775911251e+03 1.059001016693450481e+00
6.577251199126078063e+03 1.045554425896165984e+00
6.577287804461665473e+03 1.049358827194909916e+00
6.577324509811832286e+03 1.057754747302482645e+00
6.577361215161998189e+03 1.080515561969105587e+00
6.577397820497586508e+03 1.103538749139090225e+00
6.577434525847752411e+03 1.134695483913285896e+00
6.577471231197919224e+03 1.155160539175494439e+00
6.577507836533506634e+03 1.171624413761437777e+00
6.577544541883673446e+03 1.175756780689383829e+00
6.577581147219260856e+03 1.158177822964153281e+00
6.577617852569427669e+03 1.134039552654881877e+00
6.577654557919593572e+03 1.099012823456101851e+00
6.577691163255180982e+03 1.062477452362992292e+00
6.577727868605347794e+03 1.016562264274704086e+00
6.577764473940935204e+03 9.810763831950412017e-01
6.577801179291102017e+03 9.527401528319832114e-01
6.577837784626689427e+03 9.230264668262766481e-01
6.577874489976856239e+03 8.967892164901117846e-01
6.577911095312444559e+03 8.817027975468171297e-01
6.577947700648032878e+03 8.580892722442687859e-01
6.577984405998198781e+03 8.438555639368994221e-01
6.578021011333787101e+03 8.365747269686136800e-01
6.578057716683953004e+03 8.294906693778492102e-01
6.578094322019541323e+03 8.082384966055556896e-01
6.578130927355129643e+03 8.115837460234167633e-01
6.578167632705295546e+03 8.141418779311928589e-01
6.578204238040883865e+03 8.163064510839264099e-01
6.578240843376471275e+03 8.212915286477977528e-01
6.578277548726638088e+03 8.258174543307861271e-01
6.578314154062226407e+03 8.347381194450821384e-01
