6.546946385555814231e+03 1.020862035032473969e+00
6.546984290701655482e+03 1.021190054451223572e+00
6.547022295861073871e+03 1.017450633077478184e+00
6.547060301020493171e+03 1.011480679656235671e+00
6.547098206166334421e+03 1.010431017516236984e+00
6.547136211325752811e+03 9.956045397887555159e-01
6.547174216485171200e+03 1.000984058256248810e+00
6.547212221644589590e+03 9.960637669750048717e-01
6.547250126790430841e+03 9.798596076887752249e-01
6.547288131949849230e+03 9.820901397362723495e-01
6.547326037095690481e+03 9.752017319425310138e-01
6.547364042255109780e+03 9.711998950337860093e-01
6.547402047414528170e+03 9.812372892475234032e-01
6.547439952560369420e+03 9.969166174637538180e-01
6.547477957719787810e+03 1.024995079708718837e+00
6.547515862865629060e+03 1.057469002164928229e+00
6.547553868025046540e+03 1.088368431411139481e+00
6.547591773170888700e+03 1.111329790723610822e+00
6.547629778330307090e+03 1.137177720921078494e+00
6.547667683476147431e+03 1.147477530669815726e+00
6.547705688635566730e+03 1.137702551991077948e+00
6.547743593781407071e+03 1.122351243193597137e+00
6.547781498927249231e+03 1.101817227579872771e+00
6.547819504086667621e+03 1.086006691596142382e+00
6.547857409232507962e+03 1.069802532309912735e+00
6.547895414391927261e+03 1.047037984648691245e+00
6.547933319537768512e+03 1.044610640949944269e+00
6.547971224683608853e+03 1.028078462244964797e+00
6.548009229843028152e+03 1.013776815587482671e+00
6.548047134988869402e+03 9.973102407662534086e-01
6.548085040134710653e+03 9.635242406350456035e-01
6.548122945280551903e+03 9.513875221413107264e-01
6.548160950439969383e+03 9.408909007413238657e-01
6.548198855585811543e+03 9.423341861838220312e-01
6.548236760731652794e+03 9.443023026963196509e-01
6.548274665877494044e+03 9.702814406612871867e-01
6.548312671036912434e+03 9.822869513875220893e-01
6.548350576182753684e+03 9.784819261300269355e-01
6.548388481328594025e+03 9.704126484287869392e-01
6.548426386474435276e+03 9.509282949550613706e-01
6.548464291620276526e+03 9.259988191300925209e-01
6.548502196766118686e+03 9.054648035163681552e-01
6.548540101911959027e+03 8.783047956439020698e-01
6.548578107071377417e+03 8.566555140064291418e-01
6.548616012217218668e+03 8.561306829364297988e-01
6.548653917363059918e+03 8.861772616938923264e-01
6.548691822508901168e+03 9.206193006625992270e-01
6.548729727654742419e+03 9.391851997638259730e-01
6.548767632800582760e+03 9.431214327888211013e-01
6.548805537946424920e+03 9.505346716525617801e-01
6.548843443092266170e+03 9.675260775437906080e-01
6.548881348238106511e+03 9.856983533425178745e-01
6.548919253383947762e+03 1.013186380633733563e+00
6.548957058516211873e+03 1.020796431148724093e+00
6.548994963662053124e+03 1.032080299153709912e+00
6.549032868807894374e+03 1.029718559338712813e+00
6.549070773953734715e+03 1.022764547661221490e+00
6.549108679099575966e+03 1.017975464147477638e+00
6.549146584245418126e+03 1.005576330118743034e+00
6.549184489391258467e+03 9.988847339762514377e-01
6.549222294523521668e+03 9.889785475300137962e-01
6.549260199669363828e+03 9.759233746637800966e-01
6.549298104815205079e+03 9.436462638588204443e-01
6.549336009961045420e+03 9.007413238863740679e-01
6.549373915106886670e+03 8.653152266614183574e-01
6.549411720239150782e+03 8.099455487764876116e-01
6.549449625384992032e+03 7.629731680115462433e-01
6.549487530530833283e+03 7.104244571278619524e-01
6.549525335663096484e+03 6.920553696778849462e-01
6.549563240808937735e+03 7.153447484091057795e-01
6.549601145954778985e+03 7.621859214065472843e-01
6.549638951087043097e+03 8.053532769139932768e-01
6.549676856232884347e+03 8.275929935052155351e-01
6.549714761378724688e+03 8.330381158564587052e-01
6.549752566510988800e+03 8.462244964901922684e-01
6.549790471656830050e+03 8.462901003739421446e-01
6.549828276789094161e+03 8.511447877714360954e-01
6.549866181934934502e+03 8.647247917076691381e-01
6.549903987067197704e+03 8.607885586826740099e-01
6.549941892213039864e+03 8.628878829626713820e-01
6.549979697345303066e+03 8.664304926851669197e-01
6.550017602491144316e+03 8.794856655514006194e-01
6.550055407623408428e+03 8.777799645739027268e-01
6.550093312769248769e+03 8.858492422751427231e-01
6.550131117901512880e+03 8.966738830938791871e-01
6.550169023047354131e+03 8.918191956963852363e-01
6.550206828179618242e+03 9.120907957751098749e-01
6.550244633311881444e+03 9.286229744800892361e-01
6.550282538457723604e+03 9.366266482975792451e-01
6.550320343589986805e+03 9.453519648363183370e-01
6.550358148722250917e+03 9.503378600013120403e-01
6.550396053868091258e+03 9.554549629338057182e-01
6.550433859000355369e+03 9.584727415863019129e-01
6.550471664132618571e+03 9.536836580725579493e-01
6.550509469264882682e+03 9.511907104900609866e-01
6.550547374410723933e+03 9.389883881125762333e-01
6.550585179542988044e+03 9.320999803188348976e-01
6.550622984675252155e+03 9.210129239650987065e-01
6.550660789807515357e+03 9.105163025651118458e-01
6.550698694953355698e+03 9.137964967526077675e-01
6.550736500085619809e+03 9.185855802663517311e-01
6.550774305217883921e+03 9.126156268451092179e-01
6.550812110350147123e+03 9.169454831726038258e-01
6.550849915482411234e+03 9.074985239126156511e-01
6.550887720614675345e+03 8.991012267926261625e-01
6.550925525746938547e+03 8.910975529751361535e-01
6.550963330879202658e+03 8.838811257626451034e-01
6.551001136011466770e+03 8.645935839401692746e-01
6.551039041157307111e+03 8.662336810339171800e-01
6.551076846289570312e+03 8.675457587089155931e-01
6.551114651421834424e+03 8.665617004526667833e-01
6.551152456554098535e+03 8.752870169914058751e-01
6.551190261686361737e+03 8.860460539263924629e-01
6.551228066818625848e+03 8.915567801613855092e-01
6.551265771937311911e+03 8.987076034901265720e-01
6.551303577069576022e+03 9.078265433313652544e-01
6.551341382201839224e+03 9.082857705176146101e-01
6.551379187334103335e+03 9.097946598438627630e-01
6.551416992466367446e+03 9.125500229613593417e-01
6.551454797598630648e+03 9.050711802138686757e-01
6.551492602730894760e+03 8.996260578626255056e-01
6.551530407863158871e+03 9.046775569113691962e-01
6.551568112981844934e+03 9.078921472151151306e-01
6.551605918114108135e+03 9.202912812438496237e-01
6.551643723246372247e+03 9.313783375975858148e-01
6.551681528378636358e+03 9.499442366988125608e-01
6.551719333510899560e+03 9.604408580987994215e-01
6.551757038629586532e+03 9.740208620350324642e-01
6.551794843761849734e+03 9.691005707537886371e-01
6.551832648894113845e+03 9.840582562487699692e-01
6.551870354012799908e+03 9.827461785737715561e-01
6.551908159145064019e+03 9.713967066850357490e-01
6.551945964277327221e+03 9.726431804762841749e-01
6.551983669396013283e+03 9.644426950075444260e-01
6.552021474528277395e+03 9.621465590762973141e-01
6.552059279660541506e+03 9.599816309125500657e-01
6.552096984779227569e+03 9.582759299350521731e-01
6.552134789911490770e+03 9.438430755100701841e-01
6.552172495030177743e+03 9.382667453913271505e-01
6.552210300162440944e+03 9.300006560388375254e-01
6.552248005281127007e+03 9.233090598963458184e-01
6.552285810413391118e+03 9.162894443351046192e-01
6.552323515532077181e+03 9.141245161713573708e-01
6.552361320664341292e+03 9.070392967263661843e-01
6.552399025783027355e+03 9.096634520763628995e-01
6.552436830915291466e+03 9.154365938463556729e-01
6.552474536033977529e+03 9.188479958013514581e-01
6.552512341166240731e+03 9.227842288263464754e-01
6.552550046284926793e+03 9.279013317588401533e-01
6.552587851417190905e+03 9.441710949288197874e-01
6.552625556535876967e+03 9.477793085350653124e-01
6.552663261654563939e+03 9.577510988650528301e-01
6.552701066786828051e+03 9.706750639637866662e-01
6.552738771905514113e+03 9.734304270812832449e-01
6.552776477024200176e+03 9.778914911762776052e-01
6.552814182142886239e+03 9.780226989437774687e-01
6.552851987275150350e+03 9.651643377287935088e-01
6.552889692393836413e+03 9.547333202125566354e-01
6.552927397512522475e+03 9.524371842813094124e-01
6.552965102631208538e+03 9.403660696713245226e-01
6.553002907763472649e+03 9.565046250738044042e-01
6.553040612882159621e+03 9.682477202650396908e-01
6.553078318000845684e+03 9.895689824837630155e-01
6.553116023119531746e+03 1.000196811651249851e+00
6.553153728238218719e+03 1.001771304861247769e+00
6.553191533370481920e+03 1.016400970937479498e+00
6.553229238489167983e+03 1.023092567079971094e+00
6.553266943607854046e+03 1.015154497146230961e+00
6.553304648726541018e+03 9.965229941612543385e-01
6.553342353845227990e+03 9.536836580725579493e-01
6.553380058963914053e+03 9.058584268188676347e-01
6.553417764082600115e+03 8.484550285376893930e-01
6.553455469201286178e+03 7.960375254215049656e-01
6.553493174319972240e+03 7.536574165190579322e-01
6.553530879438658303e+03 7.478186708653151715e-01
6.553568584557344366e+03 7.760939447615299303e-01
6.553606289676031338e+03 8.410417896739487142e-01
6.553643994794718310e+03 8.908351374401364264e-01
6.553681699913404373e+03 9.149117627763563299e-01
6.553719405032090435e+03 9.249491569900938348e-01
6.553757110150776498e+03 9.369546677163288484e-01
6.553794715255886331e+03 9.352489667388309558e-01
6.553832420374572393e+03 9.454831726038182005e-01
6.553870125493258456e+03 9.304598832250868812e-01
6.553907830611944519e+03 9.336088696450829394e-01
6.553945535730630581e+03 9.305910909925867447e-01
6.553983240849316644e+03 9.474512891163157091e-01
6.554020845954426477e+03 9.580791182838024334e-01
6.554058551073112540e+03 9.729711998950337781e-01
6.554096256191798602e+03 9.858295611100177380e-01
6.554133961310484665e+03 1.002558551466246728e+00
6.554171566415594498e+03 1.004920291281243827e+00
6.554209271534280560e+03 9.937020271600078836e-01
6.554246976652966623e+03 9.861575805287673413e-01
6.554284581758075547e+03 9.656235649150429756e-01
6.554322286876761609e+03 9.567014367250541440e-01
6.554359991995448581e+03 9.410221085088237292e-01
6.554397597100556595e+03 9.437118677425703206e-01
6.554435302219243567e+03 9.497474250475628210e-01
6.554472907324352491e+03 9.730368037787836544e-01
6.554510612443038553e+03 9.568982483763038838e-01
6.554548317561724616e+03 9.643770911237945498e-01
6.554585922666833540e+03 9.632618251000458764e-01
6.554623627785519602e+03 9.628682017975463969e-01
6.554661232890629435e+03 9.680509086137899510e-01
6.554698938009315498e+03 9.812372892475234032e-01
6.554736543114423512e+03 1.015744932099980291e+00
6.554774248233110484e+03 1.037394213737453219e+00
6.554811853338219407e+03 1.061405235189923246e+00
6.554849458443328331e+03 1.058453060421177039e+00
6.554887163562014393e+03 1.050843009906186509e+00
6.554924768667123317e+03 1.020074788427475010e+00
6.554962473785810289e+03 1.008659712654989216e+00
6.555000078890918303e+03 1.006035557304992389e+00
6.555037683996028136e+03 1.010890244702486340e+00
6.555075389114714199e+03 1.004985895164993703e+00
6.555112994219822212e+03 1.005641934002492910e+00
6.555150599324932045e+03 9.964573902775044623e-01
6.555188304443618108e+03 9.940956504625073631e-01
6.555225909548727032e+03 9.760545824312799601e-01
6.555263514653835045e+03 9.626713901462966572e-01
6.555301119758944878e+03 9.816965164337728700e-01
6.555338824877630941e+03 9.766450173850291794e-01
6.555376429982739864e+03 9.410221085088237292e-01
6.555414035087848788e+03 9.477793085350653124e-01
6.555451640192957711e+03 9.419405628813225517e-01
6.555489245298066635e+03 9.613593124712983551e-01
6.555526850403175558e+03 9.766450173850291794e-01
6.555564555521861621e+03 9.839270484812701056e-01
6.555602160626970544e+03 1.001902512628747521e+00
6.555639765732079468e+03 1.011808699074985274e+00
6.555677370837188391e+03 1.005313914583743307e+00
6.555714975942298224e+03 9.996063766975005205e-01
6.555752581047406238e+03 9.923243456012595942e-01
6.555790186152515162e+03 9.784819261300269355e-01
6.555827791257624085e+03 9.699534212425375834e-01
6.555865396362733009e+03 9.483041396050646554e-01
6.555903001467841932e+03 9.553237551663058547e-01
6.555940606572950855e+03 9.316407531325854308e-01
6.555978211678059779e+03 9.310503181788362115e-01
6.556015816783168702e+03 9.343305123663321332e-01
6.556053421888277626e+03 9.261956307813422606e-01
6.556091026993385640e+03 9.260644230138423971e-01
6.556128632098495473e+03 9.163550482188546065e-01
6.556166137190026348e+03 9.013973627238732744e-01
6.556203742295136180e+03 9.118283802401102589e-01
6.556241347400244194e+03 9.227186249425965991e-01
6.556278952505353118e+03 9.450239454175687337e-01
6.556316557610462951e+03 9.709374794987862822e-01
6.556354062701993826e+03 9.959325592075051192e-01
6.556391667807102749e+03 1.016794594239978977e+00
6.556429272912211673e+03 1.028996916617463731e+00
6.556466878017320596e+03 1.041133635111198608e+00
6.556504383108851471e+03 1.043101751623696227e+00
6.556541988213961304e+03 1.039362330249950839e+00
6.556579593319070227e+03 1.046578757462441667e+00
6.556617198424178241e+03 1.033392376828708326e+00
6.556654703515710025e+03 1.033523584596208078e+00
6.556692308620818949e+03 1.036344551597454533e+00
6.556729813712350733e+03 1.031424260316210706e+00
6.556767418817459657e+03 1.023879813684970053e+00
6.556805023922568580e+03 1.003673817489995512e+00
6.556842529014099455e+03 9.841238601325198454e-01
6.556880134119209288e+03 9.821557436200223368e-01
6.556917639210740163e+03 9.720527455225349556e-01
6.556955244315849086e+03 9.682477202650396908e-01
6.556992749407380870e+03 9.669356425900412777e-01
6.557030354512489794e+03 9.747425047562815470e-01
6.557067859604020668e+03 9.776946795250278655e-01
6.557105464709130501e+03 9.833366135275207753e-01
6.557142969800661376e+03 9.856983533425178745e-01
6.557180574905769390e+03 9.853703339237682712e-01
6.557218079997302084e+03 9.917339106475103749e-01
6.557255685102410098e+03 9.929803844387588008e-01
6.557293190193941882e+03 9.912746834612609081e-01
6.557330695285473666e+03 9.649675260775437691e-01
6.557368300390582590e+03 8.718756150364102009e-01
6.557405805482114374e+03 9.693629862887882531e-01
6.557443310573645249e+03 9.681821163812898146e-01
6.557480915678755082e+03 9.708062717312865297e-01
6.557518420770285957e+03 7.218395329003477467e-01
6.557555925861817741e+03 9.922587417175097180e-01
6.557593530966925755e+03 1.025060683592468713e+00
6.557631036058457539e+03 1.041002427343698855e+00
6.557668541149988414e+03 1.047169192416190997e+00
6.557706046241520198e+03 1.078462244964901950e+00
6.557743551333052892e+03 1.072295479892409586e+00
6.557781156438160906e+03 1.063635767237420371e+00
6.557818661529692690e+03 1.057731417699927734e+00
6.557856166621223565e+03 1.051761464278685221e+00
6.557893671712755349e+03 1.021977301056222531e+00
6.557931176804286224e+03 9.871416387850160401e-01
6.557968681895818008e+03 9.516499376763104534e-01
6.558006186987350702e+03 9.124188151938594782e-01
6.558043692078881577e+03 8.889982286951387813e-01
6.558081197170413361e+03 8.872925277176408887e-01
6.558118702261944236e+03 9.013317588401232872e-01
6.558156307367053159e+03 9.449583415338188574e-01
6.558193812458584034e+03 9.875352620875156306e-01
6.558231317550115818e+03 9.974414485337531611e-01
6.558268722628070464e+03 9.963261825100045987e-01
6.558306227719601338e+03 1.005510726234993157e+00
6.558343732811133123e+03 1.004067440792494992e+00
6.558381237902664907e+03 1.004657875746244100e+00
6.558418742994195782e+03 1.013251984517483439e+00
6.558456248085727566e+03 1.016663386472479225e+00
6.558493753177258441e+03 1.015941743751230142e+00
6.558531258268790225e+03 1.008266089352489736e+00
6.558568763360322919e+03 1.009446959259988175e+00
6.558606268451853794e+03 9.944236698812569664e-01
6.558643673529807529e+03 9.864199960637669573e-01
6.558681178621339313e+03 9.866168077150166971e-01
6.558718683712870188e+03 9.780883028275273450e-01
6.558756188804401972e+03 9.839926523650199819e-01
6.558793593882356618e+03 9.809748737125237872e-01
6.558831098973887492e+03 9.818277242012727335e-01
6.558868604065419277e+03 9.972446368825034213e-01
6.558906109156950151e+03 1.001049662139998686e+00
6.558943514234904796e+03 1.024339040871219630e+00
6.558981019326436581e+03 1.031096240897461103e+00
6.559018524417967456e+03 1.063242143934920891e+00
6.559055929495921191e+03 1.095978481926130010e+00
6.559093434587452975e+03 1.131273371383585857e+00
6.559130839665407620e+03 1.159155021977301026e+00
6.559168344756938495e+03 1.160991930722298671e+00
6.559205849848470280e+03 1.156990093813553777e+00
6.559243254926424925e+03 1.138817818014826511e+00
6.559280760017955799e+03 1.109492881978613177e+00
6.559318165095909535e+03 1.092567079971134225e+00
6.559355670187441319e+03 1.053467165256183113e+00
6.559393075265395964e+03 1.048678081742439261e+00
6.559430580356926839e+03 1.029652955454962937e+00
6.559467985434880575e+03 1.021255658334973448e+00
6.559505490526412359e+03 1.025782326313717796e+00
6.559542895604366095e+03 1.034376435084957135e+00
6.559580300682319830e+03 1.047956439021189956e+00
6.559617805773852524e+03 1.075116446893656041e+00
6.559655210851806260e+03 1.093091911041133679e+00
6.559692715943337134e+03 1.099586695532375424e+00
6.559730121021291779e+03 1.097290559601128423e+00
6.559767526099245515e+03 1.079905530407400116e+00
6.559805031190776390e+03 1.056091320606179940e+00
6.559842436268731035e+03 1.028931312733713854e+00
6.559879841346684771e+03 1.001705700977497893e+00
6.559917246424639416e+03 9.973758446500032848e-01
6.559954751516171200e+03 9.906186446237617016e-01
6.559992156594124936e+03 9.862887882962670938e-01
6.560029561672078671e+03 9.950141048350061856e-01
6.560066966750033316e+03 9.972446368825034213e-01
6.560104471841565100e+03 1.010627829167486613e+00
6.560141876919517927e+03 1.007872466049990257e+00
6.560179281997472572e+03 1.008003673817490009e+00
6.560216687075426307e+03 1.006035557304992389e+00
6.560254092153380952e+03 1.007872466049990257e+00
6.560291497231334688e+03 1.020534015613724366e+00
6.560328902309289333e+03 1.034770058387456615e+00
6.560366307387242159e+03 1.054910450698681279e+00
6.560403712465196804e+03 1.087581184806140522e+00
6.560441217556728589e+03 1.111329790723610822e+00
6.560478622634683234e+03 1.134750377222331519e+00
6.560516027712636060e+03 1.152594633602309182e+00
6.560553432790590705e+03 1.150298497671062181e+00
6.560590837868544440e+03 1.157252509348553504e+00
6.560628142932921037e+03 1.153775503509807843e+00
6.560665548010875682e+03 1.129436462638588212e+00
6.560702953088829418e+03 1.115856458702355170e+00
6.560740358166784063e+03 1.103916551859870143e+00
6.560777763244736889e+03 1.103588532441120540e+00
6.560815168322691534e+03 1.105097421767368582e+00
6.560852573400645269e+03 1.097684182903627903e+00
6.560889978478599915e+03 1.103260513022370937e+00
6.560927383556553650e+03 1.097880994554877754e+00
6.560964688620930247e+03 1.100636357672374110e+00
6.561002093698884892e+03 1.096437709112379366e+00
6.561039498776838627e+03 1.093682345994882787e+00
6.561076903854792363e+03 1.076822147871153934e+00
6.561114308932747008e+03 1.079774322639900364e+00
6.561151613997123604e+03 1.077150167289903537e+00
6.561189019075077340e+03 1.071377025519910875e+00
6.561226424153031985e+03 1.057534606048678105e+00
6.561263729217408581e+03 1.047825231253690204e+00
6.561301134295362317e+03 1.035491701108705698e+00
6.561338539373316053e+03 1.015088893262481085e+00
6.561375844437692649e+03 9.923899494850094705e-01
6.561413249515646385e+03 9.803188348750245806e-01
6.561450654593601030e+03 9.775634717575280019e-01
6.561487959657977626e+03 9.974414485337531611e-01
6.561525364735931362e+03 1.011743095191235398e+00
6.561562669800307958e+03 1.032605130223709144e+00
6.561600074878262603e+03 1.046185134159942187e+00
6.561637379942639200e+03 1.079774322639900364e+00
6.561674785020593845e+03 1.103194909138621060e+00
6.561712090084970441e+03 1.131535786918585584e+00
6.561749495162924177e+03 1.147083907367316247e+00
6.561786800227300773e+03 1.161647969559797877e+00
6.561824205305254509e+03 1.149708062717312851e+00
6.561861510369632015e+03 1.145706225808567957e+00
6.561898915447584841e+03 1.132782260709834121e+00
6.561936220511961437e+03 1.113757134422357797e+00
6.561973625589916082e+03 1.119595880076100558e+00
6.562010930654292679e+03 1.138424194712327031e+00
6.562048235718669275e+03 1.177261693892278416e+00
6.562085640796623011e+03 1.230925670799711380e+00
6.562122945860999607e+03 1.262809158302171442e+00
6.562160250925376204e+03 1.319950141048350067e+00
6.562197656003330849e+03 1.374466968444531867e+00
6.562234961067707445e+03 1.431083120120711039e+00
6.562272266132084042e+03 1.497015023289378632e+00
6.562309571196460638e+03 1.560257167224299746e+00
6.562346976274414374e+03 1.624352161647969472e+00
6.562384281338790970e+03 1.681427540510398222e+00
6.562421586403167566e+03 1.716000787246604986e+00
6.562458891467544163e+03 1.738830938791576353e+00
6.562496196531920759e+03 1.723938857180345119e+00
6.562533501596297356e+03 1.697434888145378240e+00
6.562570906674252001e+03 1.607360755756740867e+00
6.562608211738628597e+03 1.541888079774322629e+00
6.562645516803005194e+03 1.482385357213147126e+00
6.562682821867381790e+03 1.439742832775700254e+00
6.562720126931758386e+03 1.393492094732008191e+00
6.562757431996134983e+03 1.363642327625795403e+00
6.562794737060511579e+03 1.319228498327100985e+00
6.562832042124888176e+03 1.293642983664633039e+00
6.562869347189264772e+03 1.260381814603424466e+00
6.562906652253641369e+03 1.220757068818474123e+00
6.562943957318017965e+03 1.193269041527258434e+00
6.562981262382395471e+03 1.168995604539788680e+00
6.563018567446772067e+03 1.142885258807321502e+00
6.563055872511148664e+03 1.127993177196090047e+00
6.563093177575525260e+03 1.124450567473594509e+00
6.563130482639901857e+03 1.117496555796103186e+00
6.563167687690701314e+03 1.125237814078593468e+00
6.563204992755077910e+03 1.131732598569835435e+00
6.563242297819454507e+03 1.141769992783572718e+00
6.563279602883831103e+03 1.139670668503575346e+00
6.563316907948207700e+03 1.159220625861050902e+00
6.563354213012584296e+03 1.150298497671062181e+00
6.563391418063382844e+03 1.143344485993570858e+00
6.563428723127760350e+03 1.177458505543528267e+00
6.563466028192136946e+03 1.181525946336023036e+00
6.563503333256513542e+03 1.190120055107262376e+00
6.563540538307313000e+03 1.187889523059765029e+00
6.563577843371689596e+03 1.187955126943515127e+00
6.563615148436066193e+03 1.180345076428524598e+00
6.563652353486864740e+03 1.161844781211047728e+00
6.563689658551241337e+03 1.144131732598569817e+00
6.563726963615617933e+03 1.139277045201075866e+00
6.563764168666418300e+03 1.123794528636095302e+00
6.563801473730794896e+03 1.116446893656104500e+00
6.563838678781593444e+03 1.116250082004854649e+00
6.563875983845970040e+03 1.099324279997375919e+00
6.563913288910346637e+03 1.103129305254871184e+00
6.563950493961146094e+03 1.090861378993636333e+00
6.563987799025522690e+03 1.072689103194909066e+00
6.564025004076322148e+03 1.071639441054910380e+00
6.564062309140698744e+03 1.083448140129895654e+00
6.564099514191498201e+03 1.059240307026175998e+00
6.564136819255874798e+03 1.034966870038706244e+00
6.564174024306673346e+03 1.027094403988716209e+00
6.564211229357472803e+03 1.013973627238732522e+00
6.564248534421849399e+03 1.011283868004985820e+00
6.564285739472648856e+03 1.007675654398740406e+00
6.564323044537025453e+03 1.000262415534999727e+00
6.564360249587824910e+03 9.883881125762644659e-01
6.564397454638623458e+03 9.778258872925277290e-01
6.564434759703000054e+03 9.717247261037853523e-01
6.564471964753800421e+03 9.868792232500164241e-01
6.564509169804598969e+03 9.904874368562618381e-01
6.564546374855398426e+03 9.954077281375057762e-01
6.564583679919775022e+03 1.000131207767499752e+00
6.564620884970573570e+03 9.917995145312602512e-01
6.564658090021373937e+03 9.841894640162697216e-01
6.564695295072172485e+03 9.781539067112773322e-01
6.564732600136549081e+03 9.771698484550285224e-01
6.564769805187347629e+03 9.729711998950337781e-01
6.564807010238147996e+03 9.688381552187889101e-01
6.564844215288946543e+03 9.550613396313061276e-01
6.564881420339746001e+03 9.413501279275733324e-01
6.564918625390544548e+03 9.120907957751098749e-01
6.564955830441344915e+03 8.754838286426556149e-01
6.564993135505721511e+03 8.561306829364297988e-01
6.565030340556520059e+03 8.430755100701962101e-01
6.565067545607319516e+03 8.664960965689169070e-01
6.565104750658118974e+03 8.589516499376763647e-01
6.565141955708918431e+03 8.882765859738896985e-01
6.565179160759716979e+03 9.430558289050712251e-01
6.565216365810516436e+03 1.001180869907498439e+00
6.565253570861315893e+03 1.046381945811192038e+00
6.565290775912115350e+03 1.097684182903627903e+00
6.565327980962913898e+03 1.131076559732336229e+00
6.565365186013713355e+03 1.174047103588532481e+00
6.565402291050935673e+03 1.220101029980974916e+00
6.565439496101734221e+03 1.252574952437184308e+00
6.565476701152533678e+03 1.273568195237158029e+00
6.565513906203333136e+03 1.275011480679656195e+00
6.565551111254132593e+03 1.253034179623433664e+00
6.565588316304931141e+03 1.218657744538476750e+00
6.565625521355730598e+03 1.179754641474775267e+00
6.565662626392952006e+03 1.117824575214852789e+00
6.565699831443751464e+03 1.066456734238666826e+00
6.565737036494550921e+03 1.013251984517483439e+00
6.565774241545350378e+03 9.818933280850226097e-01
6.565811346582571787e+03 9.579479105163025698e-01
6.565848551633371244e+03 9.490257823263137382e-01
6.565885756684170701e+03 9.523715803975595362e-01
6.565922961734969249e+03 9.551269435150561149e-01
6.565960066772191567e+03 9.591287804238011194e-01
6.565997271822991024e+03 9.652955454962933723e-01
6.566034376860212433e+03 9.727743882437840384e-01
6.566071581911011890e+03 9.700190251262874597e-01
6.566108786961811347e+03 9.891753591812635360e-01
6.566145891999032756e+03 9.964573902775044623e-01
6.566183097049832213e+03 1.002033720396247496e+00
6.566220202087053622e+03 1.011218264121235944e+00
6.566257407137853079e+03 1.011611887423735423e+00
6.566294512175075397e+03 1.000524831069999454e+00
6.566331717225873945e+03 1.002558551466246728e+00
6.566368822263096263e+03 1.000065603883749876e+00
6.566406027313894811e+03 1.000656038837499207e+00
6.566443132351116219e+03 1.001049662139998686e+00
6.566480337401916586e+03 9.948828970675064332e-01
6.566517442439137994e+03 9.999343961162501238e-01
6.566554647489936542e+03 9.993439611625007934e-01
6.566591752527158860e+03 1.001705700977497893e+00
6.566628857564380269e+03 9.963261825100045987e-01
6.566666062615180635e+03 1.006101161188742266e+00
6.566703167652402044e+03 1.013317588401233316e+00
6.566740272689624362e+03 1.007675654398740406e+00
6.566777477740422910e+03 9.982286951387522311e-01
6.566814582777644318e+03 9.969822213475038053e-01
6.566851687814866636e+03 9.937676310437577598e-01
6.566888892865665184e+03 9.832054057600210228e-01
6.566925997902887502e+03 9.847142950862690647e-01
6.566963102940108911e+03 1.003083382536246182e+00
6.567000207977331229e+03 1.023158170963720970e+00
6.567037413028130686e+03 1.052679918651184154e+00
6.567074518065352095e+03 1.105097421767368582e+00
6.567111623102574413e+03 1.154628353998556678e+00
6.567148728139795821e+03 1.186315029849767111e+00
6.567185833177018139e+03 1.177983336613527499e+00
6.567222938214239548e+03 1.173915895821032507e+00
6.567260043251461866e+03 1.159023814209801273e+00
6.567297248302260414e+03 1.127861969428590072e+00
6.567334353339482732e+03 1.087515580922390646e+00
6.567371458376704140e+03 1.063766975004920345e+00
6.567408563413926458e+03 1.024535852522469259e+00
6.567445668451147867e+03 1.006363576723741993e+00
6.567482773488370185e+03 9.867480154825165606e-01
6.567519878525591594e+03 9.761201863150298363e-01
6.567556983562813002e+03 9.685757396837892941e-01
6.567594088600035320e+03 9.599816309125500657e-01
6.567631193637256729e+03 9.553893590500557309e-01
6.567668298674479047e+03 9.551269435150561149e-01
6.567705303698123316e+03 9.551269435150561149e-01
6.567742408735344725e+03 9.508626910713113833e-01
6.567779513772567043e+03 9.607688775175490248e-01
6.567816618809788451e+03 9.651643377287935088e-01
6.567853723847010770e+03 9.638522600537952068e-01
6.567890828884232178e+03 9.701502328937873232e-01
6.567927933921454496e+03 9.679853047300399638e-01
6.567964938945097856e+03 9.677884930787902240e-01
6.568002043982320174e+03 9.756609591287803696e-01
6.568039149019541583e+03 9.822213475037722130e-01
6.568076254056763901e+03 9.879288853900151102e-01
6.568113259080408170e+03 9.975070524175031483e-01
6.568150364117629579e+03 1.002099324279997372e+00
6.568187469154850987e+03 1.011480679656235671e+00
6.568224474178496166e+03 1.019221937938725953e+00
6.568261579215718484e+03 1.027553631174965565e+00
6.568298684252939893e+03 1.052023879813684948e+00
6.568335689276584162e+03 1.064094994423669949e+00
6.568372794313805571e+03 1.073476349799908247e+00
6.568409899351027889e+03 1.081086400314898555e+00
6.568446904374672158e+03 1.074460408056156835e+00
6.568484009411893567e+03 1.077346978941153388e+00
6.568521014435538746e+03 1.061798858492422726e+00
6.568558119472760154e+03 1.040871219576198881e+00
6.568595124496404424e+03 1.029521747687463185e+00
6.568632229533625832e+03 1.019549957357475556e+00
6.568669234557271011e+03 1.019353145706225705e+00
6.568706339594492420e+03 1.037722233156202822e+00
6.568743344618136689e+03 1.055894508954930089e+00
6.568780449655359007e+03 1.070720986682411668e+00
6.568817454679003276e+03 1.094600800367381721e+00
6.568854559716224685e+03 1.104178967394869870e+00
6.568891564739869864e+03 1.109033654792363599e+00
6.568928569763514133e+03 1.106081480023617392e+00
6.568965674800735542e+03 1.094666404251131597e+00
6.569002679824379811e+03 1.075838089614905124e+00
6.569039684848024081e+03 1.057140982746178626e+00
6.569076789885246399e+03 1.026963196221216235e+00
6.569113794908890668e+03 1.006166765072492364e+00
6.569150799932534937e+03 9.847798989700190520e-01
6.569187904969757255e+03 9.821557436200223368e-01
6.569224909993401525e+03 9.710686872662861457e-01
6.569261915017044885e+03 9.680509086137899510e-01
6.569298920040690064e+03 9.602440464475496817e-01
6.569336025077911472e+03 9.667388309387915379e-01
6.569373030101555742e+03 9.438430755100701841e-01
6.569410035125200920e+03 9.301974676900872652e-01
6.569447040148845190e+03 9.149773666601063171e-01
6.569484045172489459e+03 9.172735025913534290e-01
6.569521050196133729e+03 8.999540772813751088e-01
6.569558055219777998e+03 9.070392967263661843e-01
6.569595060243422267e+03 8.926064423013841953e-01
6.569632165280644585e+03 8.946401626976316912e-01
6.569669170304288855e+03 9.191104113363510741e-01
6.569706175327933124e+03 9.401692580200747829e-01
6.569743180351577394e+03 9.660827921012924424e-01
6.569780185375221663e+03 1.005904349537492637e+00
6.569817190398865932e+03 1.022895755428721465e+00
6.569854195422510202e+03 1.039624745784950566e+00
6.569891200446155381e+03 1.045266679787443476e+00
6.569928205469799650e+03 1.037591025388703070e+00
6.569965110479866780e+03 1.042970543856196253e+00
6.570002115503511050e+03 1.041199238994948484e+00
6.570039120527155319e+03 1.043560978809945583e+00
6.570076125550799588e+03 1.061274027422423494e+00
6.570113130574443858e+03 1.052876730302434005e+00
6.570150135598088127e+03 1.064029390539920072e+00
6.570187140621733306e+03 1.058453060421177039e+00
6.570224145645377575e+03 1.048218854556189683e+00
6.570261050655443796e+03 1.040411992389949525e+00
6.570298055679088066e+03 1.035754116643705203e+00
6.570335060702733244e+03 1.043888998228695186e+00
6.570372065726377514e+03 1.038771895296201508e+00
6.570408970736444644e+03 1.048546873974939286e+00
6.570445975760088913e+03 1.054254411861182072e+00
6.570482980783733183e+03 1.055960112838679965e+00
6.570519885793800313e+03 1.051367840976185741e+00
6.570556890817444582e+03 1.051695860394935345e+00
6.570593895841088852e+03 1.034573246736206764e+00
6.570630800851155982e+03 1.021649281637472928e+00
6.570667805874800251e+03 1.019221937938725953e+00
6.570704810898444521e+03 1.011415075772485794e+00
6.570741715908511651e+03 1.016728990356229101e+00
6.570778720932155920e+03 1.027947254477465044e+00
6.570815625942223051e+03 1.042839336088696500e+00
6.570852630965867320e+03 1.053795184674932717e+00
6.570889535975934450e+03 1.066719149773666553e+00
6.570926540999578719e+03 1.064882241028668908e+00
6.570963446009645850e+03 1.060355573049924560e+00
6.571000451033290119e+03 1.046972380764941368e+00
6.571037356043357249e+03 1.025913534081217549e+00
6.571074361067001519e+03 1.010759036934986588e+00
6.571111266077068649e+03 9.950141048350061856e-01
6.571148271100712918e+03 9.777602834087778527e-01
6.571185176110779139e+03 9.576198910975529666e-01
6.571222081120846269e+03 9.431870366725709776e-01
6.571259086144491448e+03 9.319031686675851578e-01
6.571295991154558578e+03 9.222593977563471324e-01
6.571332896164624799e+03 9.294102210850881951e-01
6.571369901188269978e+03 9.368890638325788611e-01
6.571406806198337108e+03 9.450895493013186099e-01
6.571443711208404238e+03 9.556517745850554579e-01
6.571480716232047598e+03 9.691661746375385134e-01
6.571517621242114728e+03 9.740864659187823404e-01
6.571554526252181859e+03 9.803844387587745679e-01
6.571591431262248989e+03 9.956045397887555159e-01
6.571628336272316119e+03 1.011152660237486067e+00
6.571665341295960388e+03 1.028865708849963978e+00
6.571702246306027519e+03 1.039493538017450591e+00
6.571739151316094649e+03 1.061077215771173643e+00
6.571776056326161779e+03 1.092960703273633705e+00
6.571812961336228000e+03 1.102276454766122127e+00
6.571849866346295130e+03 1.116906120842353856e+00
6.571886771356361351e+03 1.131010955848586130e+00
6.571923676366428481e+03 1.145771829692317834e+00
6.571960581376495611e+03 1.171882175424785233e+00
6.571997486386562741e+03 1.178114544381027251e+00
6.572034491410207920e+03 1.176933674473528812e+00
6.572071396420274141e+03 1.175752804566030374e+00
6.572108201416764132e+03 1.161647969559797877e+00
6.572145106426831262e+03 1.142819654923571404e+00
6.572182011436898392e+03 1.122613658728596642e+00
6.572218916446965522e+03 1.106409499442366995e+00
6.572255821457031743e+03 1.071770648822410354e+00
6.572292726467098873e+03 1.061339631306173370e+00
6.572329631477166004e+03 1.063373351702420866e+00
6.572366536487233134e+03 1.070458571147411941e+00
6.572403441497299355e+03 1.081545627501148132e+00
6.572440346507366485e+03 1.054385619628682047e+00
6.572477151503856476e+03 9.941612543462573504e-01
6.572514056513922696e+03 9.542084891425572923e-01
6.572550961523989827e+03 9.059896345863674982e-01
6.572587866534056957e+03 8.475365741651905704e-01
6.572624771544124087e+03 7.880994554877648328e-01
6.572661576540613169e+03 7.274814669028406566e-01
6.572698481550680299e+03 6.652889851079183403e-01
6.572735386560747429e+03 6.189726431804762896e-01
6.572772191557236511e+03 5.750180410680312271e-01
6.572809096567303641e+03 5.431345535655710544e-01
6.572846001577370771e+03 5.186643049268516714e-01
6.572882806573860762e+03 5.176146427868529853e-01
6.572919711583926983e+03 5.239782195105949780e-01
6.572956616593994113e+03 5.582234468280522499e-01
6.572993421590484104e+03 6.096568916879879785e-01
6.573030326600551234e+03 6.864790395591419125e-01
6.573067131597041225e+03 7.613986748015482142e-01
6.573104036607108355e+03 8.386144459752017388e-01
6.573140941617174576e+03 8.987076034901265720e-01
6.573177746613664567e+03 9.411533162763235927e-01
6.573214651623731697e+03 9.744144853375319437e-01
6.573251456620220779e+03 1.020074788427475010e+00
6.573288261616710770e+03 1.066850357541166527e+00
6.573325166626777900e+03 1.117430951912353310e+00
6.573361971623266982e+03 1.160532703536049315e+00
6.573398876633334112e+03 1.207308272649740832e+00
6.573435681629823193e+03 1.221872334842222685e+00
6.573472586639890324e+03 1.234861903824706397e+00
6.573509391636380315e+03 1.226464606704716909e+00
6.573546196632869396e+03 1.204421701764744501e+00
6.573583101642936526e+03 1.160467099652299439e+00
6.573619906639425608e+03 1.116512497539854376e+00
6.573656711635916508e+03 1.083251328478646025e+00
6.573693616645981820e+03 1.059699534212425354e+00
6.573730421642472720e+03 1.040674407924949252e+00
6.573767226638961802e+03 1.028996916617463731e+00
6.573804031635451793e+03 1.030505805943711772e+00
6.573840936645518013e+03 1.036541363248704384e+00
6.573877741642008004e+03 1.040215180738699674e+00
6.573914546638497086e+03 1.049793347766187823e+00
6.573951351634987077e+03 1.055238470117430882e+00
6.573988156631477068e+03 1.066063110936167346e+00
6.574024961627966150e+03 1.093944761529882514e+00
6.574061866638033280e+03 1.047169192416190997e+00
6.574098671634523271e+03 1.037263005969953467e+00
6.574135476631012352e+03 1.028209670012464771e+00
6.574172281627501434e+03 1.031621071967460557e+00
6.574209086623991425e+03 1.024601456406219357e+00
6.574245891620480506e+03 1.027356819523715714e+00
6.574282696616970497e+03 1.026044741848717523e+00
6.574319501613460488e+03 1.018106671914977390e+00
6.574356306609949570e+03 1.012333530144984506e+00
6.574393111606439561e+03 1.007610050514990530e+00
6.574429916602928643e+03 1.007282031096240926e+00
6.574466721599417724e+03 1.014564062192481853e+00
6.574503526595907715e+03 1.017581840844977936e+00
6.574540331592397706e+03 1.005379518467493183e+00
6.574577136588886788e+03 1.008594108771239339e+00
6.574613841571798730e+03 9.992783572787509172e-01
6.574650646568288721e+03 9.869448271337663003e-01
6.574687451564777803e+03 9.858951649937676143e-01
6.574724256561267794e+03 9.799252115725251011e-01
6.574761061557757785e+03 9.732992193137833814e-01
6.574797866554246866e+03 9.698878173587875962e-01
6.574834571537158808e+03 9.607688775175490248e-01
6.574871376533647890e+03 9.626713901462966572e-01
6.574908181530138791e+03 9.557173784688053342e-01
6.574944986526627872e+03 9.633930328675457400e-01
6.574981691509539814e+03 9.607032736337991485e-01
6.575018496506028896e+03 9.818933280850226097e-01
6.575055301502519796e+03 9.923243456012595942e-01
6.575092006485430829e+03 1.004723479629994198e+00
6.575128811481920820e+03 1.022567736009971862e+00
6.575165616478409902e+03 1.054648035163681774e+00
6.575202321461322754e+03 1.078003017778652595e+00
6.575239126457811835e+03 1.117890179098602665e+00
6.575275931454301826e+03 1.135668831594830452e+00
6.575312636437213769e+03 1.149052023879813644e+00
6.575349441433702850e+03 1.153972315161057471e+00
6.575386146416615702e+03 1.149642458833562975e+00
6.575422951413104784e+03 1.135603227711080576e+00
6.575459656396016726e+03 1.119399068424850707e+00
6.575496461392505807e+03 1.107131142163616078e+00
6.575533166375418659e+03 1.071442629403660751e+00
6.575569971371908650e+03 1.036606967132454260e+00
6.575606676354819683e+03 9.835334251787706261e-01
6.575643481351310584e+03 9.225874171750967356e-01
6.575680186334222526e+03 8.596732926589254475e-01
6.575716891317133559e+03 8.110608148002361739e-01
6.575753696313623550e+03 7.807518205077740303e-01
6.575790401296536402e+03 7.972183953290035152e-01
6.575827106279448344e+03 8.472741586301909544e-01
6.575863911275937426e+03 9.005445122351243281e-01
6.575900616258850278e+03 9.433838483238207173e-01
6.575937321241762220e+03 9.762513940825296999e-01
6.575974126238251301e+03 9.845174834350193249e-01
6.576010831221164153e+03 9.972446368825034213e-01
6.576047536204076096e+03 1.001115266023748562e+00
6.576084241186987128e+03 9.922587417175097180e-01
6.576121046183478029e+03 9.912090795775110319e-01
6.576157751166389971e+03 1.004001836908744894e+00
6.576194456149301914e+03 1.010431017516236984e+00
6.576231161132213856e+03 1.012202322377484753e+00
6.576267866115125798e+03 1.016991405891228828e+00
6.576304571098038650e+03 1.016138555402479771e+00
6.576341276080950593e+03 9.918651184150101274e-01
6.576378081077439674e+03 9.702814406612871867e-01
6.576414786060351616e+03 9.415469395788230722e-01
6.576451491043264468e+03 9.204880928950993635e-01
6.576488196026176411e+03 9.109099258676113253e-01
6.576524901009089263e+03 8.928688578363839223e-01
6.576561605992000295e+03 8.741061470839073255e-01
6.576598310974912238e+03 8.682674014301646759e-01
6.576635015957825090e+03 8.608541625664238861e-01
6.576671720940737032e+03 8.493734829101883266e-01
6.576708425923648974e+03 8.514728071901856987e-01
6.576745130906561826e+03 8.626254674276717660e-01
6.576781835889472859e+03 8.881453782063898350e-01
6.576818440858808572e+03 9.285573705963392488e-01
6.576855145841720514e+03 9.594567998425507227e-01
6.576891850824632456e+03 9.858295611100177380e-01
6.576928555807544399e+03 1.015416912681230688e+00
6.576965260790456341e+03 1.042117693367447417e+00
6.577001965773369193e+03 1.068293642983664693e+00
6.577038670756281135e+03 1.077346978941153388e+00
6.577075275725615938e+03 1.078265433313652100e+00
6.577111980708527881e+03 1.065144656563668635e+00
6.577148685691439823e+03 1.059174703142426122e+00
6.577185390674352675e+03 1.045725906973692831e+00
6.577221995643686569e+03 1.049530932231188096e+00
6.577258700626599421e+03 1.057928229351177585e+00
6.577295405609511363e+03 1.080692777012399075e+00
6.577332010578846166e+03 1.103719740208620292e+00
6.577368715561758108e+03 1.134881584989831493e+00
6.577405420544670960e+03 1.155349996719805761e+00
6.577442025514004854e+03 1.171816571541035135e+00
6.577478730496917706e+03 1.175949616217280003e+00
6.577515335466251599e+03 1.158367775372302066e+00
6.577552040449164451e+03 1.134225546152332287e+00
6.577588745432076394e+03 1.099193072229875945e+00
6.577625350401410287e+03 1.062651708981171783e+00
6.577662055384323139e+03 1.016728990356229101e+00
6.577698660353657033e+03 9.812372892475234032e-01
6.577735365336569885e+03 9.528964114675588792e-01
6.577771970305903778e+03 9.231778521288460659e-01
6.577808675288816630e+03 8.969362986288788031e-01
6.577845280258151433e+03 8.818474053663977186e-01
6.577881885227486237e+03 8.582300072164271709e-01
6.577918590210398179e+03 8.439939644426950327e-01
6.577955195179732982e+03 8.367119333464541064e-01
6.577991900162644924e+03 8.296267139014629199e-01
6.578028505131979728e+03 8.083710555664895825e-01
6.578065110101315440e+03 8.117168536377353805e-01
6.578101815084226473e+03 8.142754051039821084e-01
6.578138420053562186e+03 8.164403332677294678e-01
6.578175025022896079e+03 8.214262284327231711e-01
6.578211730005808931e+03 8.259528964114675187e-01
6.578248334975142825e+03 8.348750246014564613e-01
6.578284939944477628e+03 8.521288460276847943e-01
6.578321544913812431e+03 8.657744538476678242e-01
