6.546967814826154608e+03 1.023083373791764172e+00
6.547005820865903843e+03 1.028203204307719387e+00
6.547043826905653987e+03 1.022024098512601009e+00
6.547081732929509599e+03 1.015756719777552108e+00
6.547119738969259743e+03 1.009047976342852149e+00
6.547157644993115355e+03 1.010989981021317874e+00
6.547195651032864589e+03 1.022465463212252290e+00
6.547233557056721111e+03 1.010989981021317874e+00
6.547271463080576723e+03 1.008871430462991547e+00
6.547309469120325957e+03 9.966897647526150594e-01
6.547347375144182479e+03 9.793882685262832455e-01
6.547385381183931713e+03 9.772697179679569190e-01
6.547423287207787325e+03 9.744449838901884098e-01
6.547461193231642937e+03 9.942181224345676416e-01
6.547499199271392172e+03 1.018404907975460016e+00
6.547537105295248693e+03 1.063071015580173917e+00
6.547575011319104306e+03 1.103411749128304642e+00
6.547613017358853540e+03 1.139956746259434217e+00
6.547650923382710062e+03 1.169969545835723990e+00
6.547688829406565674e+03 1.166526901178443820e+00
6.547726835446314908e+03 1.147813037913227641e+00
6.547764741470170520e+03 1.117270600697356286e+00
6.547802647494026132e+03 1.093966544555766474e+00
6.547840553517881744e+03 1.072163128392991105e+00
6.547878459541737357e+03 1.062188286180871355e+00
6.547916465581486591e+03 1.062011740301010754e+00
6.547954371605343113e+03 1.081873151785320175e+00
6.547992277629198725e+03 1.056362272145473735e+00
6.548030183653054337e+03 1.044445425254888038e+00
6.548068089676909949e+03 1.006841152844595522e+00
6.548105995700765561e+03 9.762987156287240564e-01
6.548143901724622083e+03 9.560842123846934326e-01
6.548181807748476785e+03 9.315443350840799663e-01
6.548219713772332398e+03 9.192743964337731777e-01
6.548257619796188919e+03 9.308381515646378945e-01
6.548295525820043622e+03 9.527298406673434528e-01
6.548333431843899234e+03 9.718850686322108023e-01
6.548371337867755756e+03 9.772697179679569190e-01
6.548409243891611368e+03 9.905989318974268709e-01
6.548447149915466980e+03 9.854791013814715450e-01
6.548485055939322592e+03 9.981021317914993141e-01
6.548522961963178204e+03 9.958070353533124974e-01
6.548560867987033816e+03 9.794765414662135461e-01
6.548598774010889429e+03 9.650880522575804310e-01
6.548636680034745041e+03 9.460210972326433820e-01
6.548674486042707031e+03 9.136249282782362702e-01
6.548712392066561733e+03 8.919980579953215027e-01
6.548750298090418255e+03 8.834355828220858964e-01
6.548788204114273867e+03 8.856424063203425234e-01
6.548826110138129479e+03 9.032969943063954288e-01
6.548863916146091469e+03 9.432846360948051734e-01
6.548901822169946172e+03 9.695899721940238747e-01
6.548939728193802694e+03 9.982786776713598043e-01
6.548977634217658306e+03 1.022906827911903571e+00
6.549015440225620296e+03 1.038001500639978758e+00
6.549053346249474998e+03 1.049565255770843475e+00
6.549091252273330610e+03 1.048594253431610612e+00
6.549129058281292600e+03 1.038266319459769660e+00
6.549166964305148213e+03 1.017169086816436474e+00
6.549204770313110203e+03 1.005163966985920476e+00
6.549242676336964905e+03 1.003663327007106032e+00
6.549280582360821427e+03 9.975724941519177325e-01
6.549318388368782507e+03 9.821247296641214541e-01
6.549356294392639029e+03 9.837136425828661990e-01
6.549394100400600109e+03 9.638522310985567776e-01
6.549432006424455722e+03 9.572317606037868964e-01
6.549469812432416802e+03 9.295140574656839405e-01
6.549507718456273324e+03 9.052389989848611540e-01
6.549545524464234404e+03 8.739021053096173164e-01
6.549583430488090926e+03 8.310897294434390625e-01
6.549621236496052006e+03 7.821865207220726202e-01
6.549659042504013087e+03 7.414926954142208038e-01
6.549696948527868699e+03 7.509378999867590831e-01
6.549734754535830689e+03 7.805976078033278753e-01
6.549772660559686301e+03 8.167012402348060585e-01
6.549810466567648291e+03 8.314428212031601539e-01
6.549848272575610281e+03 8.403583881361168517e-01
6.549886178599464984e+03 8.490091362492827587e-01
6.549923984607426974e+03 8.696650041929646635e-01
6.549961790615388054e+03 8.717835547512909899e-01
6.549999596623350044e+03 8.725780112106633624e-01
6.550037502647205656e+03 8.911153285960189407e-01
6.550075308655167646e+03 8.840534934015977786e-01
6.550113114663128727e+03 8.897912344970648757e-01
6.550150920671090716e+03 8.896146886172043855e-01
6.550188726679052706e+03 8.973827073310676194e-01
6.550226632702907409e+03 9.066513660237454086e-01
6.550264438710869399e+03 9.258065939886127582e-01
6.550302244718830480e+03 9.455797325329919900e-01
6.550340050726792470e+03 9.533477512468552240e-01
6.550377856734754459e+03 9.614688617204395493e-01
6.550415662742715540e+03 9.673831486957673587e-01
6.550453468750677530e+03 9.854791013814715450e-01
6.550491274758639520e+03 9.857439202012623358e-01
6.550529080766600600e+03 9.877741978196583617e-01
6.550566886774562590e+03 9.611157699607185689e-01
6.550604692782523671e+03 9.416957231760604285e-01
6.550642498790485661e+03 9.204219446528666415e-01
6.550680304798447651e+03 9.205102175927969421e-01
6.550718110806407822e+03 9.154786600167718058e-01
6.550755916814369812e+03 9.179503023348192237e-01
6.550793722822331802e+03 9.141545659178178518e-01
6.550831528830292882e+03 9.171558458754468512e-01
6.550869334838254872e+03 9.110650130202586627e-01
6.550907140846216862e+03 9.031204484265348276e-01
6.550944946854177942e+03 9.060334554442335264e-01
6.550982652846245401e+03 8.889085050977623137e-01
6.551020458854207391e+03 8.715187359315001991e-01
6.551058264862168471e+03 8.517455973871209673e-01
6.551096070870130461e+03 8.468905856909564323e-01
6.551133876878092451e+03 8.416824822350708057e-01
6.551171582870159909e+03 8.424769386944431782e-01
6.551209388878120990e+03 8.434479410336761518e-01
6.551247194886082980e+03 8.448603080725604064e-01
6.551284900878150438e+03 8.614556207794500375e-01
6.551322706886111519e+03 8.773447499668975968e-01
6.551360512894073509e+03 8.861720439599241050e-01
6.551398218886140967e+03 9.084168248223507547e-01
6.551436024894102957e+03 8.932338791543452672e-01
6.551473830902064037e+03 9.004722602286269195e-01
6.551511536894131496e+03 8.906739638963675487e-01
6.551549342902093485e+03 8.880257756984596407e-01
6.551587048894160944e+03 8.881140486383899413e-01
6.551624854902122024e+03 8.756675641082226624e-01
6.551662660910084014e+03 8.817583969634108509e-01
6.551700366902151472e+03 9.092112812817231271e-01
6.551738172910112553e+03 9.213929469920996151e-01
6.551775878902180011e+03 9.448735490135499182e-01
6.551813684910142001e+03 9.570552147239264063e-01
6.551851390902209459e+03 9.629695016992541046e-01
6.551889096894277827e+03 9.702078827735357569e-01
6.551926902902238908e+03 9.655294169572317120e-01
6.551964608894306366e+03 9.775345367877477099e-01
6.552002414902268356e+03 9.582910358829500597e-01
6.552040120894335814e+03 9.625281369996028236e-01
6.552077826886403273e+03 9.528181136072736424e-01
6.552115632894364353e+03 9.513174736284591981e-01
6.552153338886431811e+03 9.399302643774550825e-01
6.552191044878499270e+03 9.272189610274970129e-01
6.552228850886461260e+03 9.147724764973297340e-01
6.552266556878528718e+03 9.254535022288917778e-01
6.552304262870596176e+03 9.100057377410954995e-01
6.552341968862664544e+03 9.126539259390034076e-01
6.552379774870625624e+03 8.964999779317650574e-01
6.552417480862693083e+03 9.003839872886966189e-01
6.552455186854760541e+03 9.010901708081388017e-01
6.552492892846827999e+03 9.138897470980270610e-01
6.552530598838895457e+03 9.233349516705653404e-01
6.552568304830962916e+03 9.177737564549587335e-01
6.552606110838923996e+03 9.219225846316811968e-01
6.552643816830991454e+03 9.258065939886127582e-01
6.552681522823059822e+03 9.336628856424062928e-01
6.552719228815127281e+03 9.383413514587103377e-01
6.552756934807194739e+03 9.466390078121551532e-01
6.552794640799262197e+03 9.614688617204395493e-01
6.552832346791329655e+03 9.716202498124200115e-01
6.552870052783397114e+03 9.731208897912344558e-01
6.552907758775464572e+03 9.629695016992541046e-01
6.552945464767532940e+03 9.605861323211369873e-01
6.552983170759600398e+03 9.572317606037868964e-01
6.553020876751666947e+03 9.610274970207882683e-01
6.553058582743734405e+03 9.559076665048329424e-01
6.553096288735801863e+03 9.630577746391844052e-01
6.553133994727869322e+03 9.711788851127687305e-01
6.553171700719937689e+03 9.935119389151255698e-01
6.553209306696110616e+03 9.934236659751952692e-01
6.553247012688178074e+03 1.018669726795250918e+00
6.553284718680245533e+03 1.036765679480955216e+00
6.553322424672312991e+03 1.052831354548263265e+00
6.553360130664381359e+03 1.056185726265613356e+00
6.553397736640554285e+03 1.042150328816701332e+00
6.553435442632621744e+03 1.020876550293507545e+00
6.553473148624689202e+03 9.913933883567992433e-01
6.553510854616756660e+03 9.665886922363949862e-01
6.553548460592930496e+03 9.613805887805093597e-01
6.553586166584997954e+03 9.303085139250563129e-01
6.553623872577065413e+03 9.043562695855585920e-01
6.553661478553238339e+03 8.721366465110120814e-01
6.553699184545306707e+03 8.621618042988922204e-01
6.553736890537374165e+03 8.852010416206911314e-01
6.553774496513547092e+03 9.188330317341218967e-01
6.553812202505614550e+03 9.121242882994218260e-01
6.553849808481788386e+03 9.167144811757955702e-01
6.553887514473855845e+03 9.051507260449309644e-01
6.553925220465923303e+03 8.937635167939268488e-01
6.553962826442096230e+03 8.937635167939268488e-01
6.554000532434164597e+03 9.099174648011651989e-01
6.554038138410337524e+03 9.192743964337731777e-01
6.554075844402404982e+03 9.589972194023922425e-01
6.554113450378577909e+03 9.742684380103279196e-01
6.554151156370646277e+03 1.010725162201527194e+00
6.554188762346819203e+03 1.016727722116785193e+00
6.554226368322993039e+03 1.022465463212252290e+00
6.554264074315060498e+03 9.965132188727545692e-01
6.554301680291234334e+03 9.804475438054464087e-01
6.554339386283301792e+03 9.602330405614158959e-01
6.554376992259474719e+03 9.409895396566182457e-01
6.554414598235648555e+03 9.274837798472878037e-01
6.554452304227716013e+03 9.306616056847772933e-01
6.554489910203888940e+03 9.613805887805093597e-01
6.554527516180062776e+03 9.928057553956834980e-01
6.554565122156235702e+03 1.023171646731694473e+00
6.554602828148303161e+03 1.039237321799002522e+00
6.554640434124477906e+03 1.047093613452795946e+00
6.554678040100650833e+03 1.070574215474246360e+00
6.554715646076823759e+03 1.078430507128040006e+00
6.554753252052997595e+03 1.081784878845389875e+00
6.554790958045065054e+03 1.080372511806505731e+00
6.554828564021237980e+03 1.085668888202321547e+00
6.554866169997411816e+03 1.075429227170410895e+00
6.554903775973585653e+03 1.058745641523590963e+00
6.554941381949758579e+03 1.035000220682349870e+00
6.554978987925932415e+03 1.012843712759853521e+00
6.555016593902105342e+03 1.010813435141457495e+00
6.555054199878279178e+03 1.011784437480690357e+00
6.555091805854452105e+03 1.031116211325418197e+00
6.555129411830625941e+03 1.021671006752879807e+00
6.555167017806799777e+03 1.024495740830648316e+00
6.555204623782972703e+03 1.019817275014344382e+00
6.555242229759145630e+03 1.005693604625502058e+00
6.555279835735319466e+03 9.898927483779846881e-01
6.555317441711493302e+03 9.799179061658648271e-01
6.555355047687667138e+03 9.550249371055302694e-01
6.555392653663840065e+03 9.417839961159906181e-01
6.555430259640012991e+03 9.219225846316811968e-01
6.555467865616186828e+03 9.256300481087522680e-01
6.555505471592360664e+03 9.469038266319459440e-01
6.555543077568533590e+03 9.698547910138146655e-01
6.555580583528812895e+03 1.019022818554971899e+00
6.555618189504985821e+03 1.032969943063953844e+00
6.555655795481160567e+03 1.050977622809727619e+00
6.555693401457333493e+03 1.045769519353842103e+00
6.555730907417612798e+03 1.035000220682349870e+00
6.555768513393785724e+03 1.024584013770578617e+00
6.555806119369960470e+03 9.917464801165203347e-01
6.555843725346133397e+03 9.826543673037030358e-01
6.555881231306412701e+03 9.717967956922805017e-01
6.555918837282585628e+03 9.735622544908858478e-01
6.555956443258759464e+03 9.775345367877477099e-01
6.555993949219038768e+03 1.009047976342852149e+00
6.556031555195211695e+03 1.037560135940327477e+00
6.556069161171385531e+03 1.069691486074943798e+00
6.556106667131664835e+03 1.075429227170410895e+00
6.556144273107838671e+03 1.062188286180871355e+00
6.556181779068117976e+03 1.036677406541024915e+00
6.556219385044291812e+03 1.017786997395948356e+00
6.556256891004570207e+03 9.902458401377057795e-01
6.556294496980744043e+03 9.971311294522664515e-01
6.556332002941023347e+03 1.004987421106059875e+00
6.556369608917197183e+03 1.013373350399435102e+00
6.556407114877475578e+03 1.029880390166394433e+00
6.556444720853650324e+03 1.025908107869532682e+00
6.556482226813928719e+03 1.038089773579909059e+00
6.556519832790101646e+03 1.049035618131261893e+00
6.556557338750381859e+03 1.036765679480955216e+00
6.556594844710661164e+03 1.043386149975724875e+00
6.556632450686834090e+03 1.054420267467008010e+00
6.556669956647114304e+03 1.048505980491680312e+00
6.556707462607392699e+03 1.059451825043033146e+00
6.556745068583567445e+03 1.067219843756896269e+00
6.556782574543845840e+03 1.061746921481219852e+00
6.556820080504125144e+03 1.039943505318444705e+00
6.556857686480298980e+03 1.022818554971973271e+00
6.556895192440578285e+03 9.928057553956834980e-01
6.556932698400857589e+03 9.724147062717923840e-01
6.556970204361136894e+03 9.671183298759765679e-01
6.557007710321416198e+03 9.561724853246237332e-01
6.557045316297590034e+03 9.649997793176501304e-01
6.557082822257869339e+03 9.790351767665622651e-01
6.557120328218148643e+03 9.761221697488634552e-01
6.557157834178427947e+03 9.935119389151255698e-01
6.557195340138707252e+03 9.878624707595886623e-01
6.557232846098986556e+03 1.000044136469965039e+00
6.557270352059265861e+03 1.004104691706757313e+00
6.557307858019545165e+03 1.001986141148430987e+00
6.557345363979824469e+03 9.986317694310808957e-01
6.557382869940103774e+03 9.920112989363111256e-01
6.557420375900383078e+03 9.868031954804254990e-01
6.557457881860663292e+03 9.675596945756278489e-01
6.557495387820941687e+03 9.645584146179988494e-01
6.557532893781221901e+03 8.625148960586132008e-01
6.557570399741500296e+03 9.788586308867016639e-01
6.557607905701780510e+03 1.029439025466743152e+00
6.557645411662059814e+03 1.046828794633005266e+00
6.557682917622339119e+03 7.962219181709846438e-01
6.557720423582618423e+03 1.083108972944343940e+00
6.557757929542896818e+03 1.098556737432140107e+00
6.557795435503177032e+03 1.124508981771637828e+00
6.557832941463456336e+03 1.147989583793088242e+00
6.557870347407841109e+03 1.118329875976519450e+00
6.557907853368121323e+03 1.101028379750187636e+00
6.557945359328400627e+03 1.074723043650968712e+00
6.557982865288679932e+03 1.060334554442335708e+00
6.558020271233064705e+03 1.048505980491680312e+00
6.558057777193344918e+03 1.028644569007370890e+00
6.558095283153623313e+03 1.028821114887231269e+00
6.558132789113903527e+03 9.943946683144282428e-01
6.558170195058288300e+03 9.623515911197422223e-01
6.558207701018567604e+03 9.569669417839961056e-01
6.558245206978846909e+03 9.541422077062277074e-01
6.558282612923232591e+03 9.766518073884450368e-01
6.558320118883510986e+03 1.000750319989407222e+00
6.558357524827896668e+03 1.003310235247384830e+00
6.558395030788176882e+03 1.008165246943549365e+00
6.558432536748455277e+03 1.017080813876506173e+00
6.558469942692840959e+03 1.023789557311206355e+00
6.558507448653120264e+03 1.029085933707022171e+00
6.558544854597505946e+03 1.039325594738932823e+00
6.558582360557785250e+03 1.047976342852098730e+00
6.558619766502170023e+03 1.028997660767091871e+00
6.558657272462450237e+03 1.012578893940062619e+00
6.558694678406834100e+03 9.936002118550558704e-01
6.558732184367114314e+03 1.000662047049476922e+00
6.558769590311499996e+03 9.845963719821688720e-01
6.558806996255884769e+03 9.848611908019596628e-01
6.558844502216164074e+03 9.976607670918480331e-01
6.558881908160549756e+03 9.967780376925453600e-01
6.558919414120829060e+03 1.017080813876506173e+00
6.558956820065213833e+03 1.049476982830913174e+00
6.558994226009599515e+03 1.084697885863088684e+00
6.559031631953984288e+03 1.125568257050800991e+00
6.559069137914264502e+03 1.168380632916979245e+00
6.559106543858650184e+03 1.213752924041135106e+00
6.559143949803034047e+03 1.218696208677229942e+00
6.559181455763314261e+03 1.209957187624133734e+00
6.559218861707699034e+03 1.190360594959615215e+00
6.559256267652084716e+03 1.186829677362404523e+00
6.559293673596469489e+03 1.165820717659001637e+00
6.559331079540855171e+03 1.143311117976784308e+00
6.559368585501134476e+03 1.114092774859866797e+00
6.559405991445520158e+03 1.088140530520369076e+00
6.559443397389905840e+03 1.067131570816965969e+00
6.559480803334289703e+03 1.047534978152447449e+00
6.559518209278675386e+03 1.040826234717747267e+00
6.559555615223061068e+03 1.044710244074678940e+00
6.559593021167446750e+03 1.062629650880522636e+00
6.559630427111831523e+03 1.088405349340159756e+00
6.559667833056216296e+03 1.093260361036324291e+00
6.559705239000601978e+03 1.122302158273381201e+00
6.559742644944987660e+03 1.136867193361875028e+00
6.559780050889372433e+03 1.126362713510173474e+00
6.559817456833758115e+03 1.114622412499448378e+00
6.559854862778143797e+03 1.063688926159685799e+00
6.559892268722527660e+03 1.021141369113298225e+00
6.559929674666913343e+03 1.012314075120271939e+00
6.559967080611299025e+03 9.945712141942887330e-01
6.560004486555684707e+03 9.827426402436333364e-01
6.560041892500069480e+03 9.876859248797281721e-01
6.560079198428560630e+03 1.013814715099086383e+00
6.560116604372946313e+03 1.017169086816436474e+00
6.560154010317331085e+03 1.007017698724456123e+00
6.560191416261716768e+03 1.026526018449044342e+00
6.560228822206101540e+03 1.016992540936575873e+00
6.560266128134592691e+03 1.014344352738667965e+00
6.560303534078978373e+03 1.010989981021317874e+00
6.560340940023364055e+03 1.025201924350090499e+00
6.560378345967749738e+03 1.037118771240676196e+00
6.560415651896240888e+03 1.073575495431875249e+00
6.560453057840624751e+03 1.112327316061261451e+00
6.560490463785010434e+03 1.158405790704859495e+00
6.560527769713501584e+03 1.177472745729796433e+00
6.560565175657887266e+03 1.192479145517941541e+00
6.560602481586378417e+03 1.187888952641567686e+00
6.560639887530764099e+03 1.168645451736770147e+00
6.560677293475148872e+03 1.137749922761177590e+00
6.560714599403640023e+03 1.123979344132056246e+00
6.560752005348025705e+03 1.111356313722028588e+00
6.560789311276516855e+03 1.113033499580703634e+00
6.560826717220902538e+03 1.108090214944608798e+00
6.560864023149393688e+03 1.126450986450103775e+00
6.560901429093778461e+03 1.120801518294566756e+00
6.560938735022269611e+03 1.129275720527872284e+00
6.560976140966654384e+03 1.139250562739992034e+00
6.561013446895145535e+03 1.120978064174427358e+00
6.561050852839531217e+03 1.109590854923423242e+00
6.561088158768022367e+03 1.091318356357858566e+00
6.561125464696513518e+03 1.080372511806505731e+00
6.561162870640899200e+03 1.070485942534316059e+00
6.561200176569390351e+03 1.083903429403716201e+00
6.561237482497881501e+03 1.083638610583925521e+00
6.561274888442267184e+03 1.096349913933883480e+00
6.561312194370758334e+03 1.092201085757161128e+00
6.561349500299249485e+03 1.092818996336673010e+00
6.561386906243634257e+03 1.095908549234232199e+00
6.561424212172125408e+03 1.062011740301010754e+00
6.561461518100616559e+03 1.027938385487928707e+00
6.561498824029107709e+03 9.856556472613320352e-01
6.561536129957598860e+03 9.617336805402303401e-01
6.561573535901984542e+03 9.634991393388356862e-01
6.561610841830475692e+03 9.999558635300348497e-01
6.561648147758966843e+03 1.031204484265348498e+00
6.561685453687457994e+03 1.078871871827691287e+00
6.561722759615949144e+03 1.118594694796310129e+00
6.561760065544440295e+03 1.146224124994482896e+00
6.561797371472931445e+03 1.150902590810787052e+00
6.561834677401422596e+03 1.150019861411484268e+00
6.561872083345808278e+03 1.125568257050800991e+00
6.561909389274299429e+03 1.105442026746700890e+00
6.561946695202790579e+03 1.082667608244692659e+00
6.561984001131281730e+03 1.083285518824204541e+00
6.562021307059772880e+03 1.083550337643995221e+00
6.562058612988264031e+03 1.079666328287063548e+00
6.562095818900860650e+03 1.078695325947830685e+00
6.562133124829352710e+03 1.082226243545041378e+00
6.562170430757843860e+03 1.085580615262391246e+00
6.562207736686335011e+03 1.093083815156463690e+00
6.562245042614826161e+03 1.097056097453325663e+00
6.562282348543317312e+03 1.102793838548792760e+00
6.562319654471808462e+03 1.114975504259169359e+00
6.562356960400300522e+03 1.133865913404245918e+00
6.562394266328791673e+03 1.143487663856644687e+00
6.562431472241388292e+03 1.158670609524650175e+00
6.562468778169879442e+03 1.175177649291609727e+00
6.562506084098370593e+03 1.205190448867899500e+00
6.562543390026861744e+03 1.199629253652292782e+00
6.562580595939459272e+03 1.186123493842962340e+00
6.562617901867950422e+03 1.141457386238248661e+00
6.562655207796441573e+03 1.078783598887760986e+00
6.562692513724932724e+03 1.037824954760118379e+00
6.562729719637529342e+03 9.880390166394491525e-01
6.562767025566020493e+03 9.599682217416251051e-01
6.562804231478618021e+03 9.446087301937591274e-01
6.562841537407109172e+03 9.353400715010813382e-01
6.562878843335600322e+03 9.341042503420576848e-01
6.562916049248197851e+03 9.207750364125877329e-01
6.562953355176689001e+03 9.248355916493798956e-01
6.562990561089285620e+03 9.159200247164231978e-01
6.563027867017776771e+03 9.099174648011651989e-01
6.563065172946267921e+03 9.193626693737034783e-01
6.563102378858865450e+03 9.194509423136337789e-01
6.563139684787356600e+03 9.303967868649865025e-01
6.563176890699954129e+03 9.430198172750143826e-01
6.563214096612550748e+03 9.616454076003001505e-01
6.563251402541041898e+03 9.760338968089332656e-01
6.563288608453639426e+03 9.693251533742330839e-01
6.563325914382130577e+03 9.736505274308160374e-01
6.563363120294727196e+03 9.711788851127687305e-01
6.563400426223218346e+03 9.520236571479012699e-01
6.563437632135815875e+03 9.333980668226155020e-01
6.563474838048413403e+03 9.424901796354328010e-01
6.563512143976904554e+03 9.432846360948051734e-01
6.563549349889501173e+03 9.719733415721411030e-01
6.563586555802098701e+03 9.986317694310808957e-01
6.563623761714695320e+03 1.007988701063688985e+00
6.563661067643186470e+03 1.015580173897691729e+00
6.563698273555783999e+03 1.014432625678598265e+00
6.563735479468380618e+03 1.023877830251136434e+00
6.563772685380978146e+03 1.034558855982698589e+00
6.563809991309469297e+03 1.040031778258375006e+00
6.563847197222066825e+03 1.049741801650704076e+00
6.563884403134663444e+03 1.054067175707287030e+00
6.563921609047260972e+03 1.043827514675376156e+00
6.563958814959857591e+03 1.039943505318444705e+00
6.563996020872455119e+03 1.033058216003883922e+00
6.564033226785051738e+03 1.029262479586882550e+00
6.564070432697649267e+03 1.033852672463256406e+00
6.564107738626140417e+03 1.015933265657412710e+00
6.564144944538737946e+03 1.007723882243898084e+00
6.564182150451334564e+03 9.926292095158228967e-01
6.564219356363931183e+03 9.847729178620293622e-01
6.564256562276529621e+03 9.840667343425872904e-01
6.564293768189126240e+03 9.952773977137308048e-01
6.564330974101722859e+03 1.009489341042503430e+00
6.564368180014320387e+03 1.009930705742154711e+00
6.564405285911023384e+03 1.027850112547998407e+00
6.564442491823620003e+03 1.015138809198040448e+00
6.564479697736218441e+03 1.003045416427594150e+00
6.564516903648815060e+03 9.853025555016109438e-01
6.564554109561411678e+03 9.779759014873989909e-01
6.564591315474008297e+03 9.708257933530476391e-01
6.564628521386606735e+03 9.707375204131173385e-01
6.564665727299203354e+03 9.672948757558370581e-01
6.564702833195906351e+03 9.685306969148607115e-01
6.564740039108503879e+03 9.635874122787659868e-01
6.564777245021100498e+03 9.635874122787659868e-01
6.564814450933697117e+03 9.649115063777199408e-01
6.564851556830401023e+03 9.781524473672595921e-01
6.564888762742997642e+03 9.773579909078872197e-01
6.564925968655595170e+03 9.838901884627268002e-01
6.564963074552298167e+03 9.630577746391844052e-01
6.565000280464894786e+03 9.710023392329081293e-01
6.565037486377492314e+03 9.559959394447632430e-01
6.565074592274195311e+03 9.574083064836473866e-01
6.565111798186792839e+03 9.665004192964646856e-01
6.565149004099389458e+03 9.792117226464227553e-01
6.565186109996092455e+03 9.716202498124200115e-01
6.565223315908689983e+03 9.698547910138146655e-01
6.565260421805392980e+03 9.830957320033543168e-01
6.565297627717990508e+03 1.030586573685836616e+00
6.565334733614692595e+03 1.072074855453060804e+00
6.565371939527290124e+03 1.145253122655250033e+00
6.565409045423993120e+03 1.217990025157787981e+00
6.565446251336589739e+03 1.271924791455179449e+00
6.565483357233293646e+03 1.290550381780465106e+00
6.565520563145890264e+03 1.317738447278986591e+00
6.565557669042594171e+03 1.314207529681776121e+00
6.565594874955190789e+03 1.293022024098512635e+00
6.565631980851893786e+03 1.266628415059363633e+00
6.565669086748596783e+03 1.219225846316811523e+00
6.565706292661193402e+03 1.149225404952112006e+00
6.565743398557897308e+03 1.080549057686366332e+00
6.565780504454600305e+03 1.001809595268570385e+00
6.565817710367196923e+03 9.580262170631592689e-01
6.565854816263899920e+03 9.171558458754468512e-01
6.565891922160602917e+03 9.291609657059628491e-01
6.565929128073200445e+03 9.265127775080549410e-01
6.565966233969903442e+03 9.330449750628945216e-01
6.566003339866606439e+03 9.450500948934104084e-01
6.566040445763309435e+03 9.576731253034381774e-01
6.566077551660013341e+03 9.555545747451118510e-01
6.566114757572609960e+03 9.601447676214855953e-01
6.566151863469312048e+03 9.678245133954186397e-01
6.566188969366015954e+03 9.808889085050978007e-01
6.566226075262718950e+03 9.850377366818201530e-01
6.566263181159421947e+03 1.000485501169616542e+00
6.566300287056124944e+03 9.890100189786821261e-01
6.566337392952827940e+03 9.729443439113739656e-01
6.566374498849530937e+03 9.776228097276780105e-01
6.566411604746233934e+03 9.717085227523503121e-01
6.566448710642936931e+03 9.865383766606347082e-01
6.566485816539640837e+03 9.845963719821688720e-01
6.566522922436342924e+03 9.836253696429360094e-01
6.566560028333046830e+03 9.707375204131173385e-01
6.566597134229748917e+03 9.665886922363949862e-01
6.566634240126452823e+03 9.690603345544422931e-01
6.566671346023154911e+03 9.748863485898398018e-01
6.566708451919858817e+03 9.834488237630754082e-01
6.566745557816560904e+03 9.889217460387518255e-01
6.566782663713264810e+03 9.980138588515690135e-01
6.566819769609967807e+03 9.938650306748466612e-01
6.566856875506670804e+03 9.781524473672595921e-01
6.566893881387479269e+03 9.685306969148607115e-01
6.566930987284183175e+03 9.544070265260184982e-01
6.566968093180885262e+03 9.507878359888776165e-01
6.567005199077589168e+03 9.640287769784172678e-01
6.567042304974291255e+03 9.793882685262832455e-01
6.567079310855100630e+03 1.021671006752879807e+00
6.567116416751803627e+03 1.073840314251666150e+00
6.567153522648506623e+03 1.127157169969545736e+00
6.567190528529315998e+03 1.175001103411749126e+00
6.567227634426018994e+03 1.189124773800591450e+00
6.567264740322721991e+03 1.183033940945403151e+00
6.567301746203530456e+03 1.173588736372864982e+00
6.567338852100234362e+03 1.128922628768151082e+00
6.567375957996936449e+03 1.088140530520369076e+00
6.567412963877745824e+03 1.048947345191331593e+00
6.567450069774449730e+03 1.022024098512601009e+00
6.567487075655257286e+03 9.950125788939400140e-01
6.567524181551961192e+03 9.895396566182637077e-01
6.567561187432769657e+03 9.558193935649026418e-01
6.567598293329472654e+03 9.417839961159906181e-01
6.567635399226175650e+03 9.310146974444983847e-01
6.567672405106985025e+03 9.278368716070088951e-01
6.567709410987794399e+03 9.156552058966324070e-01
6.567746516884496486e+03 9.135366553383060806e-01
6.567783522765305861e+03 9.225404952111929680e-01
6.567820628662009767e+03 9.398419914375247819e-01
6.567857634542818232e+03 9.573200335437171971e-01
6.567894740439521229e+03 9.672948757558370581e-01
6.567931746320329694e+03 9.671183298759765679e-01
6.567968752201139068e+03 9.489341042503420809e-01
6.568005858097842065e+03 9.397537184975945923e-01
6.568042863978650530e+03 9.466390078121551532e-01
6.568079869859459905e+03 9.522002030277618712e-01
6.568116875740269279e+03 9.529946594871342436e-01
6.568153981636971366e+03 9.609392240808579677e-01
6.568190987517780741e+03 9.655294169572317120e-01
6.568227993398590115e+03 9.709140662929779397e-01
6.568264999279398580e+03 9.720616145120712925e-01
6.568302105176102486e+03 9.890100189786821261e-01
6.568339111056910951e+03 1.015668446837622030e+00
6.568376116937719416e+03 1.051772079269100102e+00
6.568413122818528791e+03 1.074193406011387131e+00
6.568450128699338165e+03 1.093172088096393990e+00
6.568487134580146630e+03 1.090788718718276984e+00
6.568524240476849627e+03 1.093789998675905872e+00
6.568561246357659002e+03 1.071280398993688543e+00
6.568598252238467467e+03 1.033411307763605125e+00
6.568635258119276841e+03 1.024495740830648316e+00
6.568672264000086216e+03 1.007547336364037704e+00
6.568709269880894681e+03 1.015138809198040448e+00
6.568746275761703146e+03 1.026172926689323361e+00
6.568783281642512520e+03 1.027055656088625923e+00
6.568820287523321895e+03 1.058569095643730362e+00
6.568857293404130360e+03 1.080990422386017613e+00
6.568894299284939734e+03 1.092818996336673010e+00
6.568931305165749109e+03 1.110208765502935124e+00
6.568968211030663952e+03 1.102440746789071779e+00
6.569005216911472417e+03 1.103500022068234943e+00
6.569042222792280882e+03 1.079048417707551666e+00
6.569079228673090256e+03 1.026437745509114263e+00
6.569116234553899631e+03 1.007988701063688985e+00
6.569153240434708096e+03 9.876859248797281721e-01
6.569190246315517470e+03 9.621750452398817322e-01
6.569227152180432313e+03 9.549366641656000798e-01
6.569264158061241687e+03 9.383413514587103377e-01
6.569301163942050152e+03 9.425784525753629906e-01
6.569338169822858617e+03 9.453149137132011992e-01
6.569375075687774370e+03 9.409895396566182457e-01
6.569412081568582835e+03 9.415191772961998273e-01
6.569449087449391300e+03 9.274837798472878037e-01
6.569485993314306143e+03 9.216577658118904059e-01
6.569522999195115517e+03 9.118594694796310351e-01
6.569560005075924892e+03 8.972944343911374299e-01
6.569596910940839734e+03 9.064748201438849184e-01
6.569633916821648199e+03 9.117711965397007345e-01
6.569670922702457574e+03 9.260714128084035490e-01
6.569707828567372417e+03 9.559959394447632430e-01
6.569744834448181791e+03 9.860970119609833162e-01
6.569781740313096634e+03 1.009047976342852149e+00
6.569818746193905099e+03 1.045328154654190822e+00
6.569855652058819942e+03 1.064306836739197681e+00
6.569892657939629316e+03 1.068720483735710713e+00
6.569929563804544159e+03 1.064571655558988361e+00
6.569966569685353534e+03 1.061835194421150153e+00
6.570003475550268377e+03 1.075782318930131876e+00
6.570040481431076842e+03 1.034029218343117007e+00
6.570077387295991684e+03 1.044710244074678940e+00
6.570114293160906527e+03 1.044004060555236757e+00
6.570151299041715902e+03 1.036059495961513033e+00
6.570188204906630745e+03 1.031469303085139178e+00
6.570225110771545587e+03 1.027232201968486525e+00
6.570262116652354962e+03 1.024584013770578617e+00
6.570299022517268895e+03 1.029439025466743152e+00
6.570335928382183738e+03 1.032528578364302341e+00
6.570372934262993112e+03 1.041179326477468248e+00
6.570409840127907955e+03 1.049741801650704076e+00
6.570446745992822798e+03 1.072604493092642386e+00
6.570483651857737641e+03 1.088052257580438775e+00
6.570520657738547015e+03 1.090788718718276984e+00
6.570557563603461858e+03 1.086375071721763730e+00
6.570594469468375792e+03 1.056273999205543435e+00
6.570631375333290634e+03 1.043297877035794574e+00
6.570668281198206387e+03 1.017257359756366775e+00
6.570705187063121230e+03 9.929823012755439882e-01
6.570742192943929695e+03 9.947477600741492232e-01
6.570779098808845447e+03 9.935119389151255698e-01
6.570816004673760290e+03 1.003486781127245431e+00
6.570852910538675133e+03 1.034911947742419569e+00
6.570889816403589975e+03 1.057598093304497500e+00
6.570926722268504818e+03 1.059010460343381643e+00
6.570963628133419661e+03 1.087346074060996592e+00
6.571000533998334504e+03 1.081608332965529495e+00
6.571037439863248437e+03 1.071545217813479223e+00
6.571074345728164189e+03 1.044180606435097358e+00
6.571111251593079032e+03 1.032528578364302341e+00
6.571148157457993875e+03 1.008430065763340266e+00
6.571185063322908718e+03 9.648232334377896402e-01
6.571221969187823561e+03 9.476982830913183165e-01
6.571258775036843872e+03 9.031204484265348276e-01
6.571295680901759624e+03 8.961468861720439660e-01
6.571332586766674467e+03 8.999426225890453379e-01
6.571369492631589310e+03 9.006488061084874097e-01
6.571406398496504153e+03 9.258065939886127582e-01
6.571443304361418996e+03 9.356931632608024296e-01
6.571480110210439307e+03 9.539656618263671062e-01
6.571517016075355059e+03 9.634991393388356862e-01
6.571553921940269902e+03 9.774462638478174092e-01
6.571590827805184745e+03 9.763869885686542460e-01
6.571627633654205056e+03 9.788586308867016639e-01
6.571664539519119899e+03 9.936884847949860600e-01
6.571701445384034741e+03 1.001015138809198124e+00
6.571738251233055962e+03 1.022200644392461388e+00
6.571775157097970805e+03 1.047534978152447449e+00
6.571812062962885648e+03 1.053272719247914546e+00
6.571848868811905959e+03 1.086992982301275612e+00
6.571885774676821711e+03 1.117447146577216666e+00
6.571922680541736554e+03 1.155757602506951587e+00
6.571959486390756865e+03 1.160436068323255521e+00
6.571996392255671708e+03 1.164849715319768775e+00
6.572033198104692929e+03 1.172794279913492499e+00
6.572070103969607771e+03 1.172088096394050316e+00
6.572106909818628083e+03 1.186741404422474222e+00
6.572143815683542925e+03 1.182151211546100589e+00
6.572180621532564146e+03 1.162466345941651547e+00
6.572217527397478989e+03 1.133601094584455238e+00
6.572254333246500209e+03 1.121331155934148338e+00
6.572291239111414143e+03 1.094319636315487454e+00
6.572328044960436273e+03 1.065630930838151524e+00
6.572364850809456584e+03 1.047623251092377528e+00
6.572401756674371427e+03 1.023613011431345754e+00
6.572438562523392648e+03 1.004457783466478293e+00
6.572475368372412959e+03 9.964249459328242686e-01
6.572512274237327802e+03 9.841550072825175910e-01
6.572549080086348113e+03 9.738270733106766386e-01
6.572585885935369333e+03 9.446087301937591274e-01
6.572622791800284176e+03 8.978240720307190115e-01
6.572659597649304487e+03 8.120227744185020136e-01
6.572696403498326617e+03 7.154521781347927822e-01
6.572733209347346929e+03 6.035220903032175732e-01
6.572770115212261771e+03 5.177207926910005753e-01
6.572806921061282992e+03 4.374806902943902398e-01
6.572843726910303303e+03 3.746303570640420189e-01
6.572880532759323614e+03 3.419693692898441717e-01
6.572917338608344835e+03 3.260802401023966124e-01
6.572954144457365146e+03 3.399390916714480904e-01
6.572990950306387276e+03 3.848700180959526707e-01
6.573027856171301210e+03 4.554883700401641811e-01
6.573064662020322430e+03 5.342278324579600168e-01
6.573101467869343651e+03 6.395374497947654557e-01
6.573138273718363962e+03 7.208368274705388989e-01
6.573175079567384273e+03 8.162598755351546664e-01
6.573211885416405494e+03 8.761972017478042440e-01
6.573248691265425805e+03 9.482279207308998981e-01
6.573285497114447935e+03 9.904223860175662697e-01
6.573322302963468246e+03 1.042326874696561712e+00
6.573359108812488557e+03 1.119389151255682613e+00
6.573395914661509778e+03 1.184534580924217595e+00
6.573432720510530089e+03 1.253652292889614772e+00
6.573469426343657688e+03 1.298230127554398150e+00
6.573506232192677999e+03 1.320651454296685401e+00
6.573543038041699219e+03 1.313236527342543036e+00
6.573579843890719530e+03 1.258595577525709386e+00
6.573616649739739842e+03 1.193803239616895384e+00
6.573653455588761062e+03 1.126097894690382573e+00
6.573690161421887751e+03 1.057509820364567199e+00
6.573726967270908972e+03 1.023259919671624774e+00
6.573763773119929283e+03 1.005163966985920476e+00
6.573800578968950504e+03 9.913051154168689427e-01
6.573837284802077193e+03 9.959835812331729876e-01
6.573874090651098413e+03 1.025113651410160198e+00
6.573910896500118724e+03 1.030498300745906315e+00
6.573947702349139036e+03 1.043562695855585476e+00
6.573984408182265724e+03 1.029262479586882550e+00
6.574021214031287855e+03 1.045857792293772404e+00
6.574058019880308166e+03 1.042503420576422313e+00
6.574094725713434855e+03 1.049741801650704076e+00
6.574131531562455166e+03 1.055656088626031774e+00
6.574168237395582764e+03 1.032528578364302341e+00
6.574205043244603075e+03 1.016904267996645572e+00
6.574241749077729764e+03 1.015756719777552108e+00
6.574278554926750076e+03 9.936884847949860600e-01
6.574315360775772206e+03 9.885686542790307341e-01
6.574352066608897985e+03 9.860087390210531266e-01
6.574388772442024674e+03 1.003221962307454751e+00
6.574425578291044985e+03 1.010283797501875691e+00
6.574462284124172584e+03 1.041267599417398548e+00
6.574499089973192895e+03 1.066160568477733106e+00
6.574535795806319584e+03 1.069603213135013497e+00
6.574572601655340804e+03 1.078430507128040006e+00
6.574609307488467493e+03 1.070397669594385759e+00
6.574646013321594182e+03 1.043827514675376156e+00
6.574682819170614493e+03 1.017698724456018056e+00
6.574719525003742092e+03 1.002162687028291588e+00
6.574756230836867871e+03 1.003045416427594150e+00
6.574793036685889092e+03 1.000220682349825641e+00
6.574829742519016690e+03 1.012137529240411338e+00
6.574866448352142470e+03 1.008076974003619286e+00
6.574903254201163691e+03 1.001544776448779706e+00
6.574939960034290380e+03 9.908637507172176617e-01
6.574976665867417069e+03 9.738270733106766386e-01
6.575013371700543757e+03 9.733857086110252466e-01
6.575050077533670446e+03 9.665886922363949862e-01
6.575086883382691667e+03 9.889217460387518255e-01
6.575123589215817447e+03 9.951891247738006152e-01
6.575160295048945045e+03 1.028379750187579988e+00
6.575197000882071734e+03 1.067043297877035890e+00
6.575233706715197513e+03 1.119653970075473293e+00
6.575270412548325112e+03 1.176590016330493871e+00
6.575307118381451801e+03 1.201659531270689030e+00
6.575343824214578490e+03 1.231407512027188123e+00
6.575380530047705179e+03 1.228141413249768332e+00
6.575417235880831868e+03 1.192832237277662522e+00
6.575453941713958557e+03 1.166350355298583219e+00
6.575490647547085246e+03 1.138279560400759172e+00
6.575527353380211935e+03 1.100851833870327035e+00
6.575564059213338624e+03 1.097320916273116564e+00
6.575600765046465312e+03 1.097144370393255963e+00
6.575637470879592911e+03 1.094054817495696774e+00
6.575674176712718690e+03 1.078165688308249104e+00
6.575710882545845379e+03 1.040914507657677568e+00
6.575747588378972978e+03 1.016374630357063991e+00
6.575784294212098757e+03 9.754159862294213834e-01
6.575821000045226356e+03 9.318091539038707571e-01
6.575857605862458513e+03 8.962351591119742666e-01
6.575894311695586111e+03 8.791102087655029429e-01
6.575931017528711891e+03 8.868782274793661768e-01
6.575967723361838580e+03 9.279251445469390847e-01
6.576004429194966178e+03 9.684424239749305219e-01
6.576041035012198336e+03 9.894513836783334071e-01
6.576077740845325025e+03 9.916582071765900341e-01
6.576114446678451714e+03 1.012578893940062619e+00
6.576151052495684780e+03 1.001368230568919104e+00
6.576187758328811469e+03 1.013902988039016684e+00
6.576224464161937249e+03 1.022200644392461388e+00
6.576261069979170315e+03 1.044357152314957959e+00
6.576297775812297004e+03 1.053978902767356729e+00
6.576334481645424603e+03 1.044710244074678940e+00
6.576371087462656760e+03 1.026790837268835244e+00
6.576407793295783449e+03 9.894513836783334071e-01
6.576444399113015606e+03 9.537008430065763154e-01
6.576481104946143205e+03 9.194509423136337789e-01
6.576517710763375362e+03 9.040031778258375006e-01
6.576554416596502051e+03 8.884671403981109217e-01
6.576591022413734208e+03 8.882023215783201309e-01
6.576627728246861807e+03 8.945579732532992212e-01
6.576664334064093964e+03 8.957055214723926850e-01
6.576701039897221563e+03 8.998543496491150373e-01
6.576737645714453720e+03 9.062982742640243172e-01
6.576774351547580409e+03 9.133601094584454794e-01
6.576810957364812566e+03 9.338394315222668940e-01
6.576847663197940165e+03 9.574965794235776873e-01
6.576884269015172322e+03 9.823895484839122449e-01
6.576920874832405389e+03 1.012843712759853521e+00
6.576957580665531168e+03 1.035265039502140549e+00
6.576994186482764235e+03 1.057686366244427800e+00
6.577030792299996392e+03 1.089729443439113821e+00
6.577067398117229459e+03 1.091936266937370448e+00
6.577104103950356148e+03 1.099616012711303270e+00
6.577140709767589215e+03 1.085139250562739965e+00
6.577177315584822281e+03 1.070750761354106961e+00
6.577213921402054439e+03 1.046387429933353985e+00
6.577250627235182037e+03 1.036765679480955216e+00
6.577287233052413285e+03 1.048682526371540913e+00
6.577323838869646352e+03 1.051683806329169801e+00
6.577360444686878509e+03 1.070662488414176661e+00
6.577397050504111576e+03 1.096526459813744081e+00
6.577433656321344642e+03 1.131217725206338010e+00
6.577470262138576800e+03 1.172441188153771519e+00
6.577506967971704398e+03 1.185858675023171660e+00
6.577543573788936556e+03 1.184622853864147896e+00
6.577580179606169622e+03 1.172970825793353100e+00
6.577616785423401780e+03 1.120889791234497057e+00
6.577653391240634846e+03 1.082402789424901757e+00
6.577689997057867913e+03 1.023083373791764172e+00
6.577726602875100070e+03 9.855673743214017346e-01
6.577763208692332228e+03 9.498168336496447539e-01
6.577799814509564385e+03 9.235997704903561312e-01
6.577836420326797452e+03 8.968530696914860378e-01
6.577873026144030518e+03 8.776978417266186883e-01
6.577909531945369054e+03 8.689588206735224807e-01
6.577946137762602120e+03 8.443306704329788248e-01
6.577982743579834278e+03 8.283532683056009649e-01
6.578019349397066435e+03 8.200556119521560383e-01
6.578055955214299502e+03 8.076974003619190601e-01
6.578092561031531659e+03 8.036368451251268974e-01
6.578129166848764726e+03 8.022244780862426428e-01
6.578165672650103261e+03 8.089332215209427135e-01
6.578202278467335418e+03 8.200556119521560383e-01
6.578238884284568485e+03 8.220858895705521752e-01
6.578275490101801552e+03 8.502449574083065231e-01
6.578311995903140087e+03 8.641920819172882462e-01
