6.546965038044867470e+03 9.174195369847544246e-01
6.547002941605041997e+03 9.182665160926030135e-01
6.547040945174610897e+03 9.247600225861095646e-01
6.547078948744178888e+03 9.271597967250141403e-01
6.547116852304354325e+03 9.449463579898362831e-01
6.547154855873923225e+03 9.664031620553359403e-01
6.547192859443491216e+03 1.006070016939582201e+00
6.547230763003666652e+03 1.045313382269904112e+00
6.547268766573234643e+03 1.057594579333709817e+00
6.547306770142803543e+03 1.074675324675324672e+00
6.547344673702978071e+03 1.054488989271598065e+00
6.547382677272546971e+03 1.031761716544325136e+00
6.547420580832722408e+03 1.003952569169960451e+00
6.547458584402290398e+03 9.731789949181253174e-01
6.547496587971860208e+03 9.741671372106154303e-01
6.547534491532033826e+03 9.912478825522303971e-01
6.547572495101603636e+03 9.990118577075098871e-01
6.547610398661778163e+03 1.017221908526256380e+00
6.547648402231346154e+03 1.019762845849802479e+00
6.547686305791521590e+03 1.007340485601355251e+00
6.547724209351696118e+03 9.872953133822699456e-01
6.547762212921265018e+03 9.730378317334839045e-01
6.547800116481440455e+03 9.613212874082439630e-01
6.547838120051008445e+03 9.479107848673066217e-01
6.547876023611183882e+03 9.590626764539808002e-01
6.547913927171359319e+03 9.658385093167701774e-01
6.547951930740927310e+03 9.792490118577075187e-01
6.547989834301102746e+03 9.830604178430265572e-01
6.548027737861278183e+03 9.961885940146809615e-01
6.548065741430846174e+03 9.762845849802371800e-01
6.548103644991021611e+03 9.710615471485036787e-01
6.548141548551195228e+03 9.563805759457932876e-01
6.548179452111370665e+03 9.394409937888198447e-01
6.548217455680939565e+03 9.171372106154714876e-01
6.548255359241114093e+03 8.938452851496330176e-01
6.548293262801289529e+03 8.673066064370412720e-01
6.548331166361464966e+03 8.483907396950874924e-01
6.548369069921639493e+03 8.698475437605872607e-01
6.548407073491208394e+03 8.980801806888762950e-01
6.548444977051382921e+03 9.281479390175042532e-01
6.548482880611557448e+03 9.429700734048560573e-01
6.548520784171732885e+03 9.788255223037831687e-01
6.548558687731908321e+03 9.868718238283455957e-01
6.548596591292082849e+03 1.003387916431394800e+00
6.548634494852257376e+03 1.013692828910220278e+00
6.548672398412432813e+03 1.006211180124223503e+00
6.548710301972608249e+03 1.007622811970638077e+00
6.548748205532782777e+03 1.009740259740259827e+00
6.548786109092958213e+03 9.992941840767928241e-01
6.548824012653132741e+03 1.001552795031055876e+00
6.548861916213307268e+03 1.000141163184641524e+00
6.548899819773482704e+03 9.918125352907961600e-01
6.548937723333658141e+03 9.874364765669113586e-01
6.548975626893833578e+03 9.836250705815923201e-01
6.549013530454007196e+03 9.720496894409937916e-01
6.549051434014182632e+03 9.579333709768492744e-01
6.549089237564964606e+03 9.385940146809712559e-01
6.549127141125139133e+03 9.097967250141163476e-01
6.549165044685313660e+03 8.754940711462451119e-01
6.549202948245489097e+03 8.306041784302653497e-01
6.549240851805664533e+03 8.088650479954827555e-01
6.549278655356445597e+03 8.075945793337098166e-01
6.549316558916620124e+03 8.298983625070581738e-01
6.549354462476795561e+03 8.712591756070017235e-01
6.549392366036970998e+03 9.051383399209486091e-01
6.549430169587752061e+03 9.274421230942969663e-01
6.549468073147926589e+03 9.249011857707509776e-01
6.549505976708102025e+03 9.203839638622247632e-01
6.549543780258883089e+03 9.158667419536984378e-01
6.549581683819058526e+03 9.054206662902315461e-01
6.549619587379233963e+03 9.030208921513269704e-01
6.549657390930014117e+03 8.920101637492942048e-01
6.549695294490189553e+03 8.898927159796724551e-01
6.549733098040970617e+03 8.914455110107284419e-01
6.549771001601146054e+03 8.949745906267645434e-01
6.549808905161321491e+03 8.944099378881987805e-01
6.549846708712101645e+03 8.956804065499717193e-01
6.549884612272277082e+03 9.047148503670242592e-01
6.549922415823059055e+03 9.161490683229813747e-01
6.549960319383233582e+03 9.237718802936194518e-01
6.549998122934015555e+03 9.342179559570863434e-01
6.550035926484796619e+03 9.481931112365894476e-01
6.550073830044971146e+03 9.487577639751553216e-01
6.550111633595752210e+03 9.665443252399774643e-01
6.550149537155927646e+03 9.625917560700169018e-01
6.550187340706709620e+03 9.597684923771879761e-01
6.550225144257490683e+03 9.442405420666289961e-01
6.550263047817666120e+03 9.404291360813099576e-01
6.550300851368447184e+03 9.216544325239977020e-01
6.550338654919229157e+03 9.345002823263692804e-01
6.550376558479403684e+03 9.428289102202145333e-01
6.550414362030184748e+03 9.570863918690005745e-01
6.550452165580965811e+03 9.731789949181253174e-01
6.550490069141141248e+03 9.743083003952569543e-01
6.550527872691923221e+03 9.744494635798983673e-01
6.550565676242704285e+03 9.700734048560135658e-01
6.550603479793485349e+03 9.632975719932241887e-01
6.550641283344267322e+03 9.462168266516092219e-01
6.550679186904441849e+03 9.411349520045172445e-01
6.550716990455222913e+03 9.346414455110106934e-01
6.550754794006004886e+03 9.288537549407114291e-01
6.550792597556785950e+03 9.213721061547148761e-01
6.550830401107567013e+03 9.323828345567476417e-01
6.550868204658348986e+03 9.388763410502540818e-01
6.550906008209130050e+03 9.517221908526256602e-01
6.550943811759912023e+03 9.510163749294183733e-01
6.550981615310693087e+03 9.527103331451157731e-01
6.551019418861475060e+03 9.562394127611518746e-01
6.551057222412256124e+03 9.664031620553359403e-01
6.551095025963036278e+03 9.521456804065500101e-01
6.551132829513818251e+03 9.388763410502540818e-01
6.551170633064599315e+03 9.371823828345567930e-01
6.551208436615381288e+03 9.402879728966685446e-01
6.551246240166162352e+03 9.216544325239977020e-01
6.551284043716944325e+03 9.294184076792771920e-01
6.551321847267725389e+03 9.412761151891586575e-01
6.551359650818506452e+03 9.453698475437606330e-01
6.551397454369288425e+03 9.517221908526256602e-01
6.551435257920069489e+03 9.713438735177866157e-01
6.551472961461457089e+03 9.632975719932241887e-01
6.551510765012239062e+03 9.656973461321287644e-01
6.551548568563020126e+03 9.689440993788820400e-01
6.551586372113802099e+03 9.765669113495200060e-01
6.551624075655189699e+03 9.778373800112930558e-01
6.551661879205970763e+03 9.899774138904573473e-01
6.551699682756751827e+03 9.885657820440428845e-01
6.551737486307533800e+03 9.904009034443816972e-01
6.551775189848921400e+03 9.936476566911349728e-01
6.551812993399702464e+03 9.976002258610954243e-01
6.551850796950484437e+03 9.779785431959344688e-01
6.551888500491872037e+03 9.812252964426877444e-01
6.551926304042653101e+03 9.769904009034443559e-01
6.551964107593435074e+03 9.740259740259740173e-01
6.552001811134822674e+03 9.833427442123093831e-01
6.552039614685603738e+03 9.798136645962732816e-01
6.552077318226991338e+03 9.858836815358554828e-01
6.552115121777773311e+03 9.891304347826086474e-01
6.552152825319160911e+03 9.892715979672501714e-01
6.552190628869941975e+03 9.908243929983060472e-01
6.552228332411329575e+03 9.998588368153585870e-01
6.552266135962111548e+03 9.851778656126481959e-01
6.552303839503499148e+03 9.894127611518915844e-01
6.552341643054280212e+03 9.911067193675889841e-01
6.552379346595667812e+03 9.894127611518915844e-01
6.552417150146448876e+03 1.002117447769621750e+00
6.552454853687838295e+03 1.018915866741953780e+00
6.552492557229225895e+03 1.023150762281197057e+00
6.552530360780006959e+03 1.018774703557312256e+00
6.552568064321394559e+03 9.978825522303783613e-01
6.552605867872175622e+03 9.769904009034443559e-01
6.552643571413564132e+03 9.689440993788820400e-01
6.552681274954951732e+03 9.665443252399774643e-01
6.552718978496339332e+03 9.930830039525692099e-01
6.552756782047120396e+03 1.007340485601355251e+00
6.552794485588507996e+03 1.015104460756634630e+00
6.552832189129895596e+03 1.017363071710897904e+00
6.552869892671284106e+03 1.021880293619424007e+00
6.552907696222065169e+03 1.028373800112930558e+00
6.552945399763453679e+03 1.046442687747035638e+00
6.552983103304841279e+03 1.054912478825522193e+00
6.553020806846228879e+03 1.050112930547713264e+00
6.553058510387616479e+03 1.023715415019762931e+00
6.553096213929004080e+03 9.868718238283455957e-01
6.553133917470391680e+03 9.457933370976848719e-01
6.553171721021172743e+03 9.120553359683793992e-01
6.553209424562561253e+03 8.688594014680971478e-01
6.553247128103948853e+03 8.664596273291925721e-01
6.553284831645337363e+03 8.750705815923207620e-01
6.553322535186724963e+03 9.161490683229813747e-01
6.553360238728112563e+03 9.611801242236024390e-01
6.553397942269500163e+03 9.721908526256352046e-01
6.553435645810887763e+03 9.754376058723884801e-01
6.553473349352276273e+03 9.791078486730661057e-01
6.553511052893663873e+03 9.789666854884245817e-01
6.553548756435051473e+03 9.700734048560135658e-01
6.553586359967045610e+03 9.632975719932241887e-01
6.553624063508433210e+03 9.587803500846978633e-01
6.553661767049821719e+03 9.599096555618295001e-01
6.553699470591209320e+03 9.723320158102767286e-01
6.553737174132596920e+03 9.776962168266516429e-01
6.553774877673984520e+03 9.861660079051383088e-01
6.553812581215372120e+03 9.864483342744212457e-01
6.553850184747367166e+03 9.767080745341615300e-01
6.553887888288754766e+03 9.623094297007340758e-01
6.553925591830142366e+03 9.261716544325240275e-01
6.553963295371529966e+03 9.123376623376623362e-01
6.554000898903523193e+03 9.083850931677018847e-01
6.554038602444911703e+03 9.202428006775832392e-01
6.554076305986299303e+03 9.673913043478260532e-01
6.554113909518293440e+03 1.021315640880858355e+00
6.554151613059681040e+03 1.062676453980801794e+00
6.554189316601068640e+03 1.085968379446640375e+00
6.554226920133063686e+03 1.088932806324110603e+00
6.554264623674451286e+03 1.076369282891022072e+00
6.554302327215838886e+03 1.029220779220779258e+00
6.554339930747833932e+03 1.003105590062111752e+00
6.554377634289221533e+03 9.830604178430265572e-01
6.554415237821214760e+03 9.682382834556747531e-01
6.554452941362602360e+03 9.709203839638622657e-01
6.554490544894597406e+03 9.973178994918124873e-01
6.554528248435985006e+03 1.000423489553924350e+00
6.554565851967979143e+03 9.913890457368718101e-01
6.554603555509366743e+03 9.967532467532467244e-01
6.554641159041361789e+03 9.926595143986448599e-01
6.554678862582749389e+03 1.012845849802371578e+00
6.554716466114742616e+03 1.027667984189723382e+00
6.554754169656130216e+03 1.048560135516657166e+00
6.554791773188125262e+03 1.055335968379446543e+00
6.554829376720119399e+03 1.035573122529644285e+00
6.554867080261506999e+03 1.016092603049124854e+00
6.554904683793501135e+03 1.000000000000000000e+00
6.554942287325495272e+03 9.959062676453981355e-01
6.554979990866882872e+03 9.832015810276679701e-01
6.555017594398877918e+03 9.800959909655562186e-01
6.555055197930871145e+03 9.761434217955956560e-01
6.555092801462865282e+03 9.769904009034443559e-01
6.555130505004252882e+03 9.610389610389610260e-01
6.555168108536247928e+03 9.658385093167701774e-01
6.555205712068242065e+03 9.803783173348390445e-01
6.555243315600236201e+03 9.874364765669113586e-01
6.555280919132230338e+03 1.003529079616036102e+00
6.555318622673617938e+03 1.005364201016375025e+00
6.555356226205612074e+03 9.973178994918124873e-01
6.555393829737606211e+03 9.829192546583851442e-01
6.555431433269600348e+03 9.616036137775267889e-01
6.555469036801595394e+03 9.381705251270469059e-01
6.555506640333588621e+03 9.223602484472049889e-01
6.555544243865582757e+03 9.219367588932806390e-01
6.555581847397577803e+03 9.284302653867870792e-01
6.555619450929571030e+03 9.398644833427441947e-01
6.555657054461565167e+03 9.553924336533031747e-01
6.555694657993560213e+03 9.608977978543196130e-01
6.555732261525553440e+03 9.620271033314511389e-01
6.555769865057548486e+03 9.414172783738000705e-01
6.555807468589542623e+03 9.069734613212874219e-01
6.555845072121535850e+03 8.852343308865048277e-01
6.555882675653530896e+03 8.730942970073405363e-01
6.555920279185525033e+03 8.866459627329192905e-01
6.555957882717519169e+03 9.073969508752117719e-01
6.555995486249513306e+03 9.277244494635799033e-01
6.556032989772113069e+03 9.539808018068887119e-01
6.556070593304108115e+03 9.652738565782044144e-01
6.556108196836102252e+03 9.592038396386222132e-01
6.556145800368096388e+03 9.504517221908526103e-01
6.556183403900090525e+03 9.455110107284020460e-01
6.556220907422691198e+03 9.380293619424053819e-01
6.556258510954685335e+03 9.559570863918690486e-01
6.556296114486679471e+03 9.647092038396386515e-01
6.556333718018673608e+03 9.802371541501976315e-01
6.556371221541274281e+03 1.002540937323546100e+00
6.556408825073268417e+03 1.009599096555618303e+00
6.556446428605262554e+03 1.017363071710897904e+00
6.556483932127863227e+03 1.001693958215697400e+00
6.556521535659857363e+03 9.793901750423489316e-01
6.556559039182458037e+03 9.640033879164313646e-01
6.556596642714452173e+03 9.596273291925465632e-01
6.556634246246446310e+03 9.565217391304348116e-01
6.556671749769046983e+03 9.658385093167701774e-01
6.556709353301041119e+03 9.827780914737436202e-01
6.556746856823641792e+03 9.971767363071710744e-01
6.556784460355635929e+03 9.940711462450593228e-01
6.556821963878236602e+03 9.925183512140033359e-01
6.556859567410230738e+03 9.775550536420101189e-01
6.556897070932831411e+03 9.692264257481648659e-01
6.556934674464825548e+03 9.707792207792207417e-01
6.556972177987426221e+03 9.647092038396386515e-01
6.557009781519420358e+03 9.479107848673066217e-01
6.557047285042021031e+03 9.239130434782608647e-01
6.557084788564621704e+03 9.010446075663467447e-01
6.557122392096615840e+03 8.787408243929982765e-01
6.557159895619215604e+03 8.783173348390739266e-01
6.557197399141817186e+03 9.062676453980801350e-01
6.557235002673810413e+03 9.236307171089779278e-01
6.557272506196411086e+03 9.695087521174478029e-01
6.557310009719012669e+03 1.033879164313946886e+00
6.557347513241612432e+03 1.013551665725578754e+00
6.557385116773607479e+03 1.002258610954263052e+00
6.557422620296207242e+03 1.010446075663467003e+00
6.557460123818807915e+03 1.010304912478825479e+00
6.557497627341408588e+03 1.019480519480519431e+00
6.557535230873402725e+03 1.028938452851496432e+00
6.557572734396003398e+03 1.017786561264822032e+00
6.557610237918604071e+03 1.010163749294184177e+00
6.557647741441204744e+03 9.810841332580463314e-01
6.557685244963805417e+03 9.675324675324675772e-01
6.557722748486406090e+03 9.487577639751553216e-01
6.557760252009005853e+03 9.326651609260304676e-01
6.557797755531606526e+03 8.714003387916431365e-01
6.557835259054208109e+03 9.311123658949745918e-01
6.557872762576807872e+03 9.625917560700169018e-01
6.557910366108802918e+03 9.839073969508752571e-01
6.557947869631402682e+03 6.876058723884810320e-01
6.557985373154003355e+03 1.001552795031055876e+00
6.558022776667210564e+03 1.015669113495200504e+00
6.558060280189811238e+03 9.981648785996611872e-01
6.558097783712411911e+03 9.863071710897798328e-01
6.558135287235011674e+03 9.817899491812535073e-01
6.558172790757612347e+03 9.764257481648785930e-01
6.558210294280213930e+03 9.779785431959344688e-01
6.558247797802813693e+03 9.786843591191417557e-01
6.558285301325414366e+03 9.776962168266516429e-01
6.558322804848015039e+03 9.834839073969509071e-01
6.558360208361222249e+03 9.793901750423489316e-01
6.558397711883822922e+03 9.936476566911349728e-01
6.558435215406422685e+03 9.837662337662337331e-01
6.558472718929024268e+03 9.952004517221908486e-01
6.558510222451624941e+03 9.922360248447205100e-01
6.558547625964831241e+03 1.032891022021456884e+00
6.558585129487431914e+03 1.081874647092038400e+00
6.558622633010032587e+03 1.093591191417278452e+00
6.558660036523238887e+03 1.052089215132693489e+00
6.558697540045840469e+03 1.062394127611518968e+00
6.558735043568441142e+03 1.062958780350084620e+00
6.558772447081648352e+03 1.049124788255223040e+00
6.558809950604248115e+03 1.029926595143986434e+00
6.558847454126848788e+03 1.032891022021456884e+00
6.558884857640055998e+03 1.045172219085262588e+00
6.558922361162656671e+03 1.040654997176736263e+00
6.558959764675863880e+03 1.040654997176736263e+00
6.558997268198464553e+03 1.046725014116318464e+00
6.559034671711670853e+03 1.051665725578769139e+00
6.559072175234271526e+03 1.053783173348390667e+00
6.559109578747478736e+03 1.061123658949745918e+00
6.559147082270078499e+03 1.056465273856578291e+00
6.559184485783285709e+03 1.058582721626199818e+00
6.559221989305887291e+03 1.071852060982495747e+00
6.559259392819093591e+03 1.067899491812535295e+00
6.559296896341694264e+03 1.094720496894409978e+00
6.559334299854901474e+03 1.091473743647656702e+00
6.559371703368108683e+03 1.091473743647656702e+00
6.559409206890708447e+03 1.061547148503670268e+00
6.559446610403915656e+03 1.043054771315640838e+00
6.559484013917122866e+03 1.014398644833427454e+00
6.559521517439723539e+03 9.978825522303783613e-01
6.559558920952930748e+03 9.792490118577075187e-01
6.559596324466137048e+03 9.743083003952569543e-01
6.559633827988737721e+03 9.798136645962732816e-01
6.559671231501944931e+03 9.952004517221908486e-01
6.559708635015152140e+03 1.011434217955957005e+00
6.559746038528358440e+03 1.019198193111236606e+00
6.559783442041565650e+03 1.022586109542631183e+00
6.559820945564166323e+03 1.026115189158667507e+00
6.559858349077373532e+03 1.030773574251835134e+00
6.559895752590580742e+03 1.023291925465838581e+00
6.559933156103787042e+03 1.029926595143986434e+00
6.559970559616994251e+03 1.037831733483907337e+00
6.560007963130201460e+03 1.038255223037831687e+00
6.560045366643408670e+03 1.034867306606437110e+00
6.560082770156615879e+03 1.056182947487295243e+00
6.560120273679215643e+03 1.078910220214567950e+00
6.560157677192422852e+03 1.089215132693393651e+00
6.560195080705630062e+03 1.088650479954827777e+00
6.560232484218837271e+03 1.094297007340485628e+00
6.560269887732044481e+03 1.093308865047995404e+00
6.560307191235857317e+03 1.084415584415584499e+00
6.560344594749063617e+03 1.084980237154150151e+00
6.560381998262270827e+03 1.078345567476002298e+00
6.560419401775478036e+03 1.083286278938452751e+00
6.560456805288685246e+03 1.087944664031620601e+00
6.560494208801892455e+03 1.095567476002258678e+00
6.560531612315098755e+03 1.114483342744212235e+00
6.560569015828305965e+03 1.116459627329192461e+00
6.560606419341513174e+03 1.126764539808018162e+00
6.560643722845326010e+03 1.124364765669113586e+00
6.560681126358533220e+03 1.120412196499152913e+00
6.560718529871740429e+03 1.113212874082439408e+00
6.560755933384947639e+03 1.104601919819311107e+00
6.560793336898153939e+03 1.105025409373235457e+00
6.560830640401968594e+03 1.098390739695087603e+00
6.560868043915173985e+03 1.110530773574251784e+00
6.560905447428381194e+03 1.116036137775268111e+00
6.560942750932194940e+03 1.119424054206662911e+00
6.560980154445402150e+03 1.127188029361942512e+00
6.561017557958609359e+03 1.123658949745906188e+00
6.561054861462422195e+03 1.100225861095426305e+00
6.561092264975629405e+03 1.068887634105025519e+00
6.561129668488836614e+03 1.068181818181818121e+00
6.561166971992650360e+03 1.063382269904008970e+00
6.561204375505856660e+03 1.086815358554489075e+00
6.561241679009669497e+03 1.108413325804630256e+00
6.561279082522876706e+03 1.138198757763975166e+00
6.561316386026690452e+03 1.188311688311688208e+00
6.561353789539897662e+03 1.223884810841332493e+00
6.561391093043710498e+03 1.261434217955957005e+00
6.561428496556917707e+03 1.294184076792772364e+00
6.561465800060731453e+03 1.304771315640880891e+00
6.561503203573938663e+03 1.314935064935064846e+00
6.561540507077751499e+03 1.341050254093732352e+00
6.561577810581565245e+03 1.364906832298136585e+00
6.561615214094772455e+03 1.433935629587803406e+00
6.561652517598585291e+03 1.527526821005081858e+00
6.561689921111792501e+03 1.648080180688876295e+00
6.561727224615606247e+03 1.775127046866177283e+00
6.561764528119419083e+03 1.912619988706945273e+00
6.561801931632626292e+03 2.090203274985883652e+00
6.561839235136440038e+03 2.274562394127611409e+00
6.561876538640252875e+03 2.538537549407114735e+00
6.561913842144066621e+03 2.836391869000564725e+00
6.561951245657273830e+03 3.169536984754376174e+00
6.561988549161086667e+03 3.508469791078486555e+00
6.562025852664900412e+03 3.839497459062676477e+00
6.562063156168713249e+03 4.139892715979672566e+00
6.562100459672526995e+03 4.370129870129869865e+00
6.562137863185734204e+03 4.550536420101637169e+00
6.562175166689547041e+03 4.616036137775267889e+00
6.562212470193360787e+03 4.580604178430265350e+00
6.562249773697174533e+03 4.477696216826651643e+00
6.562287077200987369e+03 4.293619424054206490e+00
6.562324380704801115e+03 4.089638622247317556e+00
6.562361684208613951e+03 3.877611518915866640e+00
6.562398987712427697e+03 3.720779220779220964e+00
6.562436291216240534e+03 3.560982495765104616e+00
6.562473594720054280e+03 3.454121964991530014e+00
6.562510898223867116e+03 3.360389610389610482e+00
6.562548201727680862e+03 3.280632411067193832e+00
6.562585505231494608e+03 3.221908526256352268e+00
6.562622808735307444e+03 3.185911914172783632e+00
6.562660112239121190e+03 3.153867871259175448e+00
6.562697415742934027e+03 3.147092038396386293e+00
6.562734719246747773e+03 3.138481084133258214e+00
6.562772022750560609e+03 3.133681535855449063e+00
6.562809326254374355e+03 3.100931677018633703e+00
6.562846529748794637e+03 3.076228119706380770e+00
6.562883833252608383e+03 3.030632411067193832e+00
6.562921136756421220e+03 2.977837380011293167e+00
6.562958440260234966e+03 2.918266516092602902e+00
6.562995743764047802e+03 2.803924336533031969e+00
6.563032947258467175e+03 2.745623941276114977e+00
6.563070250762280921e+03 2.682100508187464705e+00
6.563107554266094667e+03 2.676736307171089901e+00
6.563144857769907503e+03 2.680124223602484257e+00
6.563182061264326876e+03 2.748306041784302600e+00
6.563219364768140622e+03 2.797148503670242814e+00
6.563256668271954368e+03 2.873235460191982060e+00
6.563293871766374650e+03 2.925607001693958154e+00
6.563331175270187487e+03 2.959062676453980689e+00
6.563368378764606859e+03 2.930547713156408829e+00
6.563405682268420605e+03 2.882834556747600363e+00
6.563442985772233442e+03 2.770892151326934005e+00
6.563480189266653724e+03 2.661349520045172223e+00
6.563517492770467470e+03 2.523150762281197057e+00
6.563554696264886843e+03 2.317617165443252247e+00
6.563591999768700589e+03 2.143562958780349970e+00
6.563629203263119962e+03 1.977413890457368817e+00
6.563666506766933708e+03 1.843026538678712578e+00
6.563703710261353081e+03 1.710756634669678089e+00
6.563741013765165917e+03 1.624929418407679238e+00
6.563778217259587109e+03 1.529361942405420560e+00
6.563815520763399945e+03 1.446357989836250635e+00
6.563852724257819318e+03 1.387775268210050816e+00
6.563889927752238691e+03 1.331592320722755574e+00
6.563927231256052437e+03 1.289666854884246261e+00
6.563964434750472719e+03 1.261857707509881354e+00
6.564001638244892092e+03 1.246753246753246724e+00
6.564038941748705838e+03 1.200875211744776960e+00
6.564076145243125211e+03 1.151750423489553921e+00
6.564113348737544584e+03 1.116883116883116811e+00
6.564150552231964866e+03 1.091332580463015178e+00
6.564187855735778612e+03 1.082015810276679924e+00
6.564225059230197985e+03 1.085262563523433199e+00
6.564262262724617358e+03 1.089356295878034953e+00
6.564299466219038550e+03 1.083850931677018625e+00
6.564336769722851386e+03 1.087380011293054727e+00
6.564373973217270759e+03 1.083003952569169925e+00
6.564411176711690132e+03 1.083709768492377101e+00
6.564448380206110414e+03 1.075381140598531848e+00
6.564485583700530697e+03 1.072275550536420097e+00
6.564522787194950070e+03 1.069734613212873997e+00
6.564559990689369442e+03 1.060841332580463092e+00
6.564597194183788815e+03 1.034020327498588410e+00
6.564634397678210007e+03 1.012845849802371578e+00
6.564671601172629380e+03 1.008893280632411127e+00
6.564708804667048753e+03 9.846132128740824330e-01
6.564746008161469035e+03 9.928006775832862729e-01
6.564783211655888408e+03 9.885657820440428845e-01
6.564820415150307781e+03 9.908243929983060472e-01
6.564857618644728063e+03 1.001976284584980226e+00
6.564894822139148346e+03 1.037690570299266035e+00
6.564932025633567719e+03 1.097120271033314554e+00
6.564969229127987091e+03 1.160926030491247873e+00
6.565006432622406464e+03 1.226708074534161419e+00
6.565043636116826747e+03 1.290796160361377787e+00
6.565080839611247029e+03 1.331309994353472526e+00
6.565118043105666402e+03 1.321287408243929873e+00
6.565155146590693221e+03 1.300959909655561741e+00
6.565192350085112594e+03 1.243083003952569099e+00
6.565229553579531967e+03 1.208074534161490687e+00
6.565266757073952249e+03 1.157255787690570248e+00
6.565303860558978158e+03 1.127752682100508164e+00
6.565341064053397531e+03 1.089638622247318001e+00
6.565378267547817813e+03 1.041078486730660613e+00
6.565415471042238096e+03 1.026115189158667507e+00
6.565452574527263096e+03 1.019198193111236606e+00
6.565489778021684288e+03 1.023009599096555533e+00
6.565526981516103660e+03 1.029926595143986434e+00
6.565564085001129570e+03 1.049407114624505866e+00
6.565601288495549852e+03 1.061264822134387442e+00
6.565638491989969225e+03 1.053783173348390667e+00
6.565675595474995134e+03 1.057876905702992643e+00
6.565712798969415417e+03 1.048983625070581516e+00
6.565749902454441326e+03 1.038819875776397561e+00
6.565787105948860699e+03 1.032044042913608184e+00
6.565824209433887518e+03 1.034867306606437110e+00
6.565861412928306891e+03 1.018774703557312256e+00
6.565898516413333709e+03 1.036420101637492985e+00
6.565935719907753082e+03 1.011857707509881354e+00
6.565972823392778992e+03 1.001693958215697400e+00
6.566010026887199274e+03 9.909655561829474602e-01
6.566047130372225183e+03 1.000282326369282826e+00
6.566084233857251093e+03 1.000988142292490224e+00
6.566121437351671375e+03 1.020609824957650957e+00
6.566158540836696375e+03 1.027103331451157509e+00
6.566195744331117567e+03 1.020609824957650957e+00
6.566232847816142566e+03 1.010728402032749829e+00
6.566269951301169385e+03 1.003387916431394800e+00
6.566307154795588758e+03 1.012281197063805704e+00
6.566344258280614667e+03 1.032608695652173836e+00
6.566381361765641486e+03 1.038114059853190385e+00
6.566418465250667396e+03 1.046019198193111288e+00
6.566455668745087678e+03 1.036278938452851461e+00
6.566492772230113587e+03 1.015951439864483330e+00
6.566529875715140406e+03 1.008046301524562427e+00
6.566566979200165406e+03 9.960474308300395485e-01
6.566604082685192225e+03 9.991530208921513001e-01
6.566641286179611598e+03 1.022586109542631183e+00
6.566678389664637507e+03 1.048983625070581516e+00
6.566715493149664326e+03 1.083992094861660149e+00
6.566752596634690235e+03 1.107284020327498508e+00
6.566789700119717054e+03 1.130434782608695565e+00
6.566826803604742054e+03 1.138198757763975166e+00
6.566863907089768873e+03 1.133540372670807539e+00
6.566901010574794782e+03 1.116741953698475509e+00
6.566938114059821601e+03 1.095002823263692804e+00
6.566975217544847510e+03 1.087944664031620601e+00
6.567012321029873419e+03 1.054206662902315017e+00
6.567049424514899329e+03 1.038819875776397561e+00
6.567086527999926147e+03 1.023433088650479883e+00
6.567123631484952057e+03 1.015104460756634630e+00
6.567160734969978876e+03 1.007763975155279601e+00
6.567197838455003875e+03 1.023150762281197057e+00
6.567234941940030694e+03 1.013410502540937230e+00
6.567272045425056604e+03 1.022868435911914231e+00
6.567309148910083422e+03 1.012281197063805704e+00
6.567346152385714959e+03 1.014822134387351804e+00
6.567383255870741777e+03 1.010022586109542653e+00
6.567420359355767687e+03 1.017080745341614856e+00
6.567457462840794506e+03 1.021033314511575307e+00
6.567494566325819505e+03 1.043901750423489538e+00
6.567531569801452861e+03 1.046583850931676940e+00
6.567568673286479680e+03 1.051383399209486091e+00
6.567605776771505589e+03 1.031761716544325136e+00
6.567642880256531498e+03 1.030350084697910784e+00
6.567679883732163944e+03 1.020045172219085305e+00
6.567716987217190763e+03 1.023433088650479883e+00
6.567754090702215763e+03 1.031902879728966660e+00
6.567791094177849118e+03 1.030773574251835134e+00
6.567828197662875027e+03 1.030067758328627958e+00
6.567865201138507473e+03 1.013269339356295928e+00
6.567902304623534292e+03 1.019621682665160955e+00
6.567939408108560201e+03 1.015104460756634630e+00
6.567976411584192647e+03 1.032891022021456884e+00
6.568013515069218556e+03 1.051524562394127615e+00
6.568050518544851002e+03 1.072275550536420097e+00
6.568087622029877821e+03 1.090909090909090828e+00
6.568124625505510267e+03 1.087380011293054727e+00
6.568161728990536176e+03 1.078063241106719472e+00
6.568198732466168622e+03 1.061970638057594618e+00
6.568235835951195440e+03 1.049548277809147390e+00
6.568272839426827886e+03 1.034726143421795586e+00
6.568309942911853796e+03 1.035149632975719936e+00
6.568346946387486241e+03 1.051806888763410441e+00
6.568383949863119597e+03 1.075381140598531848e+00
6.568421053348144596e+03 1.098814229249011953e+00
6.568458056823777952e+03 1.114059853190287885e+00
6.568495060299409488e+03 1.119424054206662911e+00
6.568532163784436307e+03 1.123800112930547712e+00
6.568569167260069662e+03 1.125070581592320762e+00
6.568606170735701198e+03 1.114906832298136585e+00
6.568643274220728017e+03 1.094720496894409978e+00
6.568680277696360463e+03 1.079616036137775348e+00
6.568717281171992909e+03 1.046583850931676940e+00
6.568754284647625354e+03 1.015245623941276154e+00
6.568791288123258710e+03 9.977413890457368373e-01
6.568828391608283710e+03 9.925183512140033359e-01
6.568865395083917065e+03 1.001976284584980226e+00
6.568902398559549511e+03 9.959062676453981355e-01
6.568939402035181956e+03 9.885657820440428845e-01
6.568976405510814402e+03 9.912478825522303971e-01
6.569013408986447757e+03 9.750141163184641302e-01
6.569050412462079294e+03 9.590626764539808002e-01
6.569087415937711739e+03 9.634387351778656017e-01
6.569124419413345095e+03 9.522868435911914231e-01
6.569161522898371004e+03 9.359119141727837432e-01
6.569198526374003450e+03 9.356295878035008062e-01
6.569235529849635896e+03 9.376058723884810320e-01
6.569272533325269251e+03 9.321005081874647047e-01
6.569309436791507324e+03 9.518633540372670732e-01
6.569346440267139769e+03 9.652738565782044144e-01
6.569383443742773125e+03 9.778373800112930558e-01
6.569420447218405570e+03 9.901185770750987603e-01
6.569457450694038016e+03 9.884246188594014715e-01
6.569494454169670462e+03 9.830604178430265572e-01
6.569531457645303817e+03 9.700734048560135658e-01
6.569568461120935353e+03 9.747317899491813042e-01
6.569605464596567799e+03 9.774138904573687059e-01
6.569642368062806781e+03 9.895539243365329973e-01
6.569679371538440137e+03 1.005505364201016327e+00
6.569716375014072582e+03 1.019339356295878130e+00
6.569753378489705028e+03 1.049689440993788914e+00
6.569790381965337474e+03 1.056182947487295243e+00
6.569827285431576456e+03 1.073404856013551623e+00
6.569864288907209811e+03 1.063241106719367668e+00
6.569901292382841348e+03 1.042207792207792139e+00
6.569938195849080330e+03 1.032891022021456884e+00
6.569975199324713685e+03 1.020750988142292481e+00
6.570012202800346131e+03 1.025832862789384459e+00
6.570049106266585113e+03 1.017645398080180730e+00
6.570086109742217559e+03 1.033032185206098186e+00
6.570123113217850005e+03 1.058159232072275469e+00
6.570160016684088987e+03 1.093450028232636928e+00
6.570197020159721433e+03 1.101778656126482181e+00
6.570233923625960415e+03 1.105166572557876981e+00
6.570270927101592861e+03 1.082439299830604273e+00
6.570307830567831843e+03 1.061688311688311792e+00
6.570344834043464289e+03 1.051948051948051965e+00
6.570381737509703271e+03 1.028656126482213384e+00
6.570418740985336626e+03 1.044042913608131062e+00
6.570455644451575608e+03 1.045172219085262588e+00
6.570492647927207145e+03 1.057453416149068293e+00
6.570529551393446127e+03 1.040513833992094961e+00
6.570566554869079482e+03 1.015951439864483330e+00
6.570603458335318464e+03 1.002823263692828926e+00
6.570640361801557447e+03 9.957651044607566115e-01
6.570677365277188983e+03 9.713438735177866157e-01
6.570714268743427965e+03 9.469226425748165088e-01
6.570751172209667857e+03 9.448051948051947591e-01
6.570788175685300303e+03 9.359119141727837432e-01
6.570825079151539285e+03 9.322416713721061177e-01
6.570861982617778267e+03 9.240542066629022777e-01
6.570898886084017249e+03 9.000564652738566318e-01
6.570935889559650604e+03 9.079616036137775348e-01
6.570972793025888677e+03 9.102202145680406975e-01
6.571009696492127659e+03 9.464991530208921588e-01
6.571046599958366642e+03 9.603331451157538501e-01
6.571083603433999087e+03 9.856013551665725458e-01
6.571120506900238070e+03 9.929418407679276859e-01
6.571157410366477052e+03 9.983060417843026002e-01
6.571194313832716034e+03 9.888481084133258214e-01
6.571231217298955016e+03 9.923771880293619230e-01
6.571268120765193999e+03 1.015669113495200504e+00
6.571305024231433890e+03 1.036984754376058637e+00
6.571341927697672872e+03 1.071993224167137271e+00
6.571378831163911855e+03 1.081592320722755574e+00
6.571415734630149927e+03 1.117447769621682685e+00
6.571452638096388910e+03 1.147656691134951945e+00
6.571489541562627892e+03 1.171654432523997702e+00
6.571526445028866874e+03 1.205110107284020238e+00
6.571563348495105856e+03 1.212168266516092663e+00
6.571600251961344838e+03 1.214568040654997239e+00
6.571637155427583821e+03 1.179700734048560129e+00
6.571674058893822803e+03 1.174195369847543802e+00
6.571710962360061785e+03 1.148785996612083471e+00
6.571747865826300767e+03 1.131140598531902963e+00
6.571784769292539750e+03 1.098108413325804555e+00
6.571821672758778732e+03 1.089920948616600826e+00
6.571858476215624250e+03 1.074110671936758798e+00
6.571895379681863233e+03 1.091614906832298226e+00
6.571932283148102215e+03 1.115189158667419633e+00
6.571969186614341197e+03 1.136504799548277767e+00
6.572006090080580179e+03 1.136222473178994941e+00
6.572042893537425698e+03 1.106578204404291332e+00
6.572079797003664680e+03 1.054347826086956541e+00
6.572116700469903662e+03 1.024562394127611409e+00
6.572153503926749181e+03 1.000000000000000000e+00
6.572190407392988163e+03 9.747317899491813042e-01
6.572227310859227146e+03 9.575098814229249244e-01
6.572264114316071755e+03 9.304065499717674159e-01
6.572301017782311646e+03 8.856578204404291776e-01
6.572337921248550629e+03 8.524844720496894679e-01
6.572374724705395238e+03 7.878317334839074482e-01
6.572411628171634220e+03 7.521174477696216387e-01
6.572448431628479739e+03 7.075098814229249244e-01
6.572485335094718721e+03 6.641727837380011490e-01
6.572522238560957703e+03 6.366459627329192905e-01
6.572559042017803222e+03 6.142010163749294094e-01
6.572595945484042204e+03 6.033314511575381678e-01
6.572632748940887723e+03 6.125070581592321206e-01
6.572669552397732332e+03 6.161773009599096351e-01
6.572706455863971314e+03 6.140598531902879964e-01
6.572743259320816833e+03 6.285996612083568635e-01
6.572780162787055815e+03 6.348108413325804777e-01
6.572816966243901334e+03 6.438452851496330176e-01
6.572853869710140316e+03 6.545736871823828462e-01
6.572890673166985835e+03 6.662902315076227877e-01
6.572927476623831353e+03 6.990400903444381475e-01
6.572964380090070335e+03 7.364483342744212457e-01
6.573001183546915854e+03 7.987012987012986898e-01
6.573037987003761373e+03 8.603896103896103709e-01
6.573074890470000355e+03 9.297007340485601290e-01
6.573111693926844964e+03 9.953416149068322616e-01
6.573148497383690483e+03 1.050112930547713264e+00
6.573185300840536001e+03 1.103472614342179581e+00
6.573222104297380611e+03 1.174760022586109454e+00
6.573259007763619593e+03 1.136787125917560592e+00
6.573295811220466021e+03 1.110248447204968958e+00
6.573332614677311540e+03 1.075522303783173372e+00
6.573369418134156149e+03 1.056041784302653941e+00
6.573406221591001668e+03 1.042913608130999537e+00
6.573443025047847186e+03 1.046160361377752590e+00
6.573479928514086168e+03 1.083003952569169925e+00
6.573516731970931687e+03 1.110248447204968958e+00
6.573553535427776296e+03 1.128740824392998388e+00
6.573590338884622724e+03 1.109401468097120258e+00
6.573627142341468243e+03 1.081027667984189700e+00
6.573663945798312852e+03 1.059147374364765692e+00
6.573700749255158371e+03 1.045031055900621064e+00
6.573737552712003890e+03 1.033455674760022536e+00
6.573774356168848499e+03 9.997176736307170630e-01
6.573811159625694927e+03 9.720496894409937916e-01
6.573847963082540446e+03 9.309712027103331788e-01
6.573884766539385055e+03 9.085262563523432977e-01
6.573921469986837110e+03 8.819875776397515521e-01
6.573958273443681719e+03 8.601072840203275449e-01
6.573995076900528147e+03 8.402032749858836524e-01
6.574031880357373666e+03 8.228402032749858597e-01
6.574068683814218275e+03 8.181818181818182323e-01
6.574105487271063794e+03 8.409090909090909394e-01
6.574142290727909312e+03 8.764822134387352248e-01
6.574178994175361368e+03 9.151609260304912619e-01
6.574215797632206886e+03 9.294184076792771920e-01
6.574252601089051495e+03 9.178430265386786635e-01
6.574289404545897014e+03 9.071146245059288349e-01
6.574326107993348160e+03 8.870694522868436405e-01
6.574362911450194588e+03 8.705533596837944366e-01
6.574399714907040106e+03 8.862224731789949406e-01
6.574436418354491252e+03 9.109260304912478734e-01
6.574473221811336771e+03 9.323828345567476417e-01
6.574510025268181380e+03 9.457933370976848719e-01
6.574546728715634345e+03 9.594861660079051502e-01
6.574583532172478954e+03 9.709203839638622657e-01
6.574620335629324472e+03 9.719085262563523786e-01
6.574657039076775618e+03 9.736024844720496674e-01
6.574693842533622046e+03 9.892715979672501714e-01
6.574730545981073192e+03 9.785431959345002317e-01
6.574767349437918710e+03 9.648503670242800645e-01
6.574804052885370766e+03 9.617447769621683129e-01
6.574840856342216284e+03 9.569452286843591615e-01
6.574877559789667430e+03 9.836250705815923201e-01
6.574914363246512949e+03 1.003246753246753276e+00
6.574951066693965004e+03 1.035149632975719936e+00
6.574987870150810522e+03 1.051948051948051965e+00
6.575024573598261668e+03 1.052089215132693489e+00
6.575061277045714633e+03 1.056747600225861117e+00
6.575098080502559242e+03 1.057453416149068293e+00
6.575134783950011297e+03 1.047571993224167164e+00
6.575171487397462442e+03 1.060135516657255694e+00
6.575208290854308871e+03 1.060276679841897218e+00
6.575244994301760016e+03 1.061547148503670268e+00
6.575281697749211162e+03 1.064652738565782020e+00
6.575318501206057590e+03 1.037549407114624511e+00
6.575355204653508736e+03 9.957651044607566115e-01
6.575391908100960791e+03 9.425465838509317074e-01
6.575428611548412846e+03 8.913043478260869179e-01
6.575465415005258365e+03 8.526256352343308809e-01
6.575502118452709510e+03 8.339920948616600382e-01
6.575538821900161565e+03 8.344155844155843882e-01
6.575575525347613620e+03 8.812817617165443762e-01
6.575612228795064766e+03 9.150197628458498489e-01
6.575648932242516821e+03 9.316770186335403547e-01
6.575685735699362340e+03 9.371823828345567930e-01
6.575722439146813485e+03 9.289949181253529531e-01
6.575759142594265541e+03 9.329474872953134046e-01
6.575795846041717596e+03 9.421230942970073574e-01
6.575832549489168741e+03 9.596273291925465632e-01
6.575869252936620796e+03 9.983060417843026002e-01
6.575905956384072852e+03 1.019198193111236606e+00
6.575942659831524907e+03 1.026679841897233159e+00
6.575979363278976052e+03 1.019057029926595082e+00
6.576016066726428107e+03 1.000000000000000000e+00
6.576052770173880162e+03 9.664031620553359403e-01
6.576089473621331308e+03 9.335121400338791675e-01
6.576126177068783363e+03 9.086674195369847107e-01
6.576162880516235418e+03 8.829757199322416650e-01
6.576199483954293100e+03 8.516374929418407680e-01
6.576236187401745156e+03 8.427442123094297521e-01
6.576272890849196301e+03 8.249576510446076094e-01
6.576309594296649266e+03 8.098531902879728683e-01
6.576346297744100411e+03 8.064652738565781798e-01
6.576383001191551557e+03 8.266516092603048982e-01
6.576419604629610149e+03 8.705533596837944366e-01
6.576456308077062204e+03 9.110671936758892864e-01
6.576493011524514259e+03 9.408526256352343076e-01
6.576529714971965404e+03 9.731789949181253174e-01
6.576566318410023996e+03 9.716261998870694416e-01
6.576603021857475142e+03 9.688029361942405160e-01
6.576639725304927197e+03 9.594861660079051502e-01
6.576676328742985788e+03 9.404291360813099576e-01
6.576713032190436934e+03 9.264539808018068534e-01
6.576749735637888989e+03 9.209486166007905261e-01
6.576786339075946671e+03 9.107848673066064604e-01
6.576823042523399636e+03 9.304065499717674159e-01
6.576859745970850781e+03 9.603331451157538501e-01
6.576896349408909373e+03 1.008469791078486777e+00
6.576933052856360518e+03 1.060982495765104394e+00
6.576969656294419110e+03 1.102766798418972405e+00
6.577006359741870256e+03 1.135375494071146241e+00
6.577042963179928847e+03 1.180406549971767305e+00
6.577079666627380902e+03 1.220073404856013566e+00
6.577116270065439494e+03 1.222473178994918142e+00
6.577152973512890640e+03 1.234048560135516670e+00
6.577189576950949231e+03 1.181253529079616005e+00
6.577226280398400377e+03 1.120976849237718787e+00
6.577262883836458968e+03 1.077780914737436424e+00
6.577299487274516650e+03 1.037690570299266035e+00
6.577336190721968705e+03 9.887069452286844085e-01
6.577372794160026388e+03 9.515810276679841362e-01
6.577409397598084979e+03 9.287125917560700161e-01
6.577446101045536125e+03 8.992094861660079319e-01
6.577482704483594716e+03 8.880575945793337533e-01
6.577519307921652398e+03 8.814229249011857892e-01
6.577556011369105363e+03 8.763410502540937008e-01
6.577592614807163045e+03 8.883399209486165793e-01
6.577629218245220727e+03 8.821287408243929651e-01
6.577665821683279319e+03 8.791643139469226265e-01
6.577702525130731374e+03 8.757763975155279379e-01
6.577739128568789965e+03 8.644833427442123464e-01
6.577775732006847647e+03 8.632128740824392965e-01
6.577812335444906239e+03 8.632128740824392965e-01
6.577848938882963012e+03 8.578486730660643822e-01
6.577885542321021603e+03 8.634952004517222335e-01
6.577922145759080195e+03 8.698475437605872607e-01
6.577958849206532250e+03 8.770468661773009877e-01
6.577995452644590841e+03 8.870694522868436405e-01
6.578032056082648523e+03 8.996329757199322819e-01
6.578068659520706206e+03 9.140316205533597360e-01
6.578105262958763888e+03 9.295595708639187160e-01
6.578141866396822479e+03 9.450875211744776960e-01
6.578178469834881071e+03 9.449463579898362831e-01
6.578215073272938753e+03 9.402879728966685446e-01
6.578251676710997344e+03 9.274421230942969663e-01
6.578288280149055026e+03 9.145962732919254989e-01
6.578324883587113618e+03 9.011857707509881577e-01
