6.546932791779261606e+03 9.809247356417167829e-01
6.546970795337549134e+03 9.706614140576405036e-01
6.547008798895836662e+03 9.651669085631350287e-01
6.547046802454124190e+03 9.465063238648144806e-01
6.547084706003047359e+03 9.427742069251503487e-01
6.547122709561334887e+03 9.359319925357660885e-01
6.547160713119622415e+03 9.287787684014099376e-01
6.547198716677909943e+03 9.272237196765498179e-01
6.547236720236196561e+03 9.183081069873523239e-01
6.547274723794484999e+03 9.105328633630520585e-01
6.547312627343408167e+03 9.081484553182666009e-01
6.547350630901695695e+03 9.136429608127721869e-01
6.547388634459982313e+03 9.287787684014099376e-01
6.547426638018270751e+03 9.359319925357660885e-01
6.547464541567194829e+03 9.800953763217914450e-01
6.547502545125481447e+03 1.014824797843665749e+00
6.547540548683768975e+03 1.041467965996267786e+00
6.547578552242056503e+03 1.074331329048310080e+00
6.547616455790980581e+03 1.111445158614969841e+00
6.547654459349267199e+03 1.127928675098486488e+00
6.547692362898191277e+03 1.133734190337963854e+00
6.547730366456477896e+03 1.127825005183495710e+00
6.547768370014766333e+03 1.111341488699979285e+00
6.547806273563689501e+03 1.100870827285921560e+00
6.547844277121977029e+03 1.079929504457806333e+00
6.547882180670900198e+03 1.053390006220194852e+00
6.547920184229187726e+03 1.034314741861911635e+00
6.547958087778111803e+03 1.015135807588637862e+00
6.547996091336399331e+03 9.691063653327803840e-01
6.548033994885322500e+03 9.517934895293386210e-01
6.548071998443610028e+03 9.254613311217084748e-01
6.548109901992533196e+03 9.008915612689197827e-01
6.548147905550820724e+03 8.999585320340037775e-01
6.548185809099744802e+03 8.888658511300020493e-01
6.548223712648667970e+03 8.825419863155712363e-01
6.548261716206955498e+03 8.959154053493676440e-01
6.548299619755879576e+03 9.002695417789757792e-01
6.548337623314166194e+03 9.083557951482479353e-01
6.548375526863090272e+03 9.112585527679867292e-01
6.548413430412013440e+03 9.354136429608127523e-01
6.548451433970300968e+03 9.298154675513166101e-01
6.548489337519225046e+03 9.303338171262699463e-01
6.548527241068147305e+03 9.354136429608127523e-01
6.548565144617071383e+03 9.205888451171470033e-01
6.548603148175359820e+03 9.100145137880987223e-01
6.548641051724282079e+03 8.829566659755339053e-01
6.548678955273206157e+03 8.834750155504872415e-01
6.548716858822130234e+03 8.875181422351233751e-01
6.548754762371052493e+03 8.843043748704125795e-01
6.548792665919976571e+03 8.978851337341903216e-01
6.548830669478264099e+03 9.077337756583039319e-01
6.548868573027187267e+03 9.232842629069044627e-01
6.548906476576111345e+03 9.346879535558780816e-01
6.548944380125035423e+03 9.546962471490773039e-01
6.548982283673957681e+03 9.584283640887414357e-01
6.549020187222881759e+03 9.821687746216047898e-01
6.549058090771805837e+03 9.924320962056810691e-01
6.549095994320729005e+03 9.853825419863155854e-01
6.549133897869652174e+03 9.750155504872486389e-01
6.549171801418576251e+03 9.514824797843666193e-01
6.549209704967499420e+03 9.447439353099730264e-01
6.549247608516422588e+03 9.316815260211486205e-01
6.549285512065346666e+03 9.107402031930333930e-01
6.549323415614269834e+03 8.989218328840969940e-01
6.549361319163193912e+03 8.579722164627825443e-01
6.549399122702753630e+03 8.482272444536596012e-01
6.549437026251676798e+03 8.339207961849470774e-01
6.549474929800600876e+03 8.148455318266638603e-01
6.549512833349524044e+03 7.889280530789964940e-01
6.549550736898447212e+03 7.747252747252747485e-01
6.549588640447371290e+03 7.682977399958531572e-01
6.549626443986931008e+03 7.567903794318888711e-01
6.549664347535854176e+03 7.580344184117768780e-01
6.549702251084777345e+03 7.565830396019075366e-01
6.549740154633701422e+03 7.540949616421314117e-01
6.549777958173261140e+03 7.549243209620568607e-01
6.549815861722184309e+03 7.606261662865436701e-01
6.549853765271107477e+03 7.772133526850507623e-01
6.549891568810667195e+03 7.777317022600040985e-01
6.549929472359591273e+03 7.842629069044163570e-01
6.549967375908514441e+03 7.900684221438938337e-01
6.550005179448074159e+03 7.985693551731287698e-01
6.550043082996997327e+03 8.037528509226622431e-01
6.550080886536557045e+03 8.061372589674477007e-01
6.550118790085481123e+03 8.096620360771303870e-01
6.550156693634404292e+03 8.179556292763839886e-01
6.550194497173964010e+03 8.204437072361601135e-01
6.550232400722887178e+03 8.178519593613933214e-01
6.550270204262446896e+03 8.353721749948165298e-01
6.550308107811370974e+03 8.402446609993780013e-01
6.550345911350930692e+03 8.462575160688368126e-01
6.550383814899853860e+03 8.547584490980717487e-01
6.550421618439413578e+03 8.620153431474185668e-01
6.550459421978973296e+03 8.563134978229317573e-01
6.550497325527896464e+03 8.534107402031930745e-01
6.550535129067456182e+03 8.436657681940701314e-01
6.550573032616380260e+03 8.365125440597138695e-01
6.550610836155939978e+03 8.331951067800124067e-01
6.550648639695499696e+03 8.227244453659547929e-01
6.550686543244422865e+03 8.218950860460294550e-01
6.550724346783981673e+03 8.226207754509641257e-01
6.550762150323541391e+03 8.289446402653949386e-01
6.550799953863101109e+03 8.076923076923077094e-01
6.550837857412025187e+03 8.169189301264773162e-01
6.550875660951584905e+03 8.090400165871863836e-01
6.550913464491144623e+03 8.034418411776902413e-01
6.550951268030704341e+03 8.136014928467758534e-01
6.550989071570264059e+03 8.027161517727555706e-01
6.551026975119186318e+03 7.943188886585113018e-01
6.551064778658746036e+03 8.007464233879327820e-01
6.551102582198305754e+03 7.974289861082314301e-01
6.551140385737865472e+03 8.028198216877462379e-01
6.551178189277425190e+03 8.042712004976155793e-01
6.551215992816984908e+03 8.060335890524569225e-01
6.551253796356544626e+03 8.043748704126062465e-01
6.551291599896104344e+03 8.121501140369065119e-01
6.551329403435664062e+03 8.158822309765706438e-01
6.551367206975223780e+03 8.229317851959361274e-01
6.551405010514783498e+03 8.184739788513373249e-01
6.551442814054343216e+03 8.202363674061787790e-01
6.551480617593902934e+03 8.222060957910014567e-01
6.551518421133462653e+03 8.156748911465893093e-01
6.551556224673022371e+03 8.253161932407215851e-01
6.551594028212581179e+03 8.308106987352270600e-01
6.551631831752140897e+03 8.436657681940701314e-01
6.551669635291700615e+03 8.647107609371760262e-01
6.551707438831260333e+03 8.706199460916441701e-01
6.551745242370820051e+03 8.854447439353099192e-01
6.551782945901015410e+03 8.899025502799087217e-01
6.551820749440575128e+03 8.921832884097035121e-01
6.551858552980134846e+03 9.006842214389384482e-01
6.551896356519694564e+03 9.045200082935932473e-01
6.551934160059254282e+03 9.003732116939664465e-01
6.551971863589449640e+03 8.917686087497408431e-01
6.552009667129009358e+03 8.858594235952726992e-01
6.552047470668569076e+03 8.771511507360564286e-01
6.552085274208128794e+03 8.751814223512336399e-01
6.552122977738324153e+03 8.645034211071946917e-01
6.552160781277883871e+03 8.523740410532862910e-01
6.552198584817443589e+03 8.482272444536596012e-01
6.552236288347638947e+03 8.498859630935102771e-01
6.552274091887198665e+03 8.260418826456562558e-01
6.552311795417394933e+03 8.154675513166079748e-01
6.552349598956954651e+03 8.212730665560854515e-01
6.552387402496514369e+03 8.245905038357868033e-01
6.552425106026709727e+03 8.195106780012439973e-01
6.552462909566269445e+03 8.279079411154882662e-01
6.552500613096464804e+03 8.317437279701430652e-01
6.552538416636024522e+03 8.287373004354136041e-01
6.552576120166220790e+03 8.406593406593406703e-01
6.552613923705779598e+03 8.565208376529130918e-01
6.552651627235975866e+03 8.609786439975118943e-01
6.552689330766172134e+03 8.577648766328012098e-01
6.552727134305731852e+03 8.635703918722786865e-01
6.552764837835927210e+03 8.833713456354965743e-01
6.552802641375486928e+03 8.810906075057018949e-01
6.552840344905682286e+03 8.740410532863363002e-01
6.552878048435877645e+03 8.669914990669708166e-01
6.552915851975437363e+03 8.786025295459257700e-01
6.552953555505632721e+03 8.671988388969521511e-01
6.552991259035828989e+03 8.702052664316815012e-01
6.553029062575388707e+03 8.760107816711589779e-01
6.553066766105584065e+03 8.865851130002073699e-01
6.553104469635780333e+03 8.901098901098900562e-01
6.553142173165975692e+03 9.111548828529960620e-01
6.553179976705535410e+03 9.108438731080240602e-01
6.553217680235731677e+03 9.095998341281360533e-01
6.553255383765927036e+03 9.257723408666804765e-01
6.553293087296122394e+03 9.263943603566244800e-01
6.553330790826317752e+03 9.201741654571843343e-01
6.553368494356513111e+03 9.249429815467551386e-01
6.553406297896072829e+03 9.228695832469416827e-01
6.553444001426270006e+03 9.107402031930333930e-01
6.553481704956465364e+03 9.201741654571843343e-01
6.553519408486660723e+03 9.139539705577441886e-01
6.553557112016856081e+03 9.087704748082106043e-01
6.553594815547052349e+03 8.995438523740411085e-01
6.553632519077247707e+03 9.081484553182666009e-01
6.553670222607443065e+03 9.046236782085839145e-01
6.553707926137639333e+03 8.854447439353099192e-01
6.553745629667835601e+03 8.861704333402447009e-01
6.553783333198030959e+03 8.680281982168774890e-01
6.553821036728226318e+03 8.444951275139954694e-01
6.553858740258421676e+03 8.388969521044993272e-01
6.553896443788617034e+03 8.422143893842006790e-01
6.553934047309449852e+03 8.441841177690234677e-01
6.553971750839645210e+03 8.395189715944433306e-01
6.554009454369840569e+03 8.530997304582210727e-01
6.554047157900036837e+03 8.527887207132489600e-01
6.554084861430232195e+03 8.533070702882024072e-01
6.554122564960428463e+03 8.514410118183702858e-01
6.554160168481260371e+03 8.458428364088741436e-01
6.554197872011455729e+03 8.406593406593406703e-01
6.554235575541651087e+03 8.254198631557122523e-01
6.554273279071846446e+03 8.190959983412813283e-01
6.554310882592679263e+03 8.108024051420278377e-01
6.554348586122874622e+03 8.100767157370930560e-01
6.554386289653069980e+03 8.212730665560854515e-01
6.554423893173901888e+03 8.374455732946298747e-01
6.554461596704098156e+03 8.546547791830810814e-01
6.554499300234293514e+03 8.924942981546755139e-01
6.554536903755125422e+03 9.103255235330707240e-01
6.554574607285320781e+03 9.492017416545718289e-01
6.554612210806152689e+03 9.674476466929297080e-01
6.554649914336348957e+03 9.893219987559610518e-01
6.554687617866544315e+03 9.932614555256065181e-01
6.554725221387375313e+03 1.003732116939664021e+00
6.554762924917572491e+03 1.018660584698320548e+00
6.554800528438403489e+03 1.011300020733983063e+00
6.554838231968598848e+03 1.005805515239477588e+00
6.554875835489430756e+03 9.771926187020526511e-01
6.554913539019627024e+03 9.861082313912502562e-01
6.554951142540458932e+03 9.704540742276591692e-01
6.554988746061289930e+03 9.658925979680696994e-01
6.555026449591486198e+03 9.671366369479577063e-01
6.555064053112318106e+03 9.432925565001036849e-01
6.555101756642513465e+03 9.439145759900476884e-01
6.555139360163345373e+03 9.354136429608127523e-01
6.555176963684177281e+03 9.188264565623056601e-01
6.555214667214372639e+03 9.144723201326975248e-01
6.555252270735204547e+03 8.996475222890317758e-01
6.555289874256036455e+03 8.845117147003939140e-01
6.555327477776868363e+03 8.829566659755339053e-01
6.555365181307063722e+03 8.727970143064482933e-01
6.555402784827896539e+03 8.697905867717188322e-01
6.555440388348727538e+03 8.837860252954592433e-01
6.555477991869559446e+03 8.914575990047688414e-01
6.555515695399755714e+03 9.062823968484345905e-01
6.555553298920586712e+03 9.244246319718018023e-01
6.555590902441418621e+03 9.230769230769231282e-01
6.555628505962250529e+03 9.327182251710554040e-01
6.555666109483082437e+03 9.316815260211486205e-01
6.555703713003913435e+03 9.345842836408874144e-01
6.555741316524746253e+03 9.239062823968484661e-01
6.555778920045577252e+03 8.953970557744143077e-01
6.555816523566410069e+03 8.651254405971386952e-01
6.555854127087241068e+03 8.485382541986316030e-01
6.555891730608072976e+03 8.351648351648351953e-01
6.555929334128904884e+03 8.213767364710761187e-01
6.555966937649736792e+03 8.065519386274103697e-01
6.556004541170567791e+03 7.965996267883059812e-01
6.556042144691400608e+03 7.782500518349575458e-01
6.556079748212231607e+03 7.739995853203400777e-01
6.556117351733064424e+03 7.652913124611238072e-01
6.556154955253895423e+03 7.835372174994816863e-01
6.556192558774727331e+03 7.851959361393323622e-01
6.556230162295559239e+03 8.081069873522703784e-01
6.556267765816391147e+03 8.408666804893220048e-01
6.556305269327859605e+03 8.718639850715322881e-01
6.556342872848690604e+03 9.051420277835372508e-01
6.556380476369522512e+03 9.256686709516898093e-01
6.556418079890354420e+03 9.369686916856728720e-01
6.556455683411186328e+03 9.525191789342732918e-01
6.556493186922653877e+03 9.563549657889280908e-01
6.556530790443485785e+03 9.652705784781256959e-01
6.556568393964317693e+03 9.678623263528923770e-01
6.556605997485149601e+03 9.718017831225378433e-01
6.556643500996618059e+03 9.667219572879950373e-01
6.556681104517449057e+03 9.809247356417167829e-01
6.556718708038280965e+03 9.566659755339000926e-01
6.556756211549748514e+03 9.511714700393946176e-01
6.556793815070580422e+03 9.402861289653742238e-01
6.556831318582048880e+03 9.404934687953555583e-01
6.556868922102879878e+03 9.214182044370723412e-01
6.556906525623712696e+03 9.200704955421936670e-01
6.556944029135179335e+03 9.139539705577441886e-01
6.556981632656012152e+03 9.003732116939664465e-01
6.557019136167479701e+03 8.956043956043956422e-01
6.557056739688311609e+03 9.085631349782292698e-01
6.557094243199779157e+03 9.014099108438731189e-01
6.557131846720611065e+03 8.977814638191996544e-01
6.557169350232078614e+03 8.923906282396848466e-01
6.557206853743547072e+03 8.850300642753472502e-01
6.557244457264378070e+03 8.797428986108231097e-01
6.557281960775846528e+03 8.786025295459257700e-01
6.557319564296678436e+03 8.691685672817748287e-01
6.557357067808145985e+03 8.752850922662243072e-01
6.557394571319613533e+03 7.518142235123367323e-01
6.557432174840446351e+03 8.594235952726518857e-01
6.557469678351912989e+03 8.619116732324278995e-01
6.557507181863381447e+03 8.868961227451793716e-01
6.557544785384213355e+03 7.412398921832884513e-01
6.557582288895681813e+03 8.740410532863363002e-01
6.557619792407148452e+03 9.245283018867924696e-01
6.557657295918616910e+03 9.414264980302715635e-01
6.557694899439448818e+03 9.085631349782292698e-01
6.557732402950916367e+03 9.795770267468381087e-01
6.557769906462384824e+03 9.958532034003731992e-01
6.557807409973852373e+03 1.007878913539290933e+00
6.557844913485320831e+03 1.011507360563964397e+00
6.557882416996787470e+03 1.012751399543852404e+00
6.557919920508255927e+03 1.013684428778768298e+00
6.557957524029087836e+03 9.991706406800746620e-01
6.557995027540555384e+03 9.832054737715114623e-01
6.558032531052023842e+03 9.748082106572673045e-01
6.558070034563491390e+03 9.601907526435827789e-01
6.558107538074959848e+03 9.454696247149076971e-01
6.558145041586426487e+03 9.454696247149076971e-01
6.558182545097894945e+03 9.362430022807380903e-01
6.558220048609363403e+03 9.299191374663072773e-01
6.558257552120830951e+03 9.371760315156542065e-01
6.558295055632299409e+03 9.423595272651876797e-01
6.558332559143766048e+03 9.414264980302715635e-01
6.558370062655234506e+03 9.407008086253368928e-01
6.558407466157338604e+03 9.520008293593199555e-01
6.558444969668806152e+03 9.454696247149076971e-01
6.558482473180274610e+03 9.467136636947958150e-01
6.558519976691742158e+03 9.484760522496371582e-01
6.558557480203209707e+03 9.506531204644411703e-01
6.558594983714678165e+03 9.426705370101596815e-01
6.558632387216782263e+03 9.345842836408874144e-01
6.558669890728249811e+03 9.257723408666804765e-01
6.558707394239718269e+03 9.221438938420070119e-01
6.558744897751184908e+03 9.178934273273895439e-01
6.558782301253289006e+03 9.325108853410740695e-01
6.558819804764757464e+03 9.351026332158407506e-01
6.558857308276225012e+03 9.641302094132282452e-01
6.558894811787693470e+03 9.751192204022393062e-01
6.558932215289797568e+03 1.011507360563964397e+00
6.558969718801264207e+03 1.036595479991706314e+00
6.559007122303368305e+03 1.067385444743935263e+00
6.559044625814836763e+03 1.091955214596723955e+00
6.559082129326305221e+03 1.125233257308728918e+00
6.559119532828408410e+03 1.127410325523533041e+00
6.559157036339876868e+03 1.133734190337963854e+00
6.559194439841980966e+03 1.135289239062823974e+00
6.559231943353448514e+03 1.114036906489736634e+00
6.559269346855552612e+03 1.105224963715529807e+00
6.559306850367020161e+03 1.074642338793282192e+00
6.559344253869124259e+03 1.044474393530997247e+00
6.559381757380591807e+03 1.027679867302508709e+00
6.559419160882695905e+03 1.009226622434169496e+00
6.559456664394164363e+03 1.018867924528301883e+00
6.559494067896267552e+03 1.009122952519178940e+00
6.559531571407736010e+03 1.012544059713871070e+00
6.559568974909840108e+03 1.024569769852788692e+00
6.559606378411944206e+03 1.043126684636118684e+00
6.559643881923411755e+03 1.049346879535558719e+00
6.559681285425515853e+03 1.055152394775036306e+00
6.559718688927619951e+03 1.051316607920381507e+00
6.559756192439087499e+03 1.031204644412191618e+00
6.559793595941190688e+03 1.010989010989010950e+00
6.559830999443295696e+03 9.843458428364089130e-01
6.559868402945399794e+03 9.639228695832469107e-01
6.559905906456867342e+03 9.511714700393946176e-01
6.559943309958970531e+03 9.356209827907940868e-01
6.559980713461074629e+03 9.345842836408874144e-01
6.560018116963178727e+03 9.316815260211486205e-01
6.560055520465282825e+03 9.324072154260834022e-01
6.560092923967386923e+03 9.297117976363259428e-01
6.560130427478854472e+03 9.270163798465684835e-01
6.560167830980958570e+03 9.440182459050383557e-01
6.560205234483062668e+03 9.462989840348331461e-01
6.560242637985166766e+03 9.523118391042919573e-01
6.560280041487270864e+03 9.558366162139747546e-01
6.560317444989374053e+03 9.837238233464649095e-01
6.560354848491478151e+03 1.006012855069458922e+00
6.560392251993582249e+03 1.041260626166286452e+00
6.560429655495687257e+03 1.061683599419448454e+00
6.560467058997791355e+03 1.111134148869997951e+00
6.560504462499895453e+03 1.117458013684428764e+00
6.560541866001998642e+03 1.122848849263943682e+00
6.560579269504102740e+03 1.130105743313290390e+00
6.560616673006206838e+03 1.128965374248393161e+00
6.560654076508310936e+03 1.116110304789549978e+00
6.560691380001050675e+03 1.101285506945884229e+00
6.560728783503154773e+03 1.092162554426705290e+00
6.560766187005258871e+03 1.103255235330707018e+00
6.560803590507362060e+03 1.070702882023636837e+00
6.560840994009466158e+03 1.087497408252125153e+00
6.560878397511570256e+03 1.073812979473356854e+00
6.560915701004310904e+03 1.054634045200082859e+00
6.560953104506415002e+03 1.063756997719261799e+00
6.560990508008519100e+03 1.066452415509019369e+00
6.561027911510622289e+03 1.069769852788720721e+00
6.561065215003362937e+03 1.064793696869168471e+00
6.561102618505466125e+03 1.074434998963300858e+00
6.561140022007570224e+03 1.064379017209205802e+00
6.561177325500309962e+03 1.060335890524569669e+00
6.561214729002414060e+03 1.052249637155297624e+00
6.561252132504518158e+03 1.046444121915820036e+00
6.561289435997258806e+03 1.047480821065726708e+00
6.561326839499362904e+03 1.033900062201948966e+00
6.561364142992102643e+03 1.018867924528301883e+00
6.561401546494206741e+03 1.013788098693759077e+00
6.561438849986946479e+03 9.993779805100559965e-01
6.561476253489049668e+03 9.888036491810077155e-01
6.561513556981791226e+03 9.824797843665767916e-01
6.561550960483894414e+03 9.789550072568939942e-01
6.561588263976634153e+03 9.885963093510263811e-01
6.561625667478738251e+03 1.018038565208376545e+00
6.561662970971477989e+03 1.036284470246734424e+00
6.561700374473582087e+03 1.076715737093095537e+00
6.561737677966322735e+03 1.096827700601285427e+00
6.561775081468426833e+03 1.124818577648766249e+00
6.561812384961166572e+03 1.141613103877254787e+00
6.561849688453906310e+03 1.166908563134978261e+00
6.561887091956010408e+03 1.152291105121293846e+00
6.561924395448751056e+03 1.175098486419241084e+00
6.561961698941490795e+03 1.185880157578270699e+00
6.561999002434230533e+03 1.192618702052664403e+00
6.562036405936334631e+03 1.204540742276591248e+00
6.562073709429075279e+03 1.242587601078167125e+00
6.562111012921815018e+03 1.257101389176860984e+00
6.562148316414554756e+03 1.283433547584490908e+00
6.562185719916658854e+03 1.300953763217914227e+00
6.562223023409399502e+03 1.340555670744350003e+00
6.562260326902139241e+03 1.363777731702259910e+00
6.562297630394878979e+03 1.380883267675720560e+00
6.562334933887618718e+03 1.391561268919759398e+00
6.562372237380359365e+03 1.428778768401409938e+00
6.562409640882463464e+03 1.431059506531204617e+00
6.562446944375203202e+03 1.439456769645448997e+00
6.562484247867942941e+03 1.455214596724030640e+00
6.562521551360683588e+03 1.432925565001036627e+00
6.562558854853423327e+03 1.402550279908770570e+00
6.562596158346163065e+03 1.374455732946298969e+00
6.562633461838903713e+03 1.314638191996682526e+00
6.562670765331643452e+03 1.273481235745386630e+00
6.562708068824383190e+03 1.224860045614762694e+00
6.562745372317122929e+03 1.175720505909185087e+00
6.562782675809863576e+03 1.133319510678001185e+00
6.562819979302603315e+03 1.085631349782293142e+00
6.562857282795343053e+03 1.065208376529131140e+00
6.562894486278720251e+03 1.033796392286958410e+00
6.562931789771459989e+03 1.003732116939664021e+00
6.562969093264200637e+03 9.919137466307277329e-01
6.563006396756940376e+03 9.926394360356624036e-01
6.563043700249680114e+03 9.794733568318474415e-01
6.563081003742419853e+03 9.775036284470246528e-01
6.563118207225796141e+03 9.891146589259797173e-01
6.563155510718535879e+03 1.010366991499066947e+00
6.563192814211276527e+03 1.025399129172714030e+00
6.563230117704016266e+03 1.051316607920381507e+00
6.563267321187392554e+03 1.081484553182666453e+00
6.563304624680133202e+03 1.094339622641509413e+00
6.563341928172872940e+03 1.122123159859008901e+00
6.563379131656249228e+03 1.134667219572879970e+00
6.563416435148988967e+03 1.143790172092058910e+00
6.563453738641728705e+03 1.152083765291312512e+00
6.563490942125104993e+03 1.167426912709931486e+00
6.563528245617844732e+03 1.154157163591125856e+00
6.563565449101221930e+03 1.155297532656023307e+00
6.563602752593961668e+03 1.147314949201741596e+00
6.563640056086701406e+03 1.155919552145967311e+00
6.563677259570077695e+03 1.174891146589259749e+00
6.563714563062817433e+03 1.174165457184325190e+00
6.563751766546193721e+03 1.179245283018867996e+00
6.563789070038933460e+03 1.173750777524362521e+00
6.563826273522310657e+03 1.187124196558158928e+00
6.563863577015050396e+03 1.193655401202571076e+00
6.563900780498425775e+03 1.188057225793074823e+00
6.563937983981802063e+03 1.166286543645034257e+00
6.563975287474541801e+03 1.159962678830603444e+00
6.564012490957918089e+03 1.133112170848019851e+00
6.564049794450657828e+03 1.121501140369064897e+00
6.564086997934035026e+03 1.093302923491602741e+00
6.564124201417410404e+03 1.070910221853618172e+00
6.564161504910151052e+03 1.063549657889280464e+00
6.564198708393526431e+03 1.044267053701015913e+00
6.564235911876903629e+03 1.028405556707443491e+00
6.564273115360279007e+03 1.036284470246734424e+00
6.564310418853019655e+03 1.047584490980717487e+00
6.564347622336395034e+03 1.047584490980717487e+00
6.564384825819771322e+03 1.031930333817126177e+00
6.564422029303147610e+03 1.043956043956044022e+00
6.564459332795888258e+03 1.025606469002695365e+00
6.564496536279263637e+03 1.032137673647107512e+00
6.564533739762639925e+03 1.020526643168152559e+00
6.564570943246016213e+03 1.000622019489944003e+00
6.564608146729392502e+03 1.002384408044785458e+00
6.564645350212768790e+03 9.868339207961849269e-01
6.564682553696144168e+03 9.788513373419033270e-01
6.564719757179521366e+03 9.711797636325938399e-01
6.564756960662896745e+03 9.747045407422766372e-01
6.564794164146273033e+03 9.744972009122953027e-01
6.564831367629648412e+03 9.725274725274725141e-01
6.564868571113025610e+03 9.800953763217914450e-01
6.564905774596400988e+03 9.800953763217914450e-01
6.564942978079777276e+03 9.714907733775658416e-01
6.564980181563153565e+03 9.821687746216047898e-01
6.565017385046529853e+03 9.950238440804478612e-01
6.565054588529906141e+03 9.845531826663902475e-01
6.565091792013281520e+03 1.002384408044785458e+00
6.565128995496658717e+03 1.023947750362844689e+00
6.565166198980034096e+03 1.027887207132490044e+00
6.565203402463410384e+03 1.062823968484345905e+00
6.565240605946786673e+03 1.094961642131453416e+00
6.565277709420798601e+03 1.142857142857142794e+00
6.565314912904174889e+03 1.216566452415509092e+00
6.565352116387551177e+03 1.267468380675927930e+00
6.565389319870927466e+03 1.337341903379639207e+00
6.565426423344939394e+03 1.397055774414264873e+00
6.565463626828315682e+03 1.431474186191167286e+00
6.565500830311691971e+03 1.446506323864814370e+00
6.565538033795068259e+03 1.425357661206717808e+00
6.565575137269080187e+03 1.396019075264358200e+00
6.565612340752456475e+03 1.363259382127306685e+00
6.565649544235832764e+03 1.288409703504043158e+00
6.565686647709843783e+03 1.206614140576404814e+00
6.565723851193220980e+03 1.149388347501554941e+00
6.565760954667232909e+03 1.078892805307899661e+00
6.565798158150608288e+03 1.025191789342732696e+00
6.565835361633985485e+03 9.916027368857557311e-01
6.565872465107997414e+03 9.524155090192826245e-01
6.565909668591372792e+03 9.461953141198423678e-01
6.565946772065385630e+03 9.447439353099730264e-01
6.565983975548761919e+03 9.452622848849263626e-01
6.566021079022774757e+03 9.572879950238440960e-01
6.566058282506150135e+03 9.765705992121086476e-01
6.566095385980162064e+03 9.847605224963715820e-01
6.566132489454174902e+03 9.978229317851959879e-01
6.566169692937550280e+03 1.007464233879328264e+00
6.566206796411563118e+03 1.006738544474393482e+00
6.566243999894939407e+03 1.013373419033796408e+00
6.566281103368951335e+03 1.024984449512751361e+00
6.566318206842964173e+03 1.027679867302508709e+00
6.566355410326339552e+03 1.039912917271407888e+00
6.566392513800352390e+03 1.031308314327182174e+00
6.566429617274364318e+03 1.039394567696454441e+00
6.566466820757739697e+03 1.041467965996267786e+00
6.566503924231752535e+03 1.024466099937798136e+00
6.566541027705764463e+03 1.026643168152602037e+00
6.566578131179777301e+03 1.010574331329048281e+00
6.566615334663152680e+03 1.021044992743106006e+00
6.566652438137165518e+03 1.018038565208376545e+00
6.566689541611177447e+03 1.018971594443292661e+00
6.566726645085190285e+03 1.008708272859216271e+00
6.566763748559202213e+03 1.006220194899440257e+00
6.566800852033215051e+03 1.007775243624300154e+00
6.566837955507226070e+03 1.006012855069458922e+00
6.566875158990602358e+03 9.992743105950653293e-01
6.566912262464615196e+03 1.015550487248600531e+00
6.566949365938627125e+03 1.024673439767779470e+00
6.566986469412639963e+03 1.069458843043748608e+00
6.567023572886650982e+03 1.090503835786854614e+00
6.567060676360663820e+03 1.135185569147833196e+00
6.567097779834675748e+03 1.167945262284884933e+00
6.567134883308688586e+03 1.215633423180592976e+00
6.567171986782700515e+03 1.248082106572672600e+00
6.567209090256713353e+03 1.260418826456562336e+00
6.567246193730724372e+03 1.273377565830396074e+00
6.567283197195372850e+03 1.255857350196972755e+00
6.567320300669385688e+03 1.233879328218950855e+00
6.567357404143397616e+03 1.181215011403690562e+00
6.567394507617410454e+03 1.145552560646900364e+00
6.567431611091422383e+03 1.115177275554634084e+00
6.567468714565434311e+03 1.074434998963300858e+00
6.567505818039447149e+03 1.046029442255857367e+00
6.567542821504095627e+03 1.008397263114244158e+00
6.567579924978106646e+03 9.908770474808210604e-01
6.567617028452119484e+03 9.703504043126685019e-01
6.567654131926131413e+03 9.675513166079203753e-01
6.567691135390779891e+03 9.586357039187227702e-01
6.567728238864791820e+03 9.593613933236574409e-01
6.567765342338804658e+03 9.616421314534522313e-01
6.567802345803453136e+03 9.635081899232842417e-01
6.567839449277465064e+03 9.638191996682562435e-01
6.567876552751477902e+03 9.875596102011195976e-01
6.567913556216125471e+03 9.963715529753265354e-01
6.567950659690138309e+03 1.005183495749533584e+00
6.567987763164149328e+03 1.013995438523740411e+00
6.568024766628798716e+03 1.015446817333609753e+00
6.568061870102809735e+03 1.040120257101389223e+00
6.568098873567458213e+03 1.037113829566659762e+00
6.568135977041471051e+03 1.046858801575782705e+00
6.568172980506118620e+03 1.053286336305204296e+00
6.568210083980131458e+03 1.065001036699149806e+00
6.568247087444779936e+03 1.070288202363674168e+00
6.568284190918791865e+03 1.086149699357246590e+00
6.568321194383440343e+03 1.096827700601285427e+00
6.568358297857452271e+03 1.106365332780427035e+00
6.568395301322100750e+03 1.129483723823346386e+00
6.568432304786749228e+03 1.126995645863570372e+00
6.568469408260761156e+03 1.124818577648766249e+00
6.568506411725409635e+03 1.128136014928467823e+00
6.568543415190058113e+03 1.114658925979680637e+00
6.568580518664070041e+03 1.127513995438523819e+00
6.568617522128718520e+03 1.129172714078374495e+00
6.568654525593366088e+03 1.126166286543645034e+00
6.568691629067378926e+03 1.132801161103047960e+00
6.568728632532027405e+03 1.143790172092058910e+00
6.568765635996674973e+03 1.166286543645034257e+00
6.568802639461324361e+03 1.184739788513373471e+00
6.568839742935336290e+03 1.206614140576404814e+00
6.568876746399984768e+03 1.222786647314949127e+00
6.568913749864633246e+03 1.222164627825005123e+00
6.568950753329281724e+03 1.235952726518764200e+00
6.568987756793929293e+03 1.204644412191582026e+00
6.569024760258577771e+03 1.176860874974082538e+00
6.569061863732590609e+03 1.138295666597553435e+00
6.569098867197238178e+03 1.089674476466929276e+00
6.569135870661886656e+03 1.073812979473356854e+00
6.569172874126535135e+03 1.040431266846361114e+00
6.569209877591183613e+03 1.002799087704748127e+00
6.569246881055831182e+03 9.823761144515861243e-01
6.569283884520479660e+03 9.538668878291519659e-01
6.569320887985128138e+03 9.371760315156542065e-01
6.569357891449776616e+03 9.311631764461952843e-01
6.569394894914425095e+03 9.193448061372589963e-01
6.569431898379073573e+03 9.221438938420070119e-01
6.569468901843721142e+03 9.087704748082106043e-01
6.569505905308369620e+03 9.082521252332572681e-01
6.569542808763653738e+03 9.009952311839104500e-01
6.569579812228302217e+03 9.402861289653742238e-01
6.569616815692951604e+03 9.437072361600663539e-01
6.569653819157599173e+03 9.554219365540119746e-01
6.569690822622247651e+03 9.950238440804478612e-01
6.569727826086896130e+03 1.010366991499066947e+00
6.569764729542180248e+03 1.053804685880157521e+00
6.569801733006827817e+03 1.069355173128758052e+00
6.569838736471476295e+03 1.089570806551938720e+00
6.569875739936125683e+03 1.105224963715529807e+00
6.569912643391409802e+03 1.122641509433962348e+00
6.569949646856057370e+03 1.130624092888243837e+00
6.569986650320705849e+03 1.138295666597553435e+00
6.570023553775990877e+03 1.146900269541778927e+00
6.570060557240639355e+03 1.165664524155090254e+00
6.570097560705286924e+03 1.175616835994194531e+00
6.570134464160571042e+03 1.191685672817748287e+00
6.570171467625219520e+03 1.192307692307692291e+00
6.570208471089867999e+03 1.181422351233671897e+00
6.570245374545153027e+03 1.183392079618494686e+00
6.570282378009800595e+03 1.171884719054530288e+00
6.570319281465084714e+03 1.160481028405556669e+00
6.570356284929733192e+03 1.145552560646900364e+00
6.570393188385018220e+03 1.152394775036284402e+00
6.570430191849666699e+03 1.145863570391872255e+00
6.570467095304950817e+03 1.150632386481443170e+00
6.570504098769598386e+03 1.136636947957702759e+00
6.570541002224883414e+03 1.135703918722786643e+00
6.570578005689531892e+03 1.147003939456769706e+00
6.570614909144816011e+03 1.145137880986937695e+00
6.570651812600100129e+03 1.132282811528094513e+00
6.570688816064749517e+03 1.126062616628654256e+00
6.570725719520033635e+03 1.133837860252954632e+00
6.570762622975317754e+03 1.125336927223719696e+00
6.570799626439965323e+03 1.134770889487870527e+00
6.570836529895250351e+03 1.140887414472320227e+00
6.570873433350534469e+03 1.135496578892805308e+00
6.570910436815182948e+03 1.125129587393738362e+00
6.570947340270467976e+03 1.125855276798672922e+00
6.570984243725752094e+03 1.120464441219158225e+00
6.571021147181036213e+03 1.104291934480613691e+00
6.571058150645683781e+03 1.071946921003524844e+00
6.571095054100968810e+03 1.055774414264980310e+00
6.571131957556252928e+03 1.018660584698320548e+00
6.571168861011537956e+03 9.856935517312875872e-01
6.571205764466822075e+03 9.655815882230976976e-01
6.571242667922106193e+03 9.584283640887414357e-01
6.571279571377391221e+03 9.593613933236574409e-01
6.571316574842039699e+03 9.539705577441426332e-01
6.571353478297323818e+03 9.585320340037321030e-01
6.571390381752607937e+03 9.744972009122953027e-01
6.571427285207892055e+03 9.799917064068007777e-01
6.571464188663176174e+03 1.002384408044785458e+00
6.571501092118461202e+03 1.036284470246734424e+00
6.571537995573745320e+03 1.044785403275969360e+00
6.571574899029029439e+03 1.068629483723823270e+00
6.571611802484314467e+03 1.111445158614969841e+00
6.571648705939598585e+03 1.126580966203607703e+00
6.571685609394882704e+03 1.156230561890939201e+00
6.571722412840803372e+03 1.186191167323242812e+00
6.571759316296087491e+03 1.219987559610201222e+00
6.571796219751372519e+03 1.246630727762803259e+00
6.571833123206656637e+03 1.291830810698735288e+00
6.571870026661941665e+03 1.309973045822102389e+00
6.571906930117225784e+03 1.337030893634667317e+00
6.571943833572509902e+03 1.345842836408874144e+00
6.571980637018430571e+03 1.353929089778146411e+00
6.572017540473714689e+03 1.362637362637362681e+00
6.572054443928999717e+03 1.353514410118183742e+00
6.572091347384283836e+03 1.334957495334853750e+00
6.572128150830204504e+03 1.318577648766328103e+00
6.572165054285488623e+03 1.313290483101803963e+00
6.572201957740772741e+03 1.278975741239892105e+00
6.572238761186693409e+03 1.258034418411776878e+00
6.572275664641977528e+03 1.231183910429193507e+00
6.572312568097262556e+03 1.212626995645863515e+00
6.572349371543182315e+03 1.163487455940286130e+00
6.572386274998467343e+03 1.117354343769438207e+00
6.572423078444387102e+03 1.058262492224756324e+00
6.572459981899672130e+03 9.770889487870619838e-01
6.572496885354956248e+03 8.774621604810284303e-01
6.572533688800876917e+03 7.774206925150320968e-01
6.572570592256161035e+03 6.541571635911258564e-01
6.572607395702081703e+03 5.661414057640472564e-01
6.572644299157365822e+03 4.843458428364088575e-01
6.572681102603286490e+03 4.425668670951689587e-01
6.572718006058570609e+03 4.257723408666804765e-01
6.572754809504491277e+03 4.315778561061580088e-01
6.572791612950411036e+03 4.493054115695624962e-01
6.572828516405696064e+03 4.806137258967447812e-01
6.572865319851617642e+03 5.260211486626581445e-01
6.572902223306901760e+03 5.721542608335060676e-01
6.572939026752822429e+03 6.293800539083558299e-01
6.572975830198742187e+03 6.849471283433548052e-01
6.573012733654027215e+03 7.452830188679244738e-01
6.573049537099946974e+03 8.041675305826249120e-01
6.573086340545867643e+03 8.428364088741446825e-01
6.573123143991787401e+03 9.113622226829773965e-01
6.573160047447072429e+03 9.574953348538254305e-01
6.573196850892992188e+03 9.878706199460915993e-01
6.573233654338912856e+03 1.063860667634252577e+00
6.573270457784834434e+03 1.119220402239270218e+00
6.573307361240118553e+03 1.185983827493261478e+00
6.573344164686039221e+03 1.243313290483101907e+00
6.573380968131958980e+03 1.311528094546962508e+00
6.573417771577879648e+03 1.368650217706821381e+00
6.573454575023800317e+03 1.411154882852996062e+00
6.573491378469720075e+03 1.454385237404105302e+00
6.573528181915641653e+03 1.447439353099730486e+00
6.573564985361562321e+03 1.433858594235952744e+00
6.573601888816846440e+03 1.397159444329255651e+00
6.573638692262767108e+03 1.343251088534107351e+00
6.573675495708686867e+03 1.289031722993987161e+00
6.573712299154607535e+03 1.244764669292971249e+00
6.573749102600527294e+03 1.210035247771096723e+00
6.573785906046447963e+03 1.179659962678830665e+00
6.573822709492369540e+03 1.188886585113000161e+00
6.573859412928925849e+03 1.178001244038979989e+00
6.573896216374845608e+03 1.169189301264772940e+00
6.573933019820766276e+03 1.176135185569147756e+00
6.573969823266686944e+03 1.175305826249222418e+00
6.574006626712607613e+03 1.180696661828737337e+00
6.574043430158528281e+03 1.157992950445780655e+00
6.574080233604448040e+03 1.146589259796807037e+00
6.574117037050368708e+03 1.122330499688990235e+00
6.574153740486925017e+03 1.113207547169811296e+00
6.574190543932846595e+03 1.093302923491602741e+00
6.574227347378766353e+03 1.080862533692722449e+00
6.574264150824687022e+03 1.058366162139747102e+00
6.574300854261243330e+03 1.044889073190959916e+00
6.574337657707163089e+03 1.034522081691892970e+00
6.574374461153084667e+03 1.033070702882023628e+00
6.574411264599005335e+03 1.031930333817126177e+00
6.574447968035561644e+03 1.038461538461538547e+00
6.574484771481481403e+03 1.036284470246734424e+00
6.574521574927402071e+03 1.033174372797014406e+00
6.574558278363959289e+03 1.024984449512751361e+00
6.574595081809879048e+03 1.021148662658096562e+00
6.574631785246435356e+03 1.013788098693759077e+00
6.574668588692356025e+03 1.004976155919552250e+00
6.574705292128913243e+03 1.013166079203815073e+00
6.574742095574833911e+03 1.009122952519178940e+00
6.574778899020753670e+03 1.021978021978021900e+00
6.574815602457310888e+03 1.032345013477088846e+00
6.574852405903231556e+03 1.029338585942359607e+00
6.574889109339787865e+03 1.044370723616006691e+00
6.574925812776344173e+03 1.043541364296081353e+00
6.574962616222264842e+03 1.060646900269541781e+00
6.574999319658821150e+03 1.072879950238440738e+00
6.575036123104741819e+03 1.069147833298776717e+00
6.575072826541299037e+03 1.095998341281360089e+00
6.575109529977855345e+03 1.134045200082935967e+00
6.575146333423775104e+03 1.155090192826041973e+00
6.575183036860331413e+03 1.209931577856106166e+00
6.575219840306252991e+03 1.263528923906282353e+00
6.575256543742809299e+03 1.299191374663072773e+00
6.575293247179365608e+03 1.317333609786439874e+00
6.575329950615921916e+03 1.350507982583454281e+00
6.575366754061842585e+03 1.361600663487456009e+00
6.575403457498398893e+03 1.361600663487456009e+00
6.575440160934956111e+03 1.360149284677586667e+00
6.575476864371512420e+03 1.347916234708687488e+00
6.575513667817432179e+03 1.356313497822931868e+00
6.575550371253989397e+03 1.347812564793696932e+00
6.575587074690545705e+03 1.334750155504872415e+00
6.575623778127102014e+03 1.313186813186813184e+00
6.575660481563659232e+03 1.302819821687746238e+00
6.575697185000215541e+03 1.269749118805722610e+00
6.575733888436771849e+03 1.216877462160480983e+00
6.575770591873329067e+03 1.191167323242794840e+00
6.575807295309885376e+03 1.157267261040845874e+00
6.575843998746442594e+03 1.118909392494298105e+00
6.575880802192362353e+03 1.100663487455940226e+00
6.575917505628918661e+03 1.093406593406593297e+00
6.575954209065475879e+03 1.077752436243002210e+00
6.575990812492667828e+03 1.070702882023636837e+00
6.576027515929225046e+03 1.057225793074849651e+00
6.576064219365781355e+03 1.066763425253991260e+00
6.576100922802337664e+03 1.080551523947750336e+00
6.576137626238894882e+03 1.086149699357246590e+00
6.576174329675451190e+03 1.104706614140576360e+00
6.576211033112007499e+03 1.120879120879120894e+00
6.576247736548564717e+03 1.123989218328840911e+00
6.576284439985120116e+03 1.120879120879120894e+00
6.576321143421677334e+03 1.111134148869997951e+00
6.576357746848870192e+03 1.093821273066556188e+00
6.576394450285426501e+03 1.064586357039187137e+00
6.576431153721982810e+03 1.024777109682770027e+00
6.576467857158539118e+03 1.008500933029234936e+00
6.576504460585731977e+03 9.586357039187227702e-01
6.576541164022288285e+03 9.131246112378187396e-01
6.576577867458845503e+03 8.933236574746008518e-01
6.576614570895401812e+03 8.598382749326145547e-01
6.576651174322594670e+03 8.436657681940701314e-01
6.576687877759150979e+03 8.499896330085009444e-01
6.576724481186343837e+03 8.675098486419241528e-01
6.576761184622900146e+03 8.944640265394981915e-01
6.576797888059456454e+03 9.131246112378187396e-01
6.576834491486649313e+03 9.618494712834335658e-01
6.576871194923205621e+03 1.007878913539290933e+00
6.576907798350398480e+03 1.050487248600456169e+00
6.576944501786954788e+03 1.103877254820651022e+00
6.576981205223512006e+03 1.161932407215426011e+00
6.577017808650703955e+03 1.199771926187020554e+00
6.577054512087261173e+03 1.230561890939249503e+00
6.577091115514453122e+03 1.260626166286543670e+00
6.577127718941646890e+03 1.278353721749948102e+00
6.577164422378203199e+03 1.304271200497615579e+00
6.577201025805396057e+03 1.332676757205059070e+00
6.577237729241952366e+03 1.347916234708687488e+00
6.577274332669145224e+03 1.387414472320132708e+00
6.577311036105701533e+03 1.396330085009330313e+00
6.577347639532894391e+03 1.407008086253369372e+00
6.577384242960086340e+03 1.428364088741447269e+00
6.577420946396643558e+03 1.452415509019282513e+00
6.577457549823835507e+03 1.441426498030271564e+00
6.577494153251028365e+03 1.435620982790794198e+00
6.577530756678221223e+03 1.385133734190338028e+00
6.577567460114777532e+03 1.336097864399751201e+00
6.577604063541971300e+03 1.274517934895293303e+00
6.577640666969163249e+03 1.202156334231806012e+00
6.577677270396356107e+03 1.119220402239270218e+00
6.577713973832912416e+03 1.054634045200082859e+00
6.577750577260105274e+03 9.991706406800746620e-01
6.577787180687297223e+03 9.485797221646278254e-01
6.577823784114490081e+03 8.992328426290689958e-01
6.577860387541683849e+03 8.621190130624092340e-01
6.577896990968875798e+03 8.313290483101803963e-01
6.577933594396068656e+03 8.112170848019905067e-01
6.577970297832624965e+03 7.850922662243416950e-01
6.578006901259817823e+03 7.689197594857972717e-01
6.578043504687009772e+03 7.558573501969728659e-01
6.578080108114202631e+03 7.537839518971594099e-01
6.578116711541395489e+03 7.474600870827285970e-01
6.578153314968588347e+03 7.543023014721127462e-01
6.578189918395781206e+03 7.600041467965996667e-01
6.578226521822973154e+03 7.656023222060958089e-01
6.578263125250166013e+03 7.896537424839311647e-01
6.578299628667995421e+03 8.214804063860667860e-01
