6.546947004398874924e+03 1.107607950651130935e+00
6.546985010318398054e+03 1.003551623154090633e+00
6.547023016237920274e+03 1.045298772509190677e+00
6.547061022157443404e+03 1.163436974266309321e+00
6.547099028076966533e+03 1.014518038507072006e+00
6.547137033996489663e+03 1.021621284815253272e+00
6.547175039916012793e+03 1.100255467630381956e+00
6.547213045835535013e+03 1.082808897750638710e+00
6.547251051755059052e+03 1.000311545890709697e+00
6.547289057674581272e+03 1.076577979936444551e+00
6.547326963578526374e+03 9.869773817683344941e-01
6.547364969498050414e+03 1.127671506012835723e+00
6.547402975417572634e+03 1.040563274970403240e+00
6.547440981337096673e+03 1.156582964670695990e+00
6.547478887241040866e+03 1.294660103433235676e+00
6.547516893160563995e+03 1.147111969593121117e+00
6.547554899080087125e+03 1.223129166926288258e+00
6.547592904999610255e+03 1.251666770515296845e+00
6.547630810903555357e+03 1.318337591127173081e+00
6.547668816823078487e+03 1.249672876814754918e+00
6.547706822742600707e+03 1.139884104928655884e+00
6.547744728646546719e+03 1.022992086734376027e+00
6.547782734566069848e+03 1.126923795875132361e+00
6.547820640470014951e+03 1.158203003302386458e+00
6.547858646389538080e+03 1.160321515359212352e+00
6.547896652309060300e+03 1.102997071468627244e+00
6.547934558213006312e+03 1.153467505763599021e+00
6.547972564132529442e+03 1.059754501838120699e+00
6.548010470036474544e+03 1.089662907346252041e+00
6.548048475955997674e+03 1.096267680229297881e+00
6.548086381859942776e+03 1.109227989282821403e+00
6.548124387779465906e+03 8.982491120942114327e-01
6.548162293683411917e+03 9.209296529378777629e-01
6.548200199587356110e+03 9.644214592809521314e-01
6.548238205506879240e+03 9.573182129727708656e-01
6.548276111410825251e+03 1.065736182939746923e+00
6.548314117330347472e+03 1.010156396037136250e+00
6.548352023234293483e+03 1.180509689077201108e+00
6.548389929138237676e+03 1.052402018817371721e+00
6.548427935057761715e+03 1.003302386441522920e+00
6.548465840961706817e+03 9.586890148918936205e-01
6.548503746865651920e+03 9.493426381706024930e-01
6.548541752785175049e+03 1.089912144058819754e+00
6.548579658689121061e+03 1.031466134961679826e+00
6.548617564593065254e+03 9.057262134712442680e-01
6.548655470497011265e+03 9.247928219826780927e-01
6.548693476416533485e+03 8.138824848900243492e-01
6.548731382320478588e+03 8.207364944856376798e-01
6.548769288224424599e+03 8.887781170166365596e-01
6.548807194128369702e+03 1.012150289737678399e+00
6.548845100032314804e+03 9.811203190229921267e-01
6.548883005936259906e+03 9.836126861486697015e-01
6.548921011855783945e+03 1.033335410305938007e+00
6.548958917759728138e+03 1.089413670633684328e+00
6.548996823663674149e+03 1.141504143560346352e+00
6.549034729567619252e+03 1.134899370677300734e+00
6.549072635471564354e+03 1.018131970839304623e+00
6.549110541375509456e+03 1.052526637173655688e+00
6.549148447279455468e+03 1.113340395040189446e+00
6.549186353183399660e+03 1.113215776683905478e+00
6.549224259087345672e+03 9.782540968284628713e-01
6.549262164991290774e+03 9.216773630755810132e-01
6.549300070895236786e+03 8.293351610692254461e-01
6.549337976799180979e+03 9.289052277400461355e-01
6.549375882703126990e+03 1.027602965916879496e+00
6.549413788607072092e+03 9.642968409246681638e-01
6.549451694511017195e+03 8.703346002866222397e-01
6.549489500399385179e+03 8.628574989095894043e-01
6.549527406303330281e+03 8.437908903981556907e-01
6.549565312207276293e+03 8.328244750451742062e-01
6.549603218111221395e+03 7.199202442519783141e-01
6.549641124015166497e+03 7.990529004922425349e-01
6.549678929903533572e+03 7.980559536419714606e-01
6.549716835807479583e+03 8.662221945292541969e-01
6.549754741711424685e+03 7.637859056639042521e-01
6.549792647615369788e+03 9.122063679980061401e-01
6.549830453503736862e+03 9.413670633684341205e-01
6.549868359407682874e+03 9.588136332481774771e-01
6.549906265311627976e+03 9.004922425073212944e-01
6.549944171215573078e+03 9.227989282821359440e-01
6.549981977103941063e+03 8.920181942800174957e-01
6.550019883007886165e+03 1.029347622904853932e+00
6.550057788911832176e+03 8.508941367063368455e-01
6.550095594800199251e+03 8.930151411302884590e-01
6.550133500704144353e+03 1.050532743473113539e+00
6.550171306592511428e+03 9.190603775936195818e-01
6.550209212496457440e+03 9.527073337902672856e-01
6.550247018384825424e+03 9.561966477662159347e-01
6.550284924288770526e+03 8.679668515172285215e-01
6.550322730177138510e+03 1.042681787027229134e+00
6.550360636081082703e+03 9.614306187301389084e-01
6.550398441969450687e+03 1.084553554738612924e+00
6.550436347873395789e+03 1.035453922362764123e+00
6.550474153761763773e+03 1.047168047853448858e+00
6.550512059665709785e+03 9.188111408810517577e-01
6.550549865554076860e+03 9.241697302012586990e-01
6.550587771458021962e+03 9.178141940307806834e-01
6.550625577346389036e+03 9.763848214842045792e-01
6.550663383234757021e+03 8.945105614056950705e-01
6.550701289138703032e+03 8.829210542712941923e-01
6.550739095027070107e+03 1.041435603464390347e+00
6.550776900915438091e+03 1.073337902673063837e+00
6.550814806819382284e+03 9.880989469748894249e-01
6.550852612707750268e+03 9.894697488940120689e-01
6.550890418596118252e+03 9.949529565705028666e-01
6.550928224484485327e+03 1.057386753068727092e+00
6.550966130388431338e+03 1.011527197956259005e+00
6.551003936276799323e+03 8.561281076702598192e-01
6.551041742165166397e+03 7.898311421272353750e-01
6.551079548053534381e+03 6.959935198454731964e-01
6.551117353941901456e+03 8.683407065860800911e-01
6.551155259845846558e+03 7.670259829272851881e-01
6.551193065734214542e+03 8.262197021621284776e-01
6.551230871622581617e+03 8.219826780484765782e-01
6.551268677510949601e+03 8.597420400024923248e-01
6.551306483399317585e+03 9.659168795563586318e-01
6.551344289287684660e+03 8.203626394167861102e-01
6.551382095176052644e+03 8.996199140133341876e-01
6.551419901064420628e+03 8.300828712069288073e-01
6.551457706952787703e+03 9.828649760109664513e-01
6.551495512841155687e+03 8.016698859742039662e-01
6.551533318729523671e+03 8.290859243566577330e-01
6.551571124617890746e+03 9.176895756744968269e-01
6.551608930506258730e+03 8.011714125490684291e-01
6.551646736394624895e+03 8.278397407938189456e-01
6.551684542282992879e+03 8.930151411302884590e-01
6.551722348171360863e+03 9.294037011651816726e-01
6.551760154059727938e+03 8.991214405881986504e-01
6.551797959948095922e+03 9.021122811390117624e-01
6.551835665820885879e+03 9.174403389619291138e-01
6.551873471709253863e+03 9.449809957006667371e-01
6.551911277597620938e+03 9.532058072154028228e-01
6.551949083485988922e+03 9.108355660788833852e-01
6.551986889374355997e+03 8.839180011215651556e-01
6.552024595247145953e+03 9.775063866907595100e-01
6.552062401135513937e+03 9.605582902361518016e-01
6.552100207023881921e+03 9.451056140569505937e-01
6.552138012912248996e+03 8.788086485139261494e-01
6.552175718785038953e+03 9.606829085924356582e-01
6.552213524673406937e+03 9.895943672502959254e-01
6.552251330561774012e+03 9.163187737553741830e-01
6.552289036434563968e+03 9.249174403389619492e-01
6.552326842322931952e+03 8.307059629883482010e-01
6.552364648211299027e+03 8.743223876877064260e-01
6.552402354084088984e+03 9.887220387563088186e-01
6.552440159972456968e+03 8.880304068789333094e-01
6.552477865845246924e+03 9.195588510187550080e-01
6.552515671733613999e+03 9.340145803476852526e-01
6.552553377606403956e+03 9.818680291606953769e-01
6.552591183494771940e+03 1.004174714935510027e+00
6.552628989383139015e+03 9.257897688329490560e-01
6.552666695255928971e+03 9.504642033771574239e-01
6.552704401128719837e+03 9.259143871892330235e-01
6.552742207017087821e+03 1.054645149230481582e+00
6.552779912889877778e+03 1.122312916692628892e+00
6.552817718778244853e+03 1.082185805969219317e+00
6.552855424651034809e+03 1.131036201632500404e+00
6.552893230539402794e+03 1.124929902174590213e+00
6.552930936412191841e+03 1.063493052526637284e+00
6.552968642284981797e+03 9.984422705464515158e-01
6.553006448173349781e+03 1.058882173344133593e+00
6.553044154046139738e+03 1.063742289239204997e+00
6.553081859918928785e+03 9.988161256153030854e-01
6.553119665807296769e+03 9.777556234033273341e-01
6.553157371680086726e+03 9.137017882734126406e-01
6.553195077552876683e+03 1.146613496167985469e+00
6.553232783425667549e+03 1.001183874384696804e+00
6.553270589314034623e+03 1.128169979437971149e+00
6.553308295186824580e+03 1.110848027914511871e+00
6.553346001059614537e+03 1.065362327870895465e+00
6.553383706932404493e+03 1.000186927534425729e+00
6.553421412805193540e+03 1.007913265624026389e+00
6.553459218693561525e+03 1.031341516605396080e+00
6.553496924566351481e+03 1.007040937130039282e+00
6.553534630439141438e+03 1.036077014144183517e+00
6.553572336311931394e+03 8.941367063368433898e-01
6.553610042184721351e+03 9.108355660788833852e-01
6.553647748057511308e+03 8.568758178079630694e-01
6.553685453930301264e+03 9.271605707520718109e-01
6.553723159803091221e+03 9.357592373356595772e-01
6.553760865675880268e+03 8.865349866035266979e-01
6.553798571548671134e+03 1.011651816312542751e+00
6.553836277421461091e+03 1.017135023989033549e+00
6.553873983294251047e+03 9.252912954078135188e-01
6.553911689167041004e+03 9.561966477662159347e-01
6.553949395039830051e+03 9.059754501838120921e-01
6.553987100912620008e+03 9.464764159760732376e-01
6.554024806785409965e+03 9.989407439715870529e-01
6.554062512658200831e+03 9.275344258209233805e-01
6.554100218530990787e+03 1.088042868714561573e+00
6.554137824388202716e+03 9.924605894448251808e-01
6.554175530260991763e+03 1.011153342887407325e+00
6.554213236133781720e+03 1.070222443765966647e+00
6.554250942006572586e+03 1.097887718860988127e+00
6.554288647879362543e+03 9.920867343759736112e-01
6.554326253736574472e+03 9.490934014580347799e-01
6.554363959609364429e+03 1.062994579101501635e+00
6.554401665482153476e+03 1.009533304255716857e+00
6.554439371354944342e+03 1.031092279892828145e+00
6.554476977212156271e+03 1.095021496666458871e+00
6.554514683084946228e+03 1.097015390367001020e+00
6.554552388957736184e+03 1.071717864041373369e+00
6.554589994814949023e+03 1.094523023241323445e+00
6.554627700687738070e+03 1.199950152657486502e+00
6.554665406560528027e+03 1.270234905601595132e+00
6.554703012417739956e+03 1.202068664714312396e+00
6.554740718290530822e+03 1.209171911022493662e+00
6.554778324147742751e+03 1.214405881986416524e+00
6.554816030020532708e+03 1.153716742476166734e+00
6.554853635877744637e+03 1.294410866720667963e+00
6.554891341750534593e+03 1.160944607140631746e+00
6.554928947607746522e+03 1.070097825409682901e+00
6.554966653480536479e+03 9.543273724219577536e-01
6.555004259337748408e+03 9.809957006667081592e-01
6.555041965210539274e+03 1.121191351486073851e+00
6.555079571067751203e+03 9.706523770951460683e-01
6.555117276940541160e+03 1.020873574677549911e+00
6.555154882797753999e+03 1.117826655866409169e+00
6.555192588670543046e+03 1.010405632749703964e+00
6.555230194527754975e+03 1.044426444015203348e+00
6.555267800384966904e+03 9.727708891519720735e-01
6.555305506257757770e+03 8.589943298647890746e-01
6.555343112114969699e+03 1.070845535547386040e+00
6.555380717972181628e+03 9.929590628699607180e-01
6.555418423844972494e+03 8.864103682472428414e-01
6.555456029702184424e+03 1.036326250856751230e+00
6.555493635559396353e+03 8.334475668265935999e-01
6.555531241416609191e+03 1.053398965667642795e+00
6.555568947289398238e+03 1.046794192784597177e+00
6.555606553146610167e+03 1.253660664215838993e+00
6.555644159003823006e+03 1.214281263630132779e+00
6.555681764861034935e+03 1.118075892578976882e+00
6.555719370718246864e+03 1.073587139385631550e+00
6.555756976575459703e+03 9.660414979126424884e-01
6.555794682448249660e+03 1.022618231665524346e+00
6.555832288305461589e+03 9.588136332481774771e-01
6.555869894162674427e+03 9.682846283257523501e-01
6.555907500019886356e+03 9.942052464327995054e-01
6.555945105877098285e+03 1.067979313352856785e+00
6.555982711734311124e+03 1.073462521029347583e+00
6.556020317591523053e+03 1.022867468378092060e+00
6.556057923448735892e+03 1.227366191039940269e+00
6.556095529305947821e+03 1.146488877811701723e+00
6.556133135163159750e+03 1.232600162003863131e+00
6.556170741020371679e+03 1.193096143061872949e+00
6.556208346877583608e+03 1.163312355910025575e+00
6.556245952734795537e+03 1.133154713689326520e+00
6.556283558592008376e+03 1.069100878559411827e+00
6.556321164449220305e+03 1.191226867717614768e+00
6.556358670290855116e+03 1.068851641846844114e+00
6.556396276148067045e+03 1.242694248862857398e+00
6.556433882005279884e+03 1.108231042432550328e+00
6.556471487862491813e+03 1.115334288740731594e+00
6.556509093719703742e+03 1.065736182939746923e+00
6.556546699576916581e+03 1.202317901426880109e+00
6.556584205418550482e+03 1.148732008224811585e+00
6.556621811275763321e+03 1.252539099009284174e+00
6.556659417132975250e+03 1.085425883232600253e+00
6.556697022990187179e+03 1.070097825409682901e+00
6.556734528831821990e+03 1.012025671381394432e+00
6.556772134689033919e+03 1.028724531123434538e+00
6.556809740546246758e+03 1.027852202629447209e+00
6.556847246387880659e+03 1.095519970091594519e+00
6.556884852245093498e+03 9.943298647890834729e-01
6.556922458102305427e+03 1.054146675805346156e+00
6.556959963943940238e+03 1.045423390865474422e+00
6.556997569801152167e+03 1.006417845348619888e+00
6.557035175658364096e+03 1.009284067543149144e+00
6.557072681499998907e+03 1.015514985357343081e+00
6.557110287357210836e+03 1.071842482397657115e+00
6.557147793198845648e+03 1.030344569755125006e+00
6.557185399056057577e+03 9.363823291170789709e-01
6.557222904897692388e+03 9.869773817683344941e-01
6.557260510754904317e+03 1.073088665960495902e+00
6.557298016596539128e+03 1.112218829833634404e+00
6.557335622453751057e+03 1.025235217147485889e+00
6.557373128295385868e+03 1.002430057947535591e+00
6.557410634137020679e+03 1.315097513863792145e+00
6.557448239994232608e+03 1.417159947660290298e+00
6.557485745835867419e+03 1.493177144993457439e+00
6.557523351693079348e+03 1.211290423079319556e+00
6.557560857534713250e+03 1.237584896255218503e+00
6.557598363376348971e+03 1.124306810393170819e+00
6.557635969233559990e+03 1.160446133715496320e+00
6.557673475075195711e+03 1.186242133466259618e+00
6.557710980916830522e+03 1.194591563337279672e+00
6.557748586774042451e+03 1.063368434170353316e+00
6.557786092615677262e+03 1.188983737304504906e+00
6.557823598457311164e+03 1.017135023989033549e+00
6.557861104298945975e+03 1.162564645772322214e+00
6.557898610140579876e+03 1.083556607888341849e+00
6.557936215997792715e+03 1.023739796872079166e+00
6.557973721839426616e+03 1.139261013147236490e+00
6.558011227681061428e+03 1.185868278397407938e+00
6.558048733522696239e+03 1.012524144806530080e+00
6.558086239364330140e+03 1.038444762913577124e+00
6.558123745205964951e+03 1.017259642345317516e+00
6.558161251047598853e+03 1.015764222069910794e+00
6.558198856904811691e+03 9.723970340831203929e-01
6.558236362746445593e+03 9.331422518536980348e-01
6.558273868588081314e+03 1.056888279643591444e+00
6.558311374429716125e+03 9.876004735497538878e-01
6.558348880271350026e+03 1.033584647018505720e+00
6.558386386112984837e+03 1.068477786777992433e+00
6.558423891954618739e+03 9.103370926537478480e-01
6.558461397796253550e+03 1.094772259953891158e+00
6.558498903637888361e+03 1.138513303009533351e+00
6.558536309463944235e+03 1.165181631254283756e+00
6.558573815305579046e+03 9.950775749267867232e-01
6.558611321147214767e+03 8.283382142189544828e-01
6.558648826988848668e+03 1.068228550065424720e+00
6.558686332830483479e+03 1.020624337964982198e+00
6.558723838672117381e+03 9.538288989968222165e-01
6.558761344513752192e+03 9.355100006230917531e-01
6.558798750339808976e+03 9.625521839366938393e-01
6.558836256181442877e+03 1.060751448688391774e+00
6.558873762023077688e+03 1.065860801296030891e+00
6.558911267864712499e+03 1.113838868465324872e+00
6.558948773706347311e+03 1.109601844351673083e+00
6.558986179532404094e+03 1.165057012897999789e+00
6.559023685374038905e+03 1.243815814069412440e+00
6.559061191215672807e+03 1.202068664714312396e+00
6.559098597041729590e+03 1.383139136394790913e+00
6.559136102883364401e+03 1.248177456539348196e+00
6.559173608724998303e+03 1.327185494423328560e+00
6.559211014551055996e+03 1.170290983861922873e+00
6.559248520392690807e+03 1.219889089662907322e+00
6.559286026234324709e+03 1.251043678733877451e+00
6.559323432060381492e+03 1.240326500093463791e+00
6.559360937902016303e+03 1.266994828338214196e+00
6.559398343728073087e+03 1.171163312355909980e+00
6.559435849569706988e+03 1.106112530375724434e+00
6.559473255395764681e+03 1.041934076889525773e+00
6.559510761237399493e+03 1.161567698922051139e+00
6.559548167063455367e+03 1.164807776185432076e+00
6.559585672905090178e+03 1.200199389370054215e+00
6.559623078731146961e+03 1.296030905352358431e+00
6.559660584572780863e+03 1.303134151660539697e+00
6.559697990398838556e+03 1.152595177269611915e+00
6.559735396224895339e+03 1.223752258707707652e+00
6.559772902066530150e+03 1.208424200884790300e+00
6.559810307892586025e+03 1.117826655866409169e+00
6.559847813734220836e+03 1.142376472054333680e+00
6.559885219560278529e+03 1.004673188360645453e+00
6.559922625386335312e+03 1.133902423827029660e+00
6.559960131227969214e+03 1.123185245186615999e+00
6.559997537054025997e+03 1.007913265624026389e+00
6.560034942880082781e+03 1.055517477724468911e+00
6.560072348706140474e+03 1.024985980434917954e+00
6.560109854547774376e+03 1.172409495918748767e+00
6.560147260373831159e+03 1.059006791700417560e+00
6.560184666199887943e+03 1.070970153903670008e+00
6.560222072025944726e+03 1.083930462957193530e+00
6.560259477852002419e+03 1.005171661785781101e+00
6.560296983693636321e+03 1.025359835503769634e+00
6.560334389519693104e+03 1.063119197457785603e+00
6.560371795345749888e+03 1.146738114524269436e+00
6.560409201171807581e+03 1.186117515109975651e+00
6.560446606997864365e+03 1.231603215153592057e+00
6.560484012823920239e+03 1.231603215153592057e+00
6.560521418649977022e+03 1.192846906349305236e+00
6.560558824476033806e+03 1.199825534301202534e+00
6.560596230302091499e+03 1.125179138887158148e+00
6.560633636128148282e+03 1.228736992959062801e+00
6.560671041954205066e+03 1.172658732631316703e+00
6.560708447780260940e+03 1.130163873138513297e+00
6.560745853606318633e+03 1.167175524954825905e+00
6.560783259432375417e+03 1.268241011901052984e+00
6.560820665258432200e+03 1.270608760670446813e+00
6.560858071084488984e+03 1.223129166926288258e+00
6.560895476910545767e+03 1.221882983363449471e+00
6.560932882736602551e+03 1.154464452613870096e+00
6.560970288562659334e+03 1.160321515359212352e+00
6.561007594373139000e+03 1.068851641846844114e+00
6.561045000199195783e+03 1.138637921365817096e+00
6.561082406025252567e+03 1.238207988036637897e+00
6.561119811851309350e+03 1.153342887407315054e+00
6.561157217677365225e+03 1.062994579101501635e+00
6.561194523487844890e+03 1.057760608137578773e+00
6.561231929313901674e+03 1.169169418655367831e+00
6.561269335139958457e+03 1.233098635428998779e+00
6.561306740966016150e+03 1.305252663717365591e+00
6.561344046776494906e+03 1.169667892080503480e+00
6.561381452602551690e+03 1.186366751822543364e+00
6.561418858428608473e+03 1.219764471306623577e+00
6.561456164239088139e+03 1.112468066546202339e+00
6.561493570065144922e+03 1.230980123372172663e+00
6.561530875875623678e+03 1.018007352483020655e+00
6.561568281701680462e+03 1.023116705090659773e+00
6.561605687527737246e+03 1.204934886908841651e+00
6.561642993338216002e+03 1.258520780110910398e+00
6.561680399164273695e+03 1.287183002056202952e+00
6.561717704974752451e+03 1.312605146738114570e+00
6.561755110800809234e+03 1.281949031092279867e+00
6.561792416611288900e+03 1.368808025422144636e+00
6.561829822437345683e+03 1.576920680416225240e+00
6.561867128247824439e+03 1.406816624088728318e+00
6.561904534073881223e+03 1.420649261636238947e+00
6.561941839884360888e+03 1.507508255966103716e+00
6.561979245710417672e+03 1.454296217832886873e+00
6.562016551520896428e+03 1.478970652377095130e+00
6.562053857331376093e+03 1.535672004486260844e+00
6.562091263157431968e+03 1.576048351922238133e+00
6.562128568967910724e+03 1.433609570689762691e+00
6.562165874778391299e+03 1.493177144993457439e+00
6.562203280604447173e+03 1.501152719795625812e+00
6.562240586414925929e+03 1.317714499345753687e+00
6.562277892225405594e+03 1.325814692504205805e+00
6.562315298051462378e+03 1.244189669138264120e+00
6.562352603861941134e+03 1.347996759922736709e+00
6.562389909672420799e+03 1.278833572185182899e+00
6.562427215482899555e+03 1.246806654620225663e+00
6.562464621308956339e+03 1.117078945728705808e+00
6.562501927119436004e+03 1.123060626830332032e+00
6.562539232929914760e+03 1.058882173344133593e+00
6.562576538740394426e+03 9.958252850644899734e-01
6.562613844550873182e+03 9.555735559847965410e-01
6.562651150361351938e+03 8.759424263193968940e-01
6.562688456171831604e+03 9.342638170602529657e-01
6.562725761982311269e+03 7.067106984858869678e-01
6.562763167808367143e+03 6.739360707832263708e-01
6.562800473618846809e+03 6.987351236837185953e-01
6.562837779429325565e+03 7.249049785033335747e-01
6.562875085239805230e+03 6.377967474609009813e-01
6.562912391050284896e+03 7.803601470496603909e-01
6.562949696860763652e+03 6.857748146301950731e-01
6.562987002671243317e+03 7.453423889338899322e-01
6.563024308481722073e+03 8.115147361206305199e-01
6.563061614292201739e+03 8.263443205184123341e-01
6.563098820087102467e+03 8.150040500965792800e-01
6.563136125897581223e+03 8.581220013708019678e-01
6.563173431708060889e+03 9.980684154775998351e-01
6.563210737518539645e+03 9.839865412175213821e-01
6.563248043329019310e+03 1.085675119945167966e+00
6.563285349139498067e+03 1.050158888404261859e+00
6.563322654949976823e+03 1.163436974266309321e+00
6.563359960760456488e+03 1.119571312854383383e+00
6.563397166555358126e+03 1.076079506511309125e+00
6.563434472365837792e+03 1.112343448189918371e+00
6.563471778176316548e+03 1.325066982366502666e+00
6.563509083986795304e+03 1.198579350738363747e+00
6.563546289781696942e+03 1.251542152159013099e+00
6.563583595592175698e+03 1.385008411739049095e+00
6.563620901402655363e+03 1.304255716867094517e+00
6.563658107197556092e+03 1.342513552246245911e+00
6.563695413008035757e+03 1.216524394043242641e+00
6.563732718818514513e+03 1.350862982117265965e+00
6.563769924613417061e+03 1.324070035516231592e+00
6.563807230423895817e+03 1.172284877562465022e+00
6.563844536234374573e+03 1.274347311358963175e+00
6.563881742029276211e+03 1.173904916194155490e+00
6.563919047839754967e+03 9.807464639541404461e-01
6.563956253634656605e+03 1.103121689824911211e+00
6.563993559445135361e+03 1.008536357405445782e+00
6.564030765240037908e+03 1.140382578353791532e+00
6.564068071050516664e+03 9.284067543149105983e-01
6.564105276845418302e+03 1.050158888404261859e+00
6.564142582655897058e+03 9.853573431366440261e-01
6.564179788450798696e+03 8.108916443392111262e-01
6.564217094261277452e+03 9.419901551498536252e-01
6.564254300056179090e+03 9.397470247367437635e-01
6.564291505851080728e+03 1.071344008972521689e+00
6.564328811661559484e+03 1.014144183438220548e+00
6.564366017456461122e+03 9.818680291606953769e-01
6.564403323266939879e+03 1.016511932207614155e+00
6.564440529061841517e+03 9.932082995825285421e-01
6.564477734856743155e+03 9.963237584896255106e-01
6.564514940651644793e+03 1.011153342887407325e+00
6.564552246462123549e+03 8.810517789270359001e-01
6.564589452257025187e+03 8.876565518100816288e-01
6.564626658051926825e+03 1.016761168920181868e+00
6.564663963862406490e+03 9.221758365007165503e-01
6.564701169657307219e+03 9.259143871892330235e-01
6.564738375452208857e+03 9.403701165181631572e-01
6.564775581247109585e+03 9.427378652875568754e-01
6.564812787042012133e+03 8.465324942364009786e-01
6.564849992836912861e+03 9.280328992460589177e-01
6.564887298647392527e+03 8.603651317839117185e-01
6.564924504442293255e+03 8.108916443392111262e-01
6.564961710237195803e+03 1.041934076889525773e+00
6.564998916032096531e+03 9.634245124306810570e-01
6.565036121826998169e+03 9.163187737553741830e-01
6.565073327621898898e+03 9.559474110536482216e-01
6.565110533416801445e+03 8.568758178079630694e-01
6.565147739211702174e+03 8.602405134276278620e-01
6.565184945006603812e+03 8.810517789270359001e-01
6.565222150801505450e+03 9.199327060876066886e-01
6.565259356596407088e+03 9.918374976634057871e-01
6.565296562391308726e+03 1.020873574677549911e+00
6.565333768186209454e+03 1.062371487320082242e+00
6.565370973981112002e+03 9.961991401333416540e-01
6.565408179776012730e+03 1.161443080565767394e+00
6.565445385570914368e+03 1.202068664714312396e+00
6.565482591365815097e+03 1.249548258458470951e+00
6.565519697145139617e+03 1.139011776434668777e+00
6.565556902940040345e+03 1.172409495918748767e+00
6.565594108734941983e+03 1.124680665462022500e+00
6.565631314529844531e+03 9.984422705464515158e-01
6.565668520324745259e+03 1.023241323446943740e+00
6.565705626104068870e+03 8.746962427565579956e-01
6.565742831898970508e+03 8.611128419216150798e-01
6.565780037693872146e+03 9.507134400897252480e-01
6.565817243488772874e+03 9.251666770515296623e-01
6.565854349268097394e+03 7.166801669885973780e-01
6.565891555062999032e+03 6.993582154651379890e-01
6.565928760857899761e+03 7.979313352856876040e-01
6.565965866637224281e+03 9.483456913203315297e-01
6.566003072432125009e+03 9.487195463891830993e-01
6.566040278227026647e+03 9.051031216898248744e-01
6.566077384006351167e+03 1.015016511932207655e+00
6.566114589801251896e+03 9.023615178515795865e-01
6.566151795596153534e+03 8.817994890647392614e-01
6.566188901375477144e+03 7.867156832201382954e-01
6.566226107170378782e+03 8.744470060439902825e-01
6.566263212949701483e+03 9.220512181444326938e-01
6.566300418744604031e+03 9.007414792198891185e-01
6.566337524523927641e+03 1.002803913016387272e+00
6.566374730318828369e+03 1.012399526450246112e+00
6.566411836098152889e+03 9.386254595301888326e-01
6.566449041893053618e+03 8.507695183500529890e-01
6.566486147672378138e+03 8.527634120505950266e-01
6.566523253451701748e+03 8.928905227740046024e-01
6.566560459246603386e+03 8.198641659916505731e-01
6.566597565025926997e+03 8.882796435915010225e-01
6.566634770820828635e+03 8.938874696242756768e-01
6.566671876600152245e+03 8.416723783413296855e-01
6.566708982379475856e+03 8.335721851828774565e-01
6.566746188174377494e+03 1.042307931958377454e+00
6.566783293953701104e+03 8.233534799675992222e-01
6.566820399733024715e+03 8.734500591937192082e-01
6.566857505512348325e+03 9.155710636176709327e-01
6.566894711307249963e+03 8.221072964047604348e-01
6.566931817086574483e+03 9.148233534799675715e-01
6.566968922865897184e+03 8.576235279456664307e-01
6.567006028645221704e+03 7.681475481338401190e-01
6.567043234440123342e+03 8.284628325752383393e-01
6.567080340219446043e+03 8.898996822231914905e-01
6.567117445998770563e+03 1.069474733628263508e+00
6.567154551778094174e+03 1.097264627079568733e+00
6.567191657557417784e+03 1.106112530375724434e+00
6.567228763336741395e+03 1.078821110349554413e+00
6.567265869116065915e+03 9.365069474733628274e-01
6.567302974895388616e+03 9.681600099694684936e-01
6.567340080674713136e+03 1.009533304255716857e+00
6.567377286469614774e+03 9.697800486011589616e-01
6.567414392248938384e+03 9.307745030843043166e-01
6.567451498028261994e+03 8.542588323260016381e-01
6.567488603807586514e+03 8.320767649074708450e-01
6.567525609571331188e+03 8.617359337030344735e-01
6.567562715350655708e+03 9.350115271979562159e-01
6.567599821129979318e+03 9.550750825596610039e-01
6.567636926909302929e+03 7.369929590628699900e-01
6.567674032688626539e+03 7.890834319895320137e-01
6.567711138467951059e+03 9.134525515608449275e-01
6.567748244247273760e+03 8.532618854757305638e-01
6.567785350026598280e+03 8.601158950713440055e-01
6.567822455805921891e+03 9.772571499781917970e-01
6.567859561585245501e+03 9.593121066733130142e-01
6.567896567348991084e+03 8.537603589008661009e-01
6.567933673128315604e+03 9.382516044613371520e-01
6.567970778907639215e+03 8.654744843915508357e-01
6.568007884686962825e+03 8.021683593993395034e-01
6.568044890450709318e+03 9.335161069225497155e-01
6.568081996230032928e+03 9.373792759673500452e-01
6.568119102009357448e+03 8.830456726275780488e-01
6.568156207788680149e+03 9.529565705028351097e-01
6.568193213552426641e+03 8.730762041248676386e-01
6.568230319331750252e+03 9.051031216898248744e-01
6.568267425111073862e+03 9.647953143498037010e-01
6.568304430874820355e+03 9.387500778864726891e-01
6.568341536654143965e+03 1.383637609819926562e+00
6.568378542417890458e+03 1.011651816312542751e+00
6.568415648197213159e+03 1.167300143311109650e+00
6.568452753976537679e+03 1.092279892828213583e+00
6.568489759740283262e+03 1.036201632500467262e+00
6.568526865519607782e+03 1.045921864290610070e+00
6.568563871283353365e+03 9.292790828088977051e-01
6.568600977062676975e+03 9.647953143498037010e-01
6.568637982826423467e+03 9.727708891519720735e-01
6.568675088605747078e+03 1.016387313851330410e+00
6.568712094369492661e+03 1.054271294161629902e+00
6.568749100133239153e+03 1.033460028662221974e+00
6.568786205912562764e+03 9.735185992896753238e-01
6.568823211676309256e+03 1.004423951648077740e+00
6.568860317455631957e+03 9.478472178951959926e-01
6.568897323219378450e+03 1.115085052028163659e+00
6.568934328983124942e+03 9.726462707956882170e-01
6.568971434762448553e+03 1.023989033584647101e+00
6.569008440526195045e+03 1.023241323446943740e+00
6.569045446289940628e+03 8.925166677051529218e-01
6.569082552069264239e+03 8.773132282385195380e-01
6.569119557833010731e+03 8.287120692878060524e-01
6.569156563596757223e+03 8.166240887282696370e-01
6.569193569360502806e+03 8.816748707084554049e-01
6.569230675139826417e+03 9.866035266994828135e-01
6.569267680903572909e+03 8.996199140133341876e-01
6.569304686667318492e+03 8.839180011215651556e-01
6.569341692431064985e+03 8.760670446756807506e-01
6.569378698194811477e+03 7.094523023241323667e-01
6.569415703958556151e+03 8.528880304068788831e-01
6.569452809737880671e+03 9.042307931958377676e-01
6.569489815501627163e+03 8.209857311982055039e-01
6.569526821265372746e+03 9.335161069225497155e-01
6.569563827029119238e+03 7.477101377032836504e-01
6.569600832792864821e+03 8.953828898996821772e-01
6.569637838556610404e+03 8.694622717926350219e-01
6.569674844320356897e+03 1.004174714935510027e+00
6.569711850084103389e+03 9.838619228612374146e-01
6.569748855847849882e+03 1.005545516854632782e+00
6.569785861611594555e+03 1.028475294410866825e+00
6.569822867375341048e+03 1.066982366502585933e+00
6.569859873139087540e+03 1.055517477724468911e+00
6.569896878902833123e+03 1.004548570004361707e+00
6.569933884666579615e+03 1.063866907595488742e+00
6.569970890430326108e+03 9.804972272415727330e-01
6.570007796178494573e+03 1.066982366502585933e+00
6.570044801942240156e+03 8.841672378341329797e-01
6.570081807705985739e+03 9.214281263630133001e-01
6.570118813469732231e+03 1.023490560159511453e+00
6.570155819233478724e+03 9.389993145990404022e-01
6.570192824997224307e+03 9.527073337902672856e-01
6.570229730745392771e+03 8.076515670758303012e-01
6.570266736509138354e+03 1.011776434668826719e+00
6.570303742272884847e+03 9.971960869836127284e-01
6.570340748036630430e+03 1.100130849274097988e+00
6.570377653784798895e+03 1.005420898498348814e+00
6.570414659548545387e+03 1.055392859368184943e+00
6.570451665312291880e+03 1.037447816063306050e+00
6.570488571060460345e+03 9.833634494361019884e-01
6.570525576824205928e+03 1.000186927534425729e+00
6.570562582587951511e+03 1.044924917440338996e+00
6.570599488336119975e+03 9.118325129291544595e-01
6.570636494099866468e+03 8.714561654931771706e-01
6.570673399848034933e+03 8.736992959062870323e-01
6.570710405611780516e+03 8.723284939871642774e-01
6.570747311359948981e+03 9.068477786777991989e-01
6.570784317123695473e+03 9.527073337902672856e-01
6.570821322887441966e+03 1.067605458284005326e+00
6.570858228635610431e+03 9.166926288242258636e-01
6.570895234399355104e+03 1.046669574428313210e+00
6.570932140147523569e+03 1.018381207551872336e+00
6.570969045895692034e+03 1.019253536045859665e+00
6.571006051659438526e+03 9.473487444700604554e-01
6.571042957407606991e+03 1.042432550314661421e+00
6.571079963171353484e+03 9.198080877313228321e-01
6.571116868919521949e+03 9.998130724655741597e-01
6.571153774667690413e+03 8.606143684964795426e-01
6.571190780431435996e+03 8.955075082559661448e-01
6.571227686179604461e+03 8.768147548133840008e-01
6.571264591927772926e+03 8.012960309053523966e-01
6.571301597691518509e+03 8.313290547697675947e-01
6.571338503439686974e+03 8.390553928593681432e-01
6.571375409187855439e+03 8.849149479718362299e-01
6.571412414951601022e+03 9.640476042121004507e-01
6.571449320699769487e+03 9.649199327060875575e-01
6.571486226447937952e+03 8.611128419216150798e-01
6.571523132196106417e+03 9.179388123870646510e-01
6.571560037944274882e+03 9.378777493924854713e-01
6.571597043708021374e+03 8.092716057075207692e-01
6.571633949456189839e+03 8.263443205184123341e-01
6.571670855204358304e+03 9.004922425073212944e-01
6.571707760952526769e+03 9.574428313290547221e-01
6.571744666700695234e+03 9.326437784285624977e-01
6.571781572448863699e+03 9.775063866907595100e-01
6.571818478197031254e+03 1.028724531123434538e+00
6.571855383945199719e+03 9.556981743410803976e-01
6.571892289693368184e+03 1.031341516605396080e+00
6.571929195441536649e+03 1.142376472054333680e+00
6.571966101189705114e+03 1.165430867966851469e+00
6.572003006937873579e+03 1.149105863293663266e+00
6.572039912686042044e+03 1.070097825409682901e+00
6.572076818434210509e+03 1.088416723783413254e+00
6.572113724182378974e+03 1.081936569256651604e+00
6.572150629930547439e+03 1.046420337715745497e+00
6.572187535678714994e+03 1.090036762415103722e+00
6.572224441426883459e+03 1.044426444015203348e+00
6.572261347175051924e+03 1.054894385943049517e+00
6.572298252923220389e+03 9.851081064240763130e-01
6.572335158671388854e+03 9.104617110100318156e-01
6.572371964403980201e+03 9.799987538164371959e-01
6.572408870152147756e+03 9.422393918624213383e-01
6.572445775900316221e+03 9.375038943236339017e-01
6.572482681648484686e+03 1.043927970590067922e+00
6.572519587396652241e+03 9.275344258209233805e-01
6.572556393129244498e+03 7.877126300704093698e-01
6.572593298877412053e+03 8.161256153031340999e-01
6.572630204625579609e+03 7.145616549317714838e-01
6.572667010358171865e+03 5.854570378216711335e-01
6.572703916106340330e+03 5.317465262633186418e-01
6.572740821854508795e+03 4.801545267617919888e-01
6.572777627587099232e+03 5.384759175026481159e-01
6.572814533335267697e+03 4.862608262197021802e-01
6.572851439083436162e+03 4.022680540843666108e-01
6.572888244816026599e+03 5.756121876752445798e-01
6.572925150564195064e+03 5.678858495856439204e-01
6.572961956296785502e+03 6.724406505078197593e-01
6.572998862044953967e+03 5.243940432425696629e-01
6.573035767793122432e+03 5.822169605582901974e-01
6.573072573525712869e+03 7.483332294847030441e-01
6.573109479273881334e+03 7.202940993208299947e-01
6.573146285006471771e+03 7.863418281512867258e-01
6.573183090739062209e+03 8.161256153031340999e-01
6.573219996487230674e+03 8.354414605271356375e-01
6.573256802219821111e+03 9.348869088416723594e-01
6.573293707967989576e+03 1.222879930213720545e+00
6.573330513700580013e+03 1.025359835503769634e+00
6.573367419448748478e+03 1.160072278646644639e+00
6.573404225181338916e+03 1.242694248862857398e+00
6.573441030913929353e+03 1.334413359087793571e+00
6.573477936662097818e+03 1.217770577606081428e+00
6.573514742394690074e+03 1.204062558414854545e+00
6.573551548127280512e+03 1.236837186117515142e+00
6.573588453875448977e+03 1.094149168172471764e+00
6.573625259608039414e+03 9.745155461399463981e-01
6.573662065340629852e+03 9.853573431366440261e-01
6.573698871073220289e+03 9.185619041684840447e-01
6.573735776821388754e+03 9.049785033335410178e-01
6.573772582553979191e+03 9.456040874820861308e-01
6.573809388286569629e+03 9.250420586952458057e-01
6.573846194019160976e+03 9.756371113465013289e-01
6.573882999751751413e+03 8.784347934450744688e-01
6.573919805484342760e+03 9.370054208984983646e-01
6.573956711232510315e+03 8.859118948221073042e-01
6.573993516965101662e+03 9.407439715870147268e-01
6.574030322697692100e+03 8.105177892703595566e-01
6.574067128430282537e+03 1.008910212474297463e+00
6.574103934162872974e+03 9.343884354165368222e-01
6.574140739895464321e+03 9.316468315782915344e-01
6.574177545628054759e+03 8.634805906910087980e-01
6.574214351360645196e+03 9.479718362514798491e-01
6.574251157093235634e+03 8.680914698735123780e-01
6.574287962825826980e+03 9.002430057947535813e-01
6.574324768558417418e+03 9.355100006230917531e-01
6.574361574291008765e+03 9.659168795563586318e-01
6.574398380023599202e+03 9.130786964919932469e-01
6.574435185756189640e+03 1.016636550563898123e+00
6.574471991488780077e+03 1.147111969593121117e+00
6.574508697205792487e+03 9.360084740482272903e-01
6.574545502938384743e+03 9.938313913639479358e-01
6.574582308670975181e+03 9.699046669574428181e-01
6.574619114403565618e+03 1.086173593370303392e+00
6.574655920136156055e+03 9.174403389619291138e-01
6.574692725868746493e+03 1.149479718362514724e+00
6.574729431585759812e+03 1.051903545392236294e+00
6.574766237318350250e+03 1.022867468378092060e+00
6.574803043050940687e+03 1.091282945977942509e+00
6.574839848783532034e+03 1.088042868714561573e+00
6.574876554500544444e+03 1.113465013396473191e+00
6.574913360233135791e+03 9.218019814318648697e-01
6.574950165965726228e+03 9.109601844351673527e-01
6.574986871682738638e+03 1.006791700417471569e+00
6.575023677415329075e+03 9.305252663717366035e-01
6.575060483147920422e+03 8.606143684964795426e-01
6.575097188864933742e+03 9.266620973269362738e-01
6.575133994597524179e+03 1.050283506760545826e+00
6.575170700314536589e+03 1.057262134712443125e+00
6.575207506047127026e+03 1.066857748146301965e+00
6.575244311779718373e+03 1.095146115022742839e+00
6.575281017496731693e+03 1.156084491245560564e+00
6.575317823229322130e+03 1.159947660290360671e+00
6.575354528946335449e+03 1.008660975761729750e+00
6.575391334678925887e+03 1.079070347062122348e+00
6.575428040395939206e+03 1.061000685400959487e+00
6.575464846128529643e+03 1.022244376596672666e+00
6.575501551845542963e+03 1.054146675805346156e+00
6.575538257562555373e+03 9.389993145990404022e-01
6.575575063295145810e+03 9.297775562340332423e-01
6.575611769012160039e+03 1.022119758240388698e+00
6.575648574744750476e+03 1.128169979437971149e+00
6.575685280461762886e+03 9.752632562776496483e-01
6.575721986178775296e+03 9.392485513116082263e-01
6.575758791911366643e+03 8.841672378341329797e-01
6.575795497628379962e+03 8.497725714997819146e-01
6.575832203345392372e+03 8.011714125490684291e-01
6.575868909062405692e+03 7.345005919371923042e-01
6.575905714794996129e+03 9.297775562340332423e-01
6.575942420512008539e+03 9.579413047541902593e-01
6.575979126229022768e+03 9.872266184809022072e-01
6.576015831946035178e+03 9.651691694186553816e-01
6.576052637678625615e+03 9.760109664153530096e-01
6.576089343395638934e+03 9.333914885662658589e-01
6.576126049112652254e+03 1.109477225995389116e+00
6.576162754829664664e+03 8.891519720854882403e-01
6.576199460546677983e+03 1.073587139385631550e+00
6.576236166263690393e+03 9.584397781793257964e-01
6.576272871980703712e+03 9.872266184809022072e-01
6.576309577697717032e+03 1.010405632749703964e+00
6.576346283414729442e+03 8.673437597358091278e-01
6.576383089147319879e+03 8.724531123434482449e-01
6.576419794864334108e+03 1.007664028911458676e+00
6.576456500581346518e+03 8.269674122998317278e-01
6.576493206298359837e+03 7.442208237273350013e-01
6.576529912015372247e+03 8.882796435915010225e-01
6.576566617732385566e+03 9.376285126799177583e-01
6.576603223433820858e+03 1.004299333291793772e+00
6.576639929150833268e+03 9.634245124306810570e-01
6.576676634867847497e+03 1.074210231167050944e+00
6.576713340584859907e+03 8.663468128855380535e-01
6.576750046301872317e+03 8.947597981182627835e-01
6.576786752018885636e+03 9.502149666645897108e-01
6.576823457735898955e+03 9.728955075082559301e-01
6.576860163452912275e+03 9.634245124306810570e-01
6.576896769154346657e+03 8.908966290734625648e-01
6.576933474871360886e+03 9.914636425945542175e-01
6.576970180588373296e+03 1.059131410056701306e+00
6.577006886305385706e+03 9.265374789706524172e-01
6.577043592022399025e+03 1.153965979188734448e+00
6.577080197723834317e+03 1.095395351735310552e+00
6.577116903440847636e+03 1.076079506511309125e+00
6.577153609157860046e+03 1.043927970590067922e+00
6.577190214859296248e+03 8.626082621970215802e-01
6.577226920576308657e+03 9.011153342887406881e-01
6.577263626293321067e+03 8.860365131783911607e-01
6.577300231994757269e+03 9.078447255280702732e-01
6.577336937711769679e+03 8.700853635740544156e-01
6.577373643428782998e+03 9.554489376285126845e-01
6.577410249130218290e+03 1.016387313851330410e+00
6.577446954847231609e+03 1.044426444015203348e+00
6.577483560548665992e+03 1.067106984858869678e+00
6.577520266265680220e+03 1.097140008723284987e+00
6.577556871967114603e+03 1.105240201881737105e+00
6.577593577684127922e+03 1.064614617733192103e+00
6.577630183385563214e+03 1.126051467381145255e+00
6.577666889102576533e+03 9.841111595738052387e-01
6.577703494804010916e+03 8.528880304068788831e-01
6.577740200521025145e+03 7.393607078322637083e-01
6.577776806222459527e+03 7.584273163436974219e-01
6.577813511939472846e+03 8.814256339958875808e-01
6.577850117640908138e+03 8.660975761729702294e-01
6.577886723342343430e+03 8.921428126363013522e-01
6.577923429059355840e+03 8.061561468004236897e-01
6.577960034760792041e+03 7.624151037447816082e-01
6.577996640462226424e+03 7.372421957754377031e-01
6.578033346179239743e+03 8.025422144681911840e-01
6.578069951880675035e+03 7.692691133403950499e-01
6.578106557582110327e+03 9.311483581531559972e-01
6.578143163283546528e+03 7.508255966103807300e-01
6.578179869000558938e+03 8.097700791326561953e-01
6.578216474701994230e+03 9.408685899432986943e-01
6.578253080403429522e+03 9.194342326624711514e-01
6.578289686104864813e+03 9.140756433422643212e-01
6.578326291806300105e+03 9.256651504766651994e-01
