6.546979476287508987e+03 1.021819254017396483e+00
6.547017379408441229e+03 1.043196225858764592e+00
6.547055382537606420e+03 1.053958425475453264e+00
6.547093285658537752e+03 1.025210084033613356e+00
6.547131288787703852e+03 1.020934689665339734e+00
6.547169191908635185e+03 1.016069585729028502e+00
6.547207195037801284e+03 1.020934689665339734e+00
6.547245098158732617e+03 1.053663570691434570e+00
6.547283001279663949e+03 1.066489753796255435e+00
6.547321004408830049e+03 1.093616393925991526e+00
6.547358907529761382e+03 1.123396727111897420e+00
6.547396810650692714e+03 1.130030959752321928e+00
6.547434813779858814e+03 1.143151997641161710e+00
6.547472716900790147e+03 1.136960047176765354e+00
6.547510620021721479e+03 1.141382868937048434e+00
6.547548623150887579e+03 1.135338345864661758e+00
6.547586526271818911e+03 1.104378593542680198e+00
6.547624429392751154e+03 1.101577473094500936e+00
6.547662332513681577e+03 1.091847265221878249e+00
6.547700335642847676e+03 1.127524694088161583e+00
6.547738238763779918e+03 1.106000294854784016e+00
6.547776141884710341e+03 1.096859796550198940e+00
6.547814045005641674e+03 1.083738758661359380e+00
6.547851948126573916e+03 1.067964027716349795e+00
6.547889851247504339e+03 1.037446557570396610e+00
6.547927754368435671e+03 1.011499336576735963e+00
6.547965757497602681e+03 1.003243402624207636e+00
6.548003660618533104e+03 9.921863482234999365e-01
6.548041563739465346e+03 9.874686716791979402e-01
6.548079466860396678e+03 9.870263895031696766e-01
6.548117369981327101e+03 9.817190033908300695e-01
6.548155273102259343e+03 9.899749373433583965e-01
6.548193176223190676e+03 9.649122807017543879e-01
6.548231079344122008e+03 9.475158484446409846e-01
6.548268982465053341e+03 9.705145215981129114e-01
6.548306885585984674e+03 9.606368863334807662e-01
6.548344788706916006e+03 9.799498746867167931e-01
6.548382591819613481e+03 9.778858911985847113e-01
6.548420494940543904e+03 9.736104968303110896e-01
6.548458398061475236e+03 9.711042311661506332e-01
6.548496301182407478e+03 9.731682146542827150e-01
6.548534204303337901e+03 9.637328615656789443e-01
6.548572107424269234e+03 9.736104968303110896e-01
6.548610010545201476e+03 9.718413681261978132e-01
6.548647813657898041e+03 1.003980539584254705e+00
6.548685716778829374e+03 1.000000000000000000e+00
6.548723619899760706e+03 1.006044523072386898e+00
6.548761523020692039e+03 1.017838714433141778e+00
6.548799326133388604e+03 1.050567595459236392e+00
6.548837229254320846e+03 1.073861123396727013e+00
6.548875132375251269e+03 1.071944567300604501e+00
6.548913035496182601e+03 1.058086392451717428e+00
6.548950838608880076e+03 1.053368715907415654e+00
6.548988741729811409e+03 1.044523072386849494e+00
6.549026644850741832e+03 1.006486805248415051e+00
6.549064447963438397e+03 9.731682146542827150e-01
6.549102351084370639e+03 9.596048945894146698e-01
6.549140154197067204e+03 9.224531918030369759e-01
6.549178057317998537e+03 9.199469261388766306e-01
6.549215960438929869e+03 8.957688338493292601e-01
6.549253763551626434e+03 9.420610349402919192e-01
6.549291666672557767e+03 9.461890019165560828e-01
6.549329469785255242e+03 9.383753501400560193e-01
6.549367372906186574e+03 9.289399970514521376e-01
6.549405176018883139e+03 9.130178387144330943e-01
6.549443079139814472e+03 9.044670499778858508e-01
6.549480882252511037e+03 8.959162612413386073e-01
6.549518685365207602e+03 8.932625681851688038e-01
6.549556588486138935e+03 9.172932330827067160e-01
6.549594391598836410e+03 8.901665929529706256e-01
6.549632294719767742e+03 8.991596638655462437e-01
6.549670097832463398e+03 9.001916556096122290e-01
6.549707900945160873e+03 9.131652661064425525e-01
6.549745804066092205e+03 8.774878372401592186e-01
6.549783607178788770e+03 8.634822349992629098e-01
6.549821410291485336e+03 9.140498304584991907e-01
6.549859313412417578e+03 8.966533982013857873e-01
6.549897116525114143e+03 9.248120300751879741e-01
6.549934919637810708e+03 9.404393336281881011e-01
6.549972722750507273e+03 9.568037741412354080e-01
6.550010625871438606e+03 9.579831932773109626e-01
6.550048428984135171e+03 9.699248120300751896e-01
6.550086232096831736e+03 1.008550788736547243e+00
6.550124035209529211e+03 9.995577178239717364e-01
6.550161838322225776e+03 1.015332448768981211e+00
6.550199641434922341e+03 1.042753943682736217e+00
6.550237544555853674e+03 1.039510541058528581e+00
6.550275347668550239e+03 1.044817927170868410e+00
6.550313150781246804e+03 1.017396432257113403e+00
6.550350953893943370e+03 1.029043196225858825e+00
6.550388757006640844e+03 1.005454813504349065e+00
6.550426560119337410e+03 9.770013268465280731e-01
6.550464363232033975e+03 9.758219077104526296e-01
6.550502166344730540e+03 9.728733598702639096e-01
6.550539969457428015e+03 9.802447294707357095e-01
6.550577772570124580e+03 9.588677576293674898e-01
6.550615575682821145e+03 9.858469703670942330e-01
6.550653378795517710e+03 9.755270529264337132e-01
6.550691181908215185e+03 9.497272593247825245e-01
6.550728985020911750e+03 9.736104968303110896e-01
6.550766788133608316e+03 9.585729028453486844e-01
6.550804491238070113e+03 9.343948105558013140e-01
6.550842294350766679e+03 9.124281291463953725e-01
6.550880097463464153e+03 8.674627745835176151e-01
6.550917900576160719e+03 8.624502432551968134e-01
6.550955703688856374e+03 8.562582927908005681e-01
6.550993506801553849e+03 8.443166740380362301e-01
6.551031209906016556e+03 8.633348076072534516e-01
6.551069013018713122e+03 8.724753059118384169e-01
6.551106816131408777e+03 8.822055137844611039e-01
6.551144619244105343e+03 8.926728586171310820e-01
6.551182322348568960e+03 9.130178387144330943e-01
6.551220125461264615e+03 9.215686274509803377e-01
6.551257928573961181e+03 9.085950169541501253e-01
6.551295631678423888e+03 9.164086687306501888e-01
6.551333434791120453e+03 9.175880878667256324e-01
6.551371237903817018e+03 9.195046439628482560e-01
6.551408941008279726e+03 9.021082117057349636e-01
6.551446744120976291e+03 9.186200796107917288e-01
6.551484547233671947e+03 9.226006191950464341e-01
6.551522250338135564e+03 9.249594574671974323e-01
6.551560053450832129e+03 9.324782544596785794e-01
6.551597756555293927e+03 9.407341884122070175e-01
6.551635559667990492e+03 9.641751437417072079e-01
6.551673262772452290e+03 9.476632758366504428e-01
6.551711065885149765e+03 9.867315347191508712e-01
6.551748768989611563e+03 9.951348960636886565e-01
6.551786572102308128e+03 9.793601651186790713e-01
6.551824275206769926e+03 9.921863482234999365e-01
6.551862078319467400e+03 9.798024472947073349e-01
6.551899781423929198e+03 1.000442282176028375e+00
6.551937484528390996e+03 9.815715759988206113e-01
6.551975287641087561e+03 9.573934837092731298e-01
6.552012990745549359e+03 9.603420315494618498e-01
6.552050693850011157e+03 9.475158484446409846e-01
6.552088496962708632e+03 9.528232345569807027e-01
6.552126200067171339e+03 9.672711189739053861e-01
6.552163903171633137e+03 9.492849771487542609e-01
6.552201706284329703e+03 9.529706619489901609e-01
6.552239409388791501e+03 9.787704555506413495e-01
6.552277112493254208e+03 9.448621553884711810e-01
6.552314815597716006e+03 9.373433583959899229e-01
6.552352618710412571e+03 9.547397906531033263e-01
6.552390321814874369e+03 9.401444788441692957e-01
6.552428024919336167e+03 9.335102462037446758e-01
6.552465728023798874e+03 9.609317411174996826e-01
6.552503431128261582e+03 9.455992923485183610e-01
6.552541134232723380e+03 9.665339820138582061e-01
6.552578937345419945e+03 9.512015332448768845e-01
6.552616640449881743e+03 9.613740232935279462e-01
6.552654343554343541e+03 1.002063983488132193e+00
6.552692046658806248e+03 1.004127966976264164e+00
6.552729749763268046e+03 1.001031991744065985e+00
6.552767452867729844e+03 9.997051452159810836e-01
6.552805155972192551e+03 9.817190033908300695e-01
6.552842859076654349e+03 1.004865103936311455e+00
6.552880562181116147e+03 1.012973610496830323e+00
6.552918265285578855e+03 1.010172490048651062e+00
6.552955968390040653e+03 9.994102904319622782e-01
6.552993671494502451e+03 1.037593984962406068e+00
6.553031374598965158e+03 1.032876308418104072e+00
6.553069077703426956e+03 1.002653693056169804e+00
6.553106780807888754e+03 9.542975084770750627e-01
6.553144383904116694e+03 9.383753501400560193e-01
6.553182087008578492e+03 9.295297066194898594e-01
6.553219790113041199e+03 9.427981719003390992e-01
6.553257493217502997e+03 9.697773846380657314e-01
6.553295196321964795e+03 9.882058086392451202e-01
6.553332899426426593e+03 9.914492112634527565e-01
6.553370502522653624e+03 9.859943977591036912e-01
6.553408205627117241e+03 1.021819254017396483e+00
6.553445908731579038e+03 9.983782986878961818e-01
6.553483611836040836e+03 9.740527790063393532e-01
6.553521214932267867e+03 9.933657673595753801e-01
6.553558918036729665e+03 9.920389208314904783e-01
6.553596621141192372e+03 9.345422379478106611e-01
6.553634224237419403e+03 9.376382131800088393e-01
6.553671927341882110e+03 9.085950169541501253e-01
6.553709630446343908e+03 9.307091257555654140e-01
6.553747233542571848e+03 9.339525283797729394e-01
6.553784936647033646e+03 9.282028600914049576e-01
6.553822639751495444e+03 9.492849771487542609e-01
6.553860242847722475e+03 9.696299572460562732e-01
6.553897945952184273e+03 9.961668878077546418e-01
6.553935549048412213e+03 1.005012531328320913e+00
6.553973252152874920e+03 1.031549461890019170e+00
6.554010855249101951e+03 1.016806722689075571e+00
6.554048558353564658e+03 1.005454813504349065e+00
6.554086161449791689e+03 9.976411617278490018e-01
6.554123864554253487e+03 9.991154356479433618e-01
6.554161467650480517e+03 9.911543564794338401e-01
6.554199070746708458e+03 9.834881320949432348e-01
6.554236773851170256e+03 9.943977591036414765e-01
6.554274376947397286e+03 9.728733598702639096e-01
6.554312080051860903e+03 9.837829868789621512e-01
6.554349683148087934e+03 1.037446557570396610e+00
6.554387286244314964e+03 1.015627303553000127e+00
6.554424989348776762e+03 1.063246351172047799e+00
6.554462592445004702e+03 1.092289547397906624e+00
6.554500195541231733e+03 1.095385522630104580e+00
6.554537898645693531e+03 1.078726227333038468e+00
6.554575501741921471e+03 1.123986436679935030e+00
6.554613104838148502e+03 1.101430045702491478e+00
6.554650707934375532e+03 1.124428718855963405e+00
6.554688311030604382e+03 1.122217307975821976e+00
6.554726014135066180e+03 1.085655314757481893e+00
6.554763617231293210e+03 1.050420168067226934e+00
6.554801220327521150e+03 1.055432699395547624e+00
6.554838823423748181e+03 1.041427097154651316e+00
6.554876426519976121e+03 1.058528674627745803e+00
6.554914029616203152e+03 1.039952823234556956e+00
6.554951732720664950e+03 1.048503611971104199e+00
6.554989335816891980e+03 1.062066932035972355e+00
6.555026938913119920e+03 1.040837387586613483e+00
6.555064542009346951e+03 1.049977885891198559e+00
6.555102145105575801e+03 9.974937343358395436e-01
6.555139748201802831e+03 1.022408963585434094e+00
6.555177351298029862e+03 1.000000000000000000e+00
6.555214954394257802e+03 9.824561403508771384e-01
6.555252557490484833e+03 9.939554769276131019e-01
6.555290160586711863e+03 9.637328615656789443e-01
6.555327763682939803e+03 9.976411617278490018e-01
6.555365366779166834e+03 1.011057054400707589e+00
6.555402869867160007e+03 1.039952823234556956e+00
6.555440472963387037e+03 1.054105852867462723e+00
6.555478076059614978e+03 1.071207430340557210e+00
6.555515679155842008e+03 1.066637181188264671e+00
6.555553282252069039e+03 1.022851245761462469e+00
6.555590885348296979e+03 1.011794191360754880e+00
6.555628488444524010e+03 9.817190033908300695e-01
6.555665991532517182e+03 9.739053516143298950e-01
6.555703594628745122e+03 9.923337756155093947e-01
6.555741197724972153e+03 1.003833112192245247e+00
6.555778800821200093e+03 1.056169836355594915e+00
6.555816303909192357e+03 1.072534276868642111e+00
6.555853907005420297e+03 1.103346601798614213e+00
6.555891510101647327e+03 1.131800088456435205e+00
6.555929013189640500e+03 1.134158926728586092e+00
6.555966616285867531e+03 1.123691581895916336e+00
6.556004219382095471e+03 1.109391124871001111e+00
6.556041722470087734e+03 1.100250626566416035e+00
6.556079325566314765e+03 1.134601208904614467e+00
6.556116928662542705e+03 1.108359133126934903e+00
6.556154431750534968e+03 1.067964027716349795e+00
6.556192034846762908e+03 1.075187969924812137e+00
6.556229537934755172e+03 1.072239422084623417e+00
6.556267141030983112e+03 1.078431372549019551e+00
6.556304644118975375e+03 1.084033613445378075e+00
6.556342247215203315e+03 1.097891788294265147e+00
6.556379750303195578e+03 1.103494029190623671e+00
6.556417353399423519e+03 1.096859796550198940e+00
6.556454856487415782e+03 1.104231166150670740e+00
6.556492459583643722e+03 1.111307680967123623e+00
6.556529962671635985e+03 1.108211705734925445e+00
6.556567465759629158e+03 1.130915524104378678e+00
6.556605068855856189e+03 1.083738758661359380e+00
6.556642571943849362e+03 1.062804068996019424e+00
6.556680175040076392e+03 1.038478549314462596e+00
6.556717678128069565e+03 1.002063983488132193e+00
6.556755181216062738e+03 9.787704555506413495e-01
6.556792784312290678e+03 9.945451864956509347e-01
6.556830287400282941e+03 9.771487542385375313e-01
6.556867790488275205e+03 9.892378003833112166e-01
6.556905293576268377e+03 1.010909627008698131e+00
6.556942896672496317e+03 1.015774730945009585e+00
6.556980399760489490e+03 9.971988795518207382e-01
6.557017902848481754e+03 1.008403361344537785e+00
6.557055405936474926e+03 1.032286598850066239e+00
6.557092909024466280e+03 1.019018133569217222e+00
6.557130512120695130e+03 9.519386702049240645e-01
6.557168015208687393e+03 1.010172490048651062e+00
6.557205518296680566e+03 1.026831785345717174e+00
6.557243021384673739e+03 1.023588382721509760e+00
6.557280524472665093e+03 7.916850950906678674e-01
6.557318027560658265e+03 9.997051452159810836e-01
6.557355530648650529e+03 1.010467344832669978e+00
6.557393033736643702e+03 1.056906973315641984e+00
6.557430536824636874e+03 1.013268465280849240e+00
6.557468039912629138e+03 1.091994692613887707e+00
6.557505543000622311e+03 1.100398053958425493e+00
6.557543046088614574e+03 1.126050420168067223e+00
6.557580549176607747e+03 1.095385522630104580e+00
6.557618052264600919e+03 1.089488426949727362e+00
6.557655555352593183e+03 1.063983488132094868e+00
6.557693058440586356e+03 1.035235146690254959e+00
6.557730561528578619e+03 1.029338051009877741e+00
6.557768064616571792e+03 1.056759545923632526e+00
6.557805567704564965e+03 1.022408963585434094e+00
6.557842970784322461e+03 1.053516143299425112e+00
6.557880473872315633e+03 1.053663570691434570e+00
6.557917976960308806e+03 1.067079463364293046e+00
6.557955480048301069e+03 1.052926433731387279e+00
6.557992983136294242e+03 1.073566268612708319e+00
6.558030386216052648e+03 1.058086392451717428e+00
6.558067889304044911e+03 1.073271413828689402e+00
6.558105392392038084e+03 1.089930709125755515e+00
6.558142895480030347e+03 1.079168509509066842e+00
6.558180298559788753e+03 1.087866725637623544e+00
6.558217801647781926e+03 1.064278342916113784e+00
6.558255304735775098e+03 1.063246351172047799e+00
6.558292707815532594e+03 1.086392451717529184e+00
6.558330210903525767e+03 1.057496682883679817e+00
6.558367713991518940e+03 1.062066932035972355e+00
6.558405117071276436e+03 1.055727554179566541e+00
6.558442620159269609e+03 1.038920831490490970e+00
6.558480023239027105e+03 1.035972283650302250e+00
6.558517526327019368e+03 1.014890166592953058e+00
6.558554929406777774e+03 1.025357511425622814e+00
6.558592432494770947e+03 1.025357511425622814e+00
6.558629835574529352e+03 1.011941618752764338e+00
6.558667338662521615e+03 1.036709420610349319e+00
6.558704741742280021e+03 1.032286598850066239e+00
6.558742244830273194e+03 1.070912575556538515e+00
6.558779647910030690e+03 1.124133864071944489e+00
6.558817150998023862e+03 1.174996314315199797e+00
6.558854554077782268e+03 1.187675070028011204e+00
6.558892057165774531e+03 1.233819843726964516e+00
6.558929460245532937e+03 1.242075777679492843e+00
6.558966863325291342e+03 1.233672416334955058e+00
6.559004366413284515e+03 1.246203744655757006e+00
6.559041769493042011e+03 1.210673743181483131e+00
6.559079172572799507e+03 1.218339967565973847e+00
6.559116675660792680e+03 1.191655609612265909e+00
6.559154078740551086e+03 1.170868347338935633e+00
6.559191481820309491e+03 1.149933657673595677e+00
6.559228884900066987e+03 1.138581748488869172e+00
6.559266387988060160e+03 1.112192245319180373e+00
6.559303791067818565e+03 1.131062951496388136e+00
6.559341194147576971e+03 1.130620669320359761e+00
6.559378597227335376e+03 1.143299425033171168e+00
6.559416000307092872e+03 1.169099218634822357e+00
6.559453403386850368e+03 1.159663865546218586e+00
6.559490906474843541e+03 1.171015774730945092e+00
6.559528309554601947e+03 1.168362081674775066e+00
6.559565712634359443e+03 1.194751584844464087e+00
6.559603115714117848e+03 1.160695857290284572e+00
6.559640518793876254e+03 1.126345274952086140e+00
6.559677921873634659e+03 1.089635854341736598e+00
6.559715324953393065e+03 1.088603862597670613e+00
6.559752728033151470e+03 1.077694235588972482e+00
6.559790131112908966e+03 1.065457762052189228e+00
6.559827534192666462e+03 1.061624649859943981e+00
6.559864937272424868e+03 1.074598260356774304e+00
6.559902340352183273e+03 1.101282618310482020e+00
6.559939743431941679e+03 1.072386849476632653e+00
6.559977146511699175e+03 1.089193572165708446e+00
6.560014549591457580e+03 1.084770750405425366e+00
6.560051952671215986e+03 1.101724900486510395e+00
6.560089355750974391e+03 1.065015479876161075e+00
6.560126658822498030e+03 1.052189296771340210e+00
6.560164061902255526e+03 1.102314610054548227e+00
6.560201464982013931e+03 1.122512162759840670e+00
6.560238868061771427e+03 1.147869674185463706e+00
6.560276271141529833e+03 1.195783576588530073e+00
6.560313574213053471e+03 1.194604157452454629e+00
6.560350977292811876e+03 1.218487394957983083e+00
6.560388380372570282e+03 1.212148017101577491e+00
6.560425783452328687e+03 1.203449800973020789e+00
6.560463086523851416e+03 1.187527642636001746e+00
6.560500489603609822e+03 1.186200796107916844e+00
6.560537892683367318e+03 1.184726522187822484e+00
6.560575195754891865e+03 1.181483119563614848e+00
6.560612598834649361e+03 1.199321833996756625e+00
6.560650001914407767e+03 1.223205071502285080e+00
6.560687304985931405e+03 1.245908889871738090e+00
6.560724708065688901e+03 1.229839304142709810e+00
6.560762011137212539e+03 1.231755860238832323e+00
6.560799414216970945e+03 1.202565236620964262e+00
6.560836817296729350e+03 1.227480465870558701e+00
6.560874120368252989e+03 1.203449800973020789e+00
6.560911523448011394e+03 1.186348223499926302e+00
6.560948826519535032e+03 1.181630546955624306e+00
6.560986229599291619e+03 1.190623617868199924e+00
6.561023532670815257e+03 1.168656936458793982e+00
6.561060835742339805e+03 1.185463659147869775e+00
6.561098238822097301e+03 1.234409553295002127e+00
6.561135541893620939e+03 1.237358101135190847e+00
6.561172944973379344e+03 1.247383163791832450e+00
6.561210248044902073e+03 1.235146690255049418e+00
6.561247551116425711e+03 1.225416482382426731e+00
6.561284954196184117e+03 1.219519386702049291e+00
6.561322257267707755e+03 1.208020050125313327e+00
6.561359560339231393e+03 1.211705734925549116e+00
6.561396963418989799e+03 1.232050715022851239e+00
6.561434266490512528e+03 1.302815863187380296e+00
6.561471569562036166e+03 1.333333333333333259e+00
6.561508972641794571e+03 1.350140056022409052e+00
6.561546275713318209e+03 1.424001179419136065e+00
6.561583578784841848e+03 1.411617278490343574e+00
6.561620881856365486e+03 1.447884416924664519e+00
6.561658184927888215e+03 1.480023588382721522e+00
6.561695588007646620e+03 1.550936163939259815e+00
6.561732891079170258e+03 1.601651186790505665e+00
6.561770194150693897e+03 1.730207872622733234e+00
6.561807497222217535e+03 1.924959457467197321e+00
6.561844800293740263e+03 2.046292201090962770e+00
6.561882103365263902e+03 2.302078726227333227e+00
6.561919406436787540e+03 2.603862597670647094e+00
6.561956709508311178e+03 2.862745098039215730e+00
6.561994012579834816e+03 3.319770013268465103e+00
6.562031315651357545e+03 3.631726374760430698e+00
6.562068618722881183e+03 4.122512162759840670e+00
6.562105921794404821e+03 4.459531180893409719e+00
6.562143224865928460e+03 4.698510983340704605e+00
6.562180527937453007e+03 4.820875718708536262e+00
6.562217831008975736e+03 4.769128704113223982e+00
6.562255134080499374e+03 4.695267580716497413e+00
6.562292437152023012e+03 4.570691434468524328e+00
6.562329740223546651e+03 4.328910511573050179e+00
6.562367043295070289e+03 4.072239422084622973e+00
6.562404346366593018e+03 3.835028748341442029e+00
6.562441649438116656e+03 3.561403508771929793e+00
6.562478852501405527e+03 3.316084328468229536e+00
6.562516155572929165e+03 3.129883532360312692e+00
6.562553458644452803e+03 3.028306059265811534e+00
6.562590761715975532e+03 2.876013563320064748e+00
6.562628064787499170e+03 2.783429161138139651e+00
6.562665267850788950e+03 2.677134011499336719e+00
6.562702570922312589e+03 2.534129441250184467e+00
6.562739873993835317e+03 2.410437859354268131e+00
6.562777077057124188e+03 2.342916113813946488e+00
6.562814380128647826e+03 2.297508477075040467e+00
6.562851683200171465e+03 2.247825445967861047e+00
6.562888886263460336e+03 2.187675070028011426e+00
6.562926189334983064e+03 2.128261831048208652e+00
6.562963492406506703e+03 2.149638802889576983e+00
6.563000695469796483e+03 2.180156273035529946e+00
6.563037998541320121e+03 2.246498599439775923e+00
6.563075201604608083e+03 2.317116320212295300e+00
6.563112504676131721e+03 2.453781512605042181e+00
6.563149807747655359e+03 2.603715170278637636e+00
6.563187010810944230e+03 2.820728291316526803e+00
6.563224313882466959e+03 2.964764853309744819e+00
6.563261516945756739e+03 3.135928055432699590e+00
6.563298820017280377e+03 3.187675070028011426e+00
6.563336023080569248e+03 3.181335692171605611e+00
6.563373226143857210e+03 3.070470293380509919e+00
6.563410529215380848e+03 2.854784018870706319e+00
6.563447732278670628e+03 2.646763968745392770e+00
6.563485035350194266e+03 2.450685537372844003e+00
6.563522238413482228e+03 2.257408226448474053e+00
6.563559441476771099e+03 2.081085065605189577e+00
6.563596744548294737e+03 1.972725932478254451e+00
6.563633947611583608e+03 1.868494766327583712e+00
6.563671150674872479e+03 1.781954887218045069e+00
6.563708453746396117e+03 1.642046292201090996e+00
6.563745656809684988e+03 1.568332596196373219e+00
6.563782859872973859e+03 1.493881763231608373e+00
6.563820062936262730e+03 1.420610349402918970e+00
6.563857366007786368e+03 1.369895326551673342e+00
6.563894569071075239e+03 1.313135780628040594e+00
6.563931772134364110e+03 1.248267728143889199e+00
6.563968975197652071e+03 1.213032581453634018e+00
6.564006178260941851e+03 1.174996314315199797e+00
6.564043381324230722e+03 1.130768096712369220e+00
6.564080684395753451e+03 1.119416187527642714e+00
6.564117887459042322e+03 1.127524694088161583e+00
6.564155090522331193e+03 1.141677723721067350e+00
6.564192293585620973e+03 1.121185316231755769e+00
6.564229496648908935e+03 1.157010172490048561e+00
6.564266699712197806e+03 1.117794486215538896e+00
6.564303902775487586e+03 1.108506560518944362e+00
6.564341105838775547e+03 1.079610791685094995e+00
6.564378308902064418e+03 1.077989090372991399e+00
6.564415511965353289e+03 1.051599587203302377e+00
6.564452715028643070e+03 1.091404983045849875e+00
6.564489918091931031e+03 1.039657968450538039e+00
6.564527121155219902e+03 1.015627303553000127e+00
6.564564324218508773e+03 1.005602240896358524e+00
6.564601527281797644e+03 1.004570249152292538e+00
6.564638730345086515e+03 9.876160990712073984e-01
6.564675833400140618e+03 9.708093763821318278e-01
6.564713036463429489e+03 9.669762641898864697e-01
6.564750239526718360e+03 9.228954739790653505e-01
6.564787442590007231e+03 9.553295002211410480e-01
6.564824645653297011e+03 9.569512015332448662e-01
6.564861848716584973e+03 9.659442724458204843e-01
6.564898951771639076e+03 1.017396432257113403e+00
6.564936154834928857e+03 1.018723278785198305e+00
6.564973357898216818e+03 1.050567595459236392e+00
6.565010460953270922e+03 1.059560666371811788e+00
6.565047664016560702e+03 1.070322865988500682e+00
6.565084867079848664e+03 1.097007223942208398e+00
6.565122070143137535e+03 1.129588677576293776e+00
6.565159173198192548e+03 1.153324487689812772e+00
6.565196376261480509e+03 1.186937933067964135e+00
6.565233479316534613e+03 1.195488721804511378e+00
6.565270682379824393e+03 1.215243992333775669e+00
6.565307885443113264e+03 1.228807312398643603e+00
6.565344988498166458e+03 1.209346896653398229e+00
6.565382191561456239e+03 1.195783576588530073e+00
6.565419294616509433e+03 1.188117352204039578e+00
6.565456497679798304e+03 1.167919799498746913e+00
6.565493600734853317e+03 1.115730502727406703e+00
6.565530803798142188e+03 1.056464691139613832e+00
6.565567906853196291e+03 1.013563320064868156e+00
6.565605109916485162e+03 9.659442724458204843e-01
6.565642212971538356e+03 9.484004127966976228e-01
6.565679416034828137e+03 9.532655167330089663e-01
6.565716519089882240e+03 9.243697478991597105e-01
6.565753622144936344e+03 9.581306206693203098e-01
6.565790825208225215e+03 9.427981719003390992e-01
6.565827928263279318e+03 9.507592510688486209e-01
6.565865031318333422e+03 9.509066784608580791e-01
6.565902234381622293e+03 9.739053516143298950e-01
6.565939337436677306e+03 9.628482972136223061e-01
6.565976440491730500e+03 9.382279227480465611e-01
6.566013643555019371e+03 9.631431519976411115e-01
6.566050746610074384e+03 9.556243550051599644e-01
6.566087849665127578e+03 9.628482972136223061e-01
6.566124952720182591e+03 9.584254754533392262e-01
6.566162155783471462e+03 9.538552263010466881e-01
6.566199258838525566e+03 9.612265959015184880e-01
6.566236361893579669e+03 9.548872180451127845e-01
6.566273464948633773e+03 9.579831932773109626e-01
6.566310568003687877e+03 9.258440218192540705e-01
6.566347671058742890e+03 9.308565531475748722e-01
6.566384874122030851e+03 9.419136075482824610e-01
6.566421977177084955e+03 9.568037741412354080e-01
6.566459080232139968e+03 9.385227775320654775e-01
6.566496183287193162e+03 9.535603715170278827e-01
6.566533286342248175e+03 9.700722394220846478e-01
6.566570389397302279e+03 9.436827362523957374e-01
6.566607492452356382e+03 9.612265959015184880e-01
6.566644595507410486e+03 9.469261388766032628e-01
6.566681698562464589e+03 9.293822792274805122e-01
6.566718801617518693e+03 9.550346454371222427e-01
6.566755904672573706e+03 9.405867610201975593e-01
6.566793007727626900e+03 9.404393336281881011e-01
6.566830110782681913e+03 9.613740232935279462e-01
6.566867213837735108e+03 9.936606221435942965e-01
6.566904216884555353e+03 1.035382574082264417e+00
6.566941319939609457e+03 1.042459088898717301e+00
6.566978422994663561e+03 1.080937638213180119e+00
6.567015526049717664e+03 1.109833407047029263e+00
6.567052629104772677e+03 1.085507887365472435e+00
6.567089732159825871e+03 1.104820875718708573e+00
6.567126735206646117e+03 1.049683031107179643e+00
6.567163838261700221e+03 1.020050125313283207e+00
6.567200941316754324e+03 9.963143151997641001e-01
6.567238044371809337e+03 9.862892525431224966e-01
6.567275047418627764e+03 9.764116172784903513e-01
6.567312150473682777e+03 9.588677576293674898e-01
6.567349253528735971e+03 9.338051009877634812e-01
6.567386256575556217e+03 9.470735662686127210e-01
6.567423359630609411e+03 9.302668435795370394e-01
6.567460462685664424e+03 8.959162612413386073e-01
6.567497465732484670e+03 8.807312398643667439e-01
6.567534568787537864e+03 9.078578799941029454e-01
6.567571571834358110e+03 9.022556390977443108e-01
6.567608674889411304e+03 9.355742296918767575e-01
6.567645777944466317e+03 9.366062214359427429e-01
6.567682780991286563e+03 9.287925696594426794e-01
6.567719884046339757e+03 9.643225711337166661e-01
6.567756887093160003e+03 9.373433583959899229e-01
6.567793990148213197e+03 9.237800383311218777e-01
6.567830993195033443e+03 9.031402034498009490e-01
6.567868096250086637e+03 9.102167182662538325e-01
6.567905099296906883e+03 9.264337313872917923e-01
6.567942102343727129e+03 9.029927760577914908e-01
6.567979205398780323e+03 9.345422379478106611e-01
6.568016208445600569e+03 9.289399970514521376e-01
6.568053311500654672e+03 9.358690844758956739e-01
6.568090314547474009e+03 9.510541058528674263e-01
6.568127317594293345e+03 9.719887955182072714e-01
6.568164420649347448e+03 9.796550199026978767e-01
6.568201423696166785e+03 1.032286598850066239e+00
6.568238426742987031e+03 1.034055727554179516e+00
6.568275529798041134e+03 1.027716349697773923e+00
6.568312532844860471e+03 1.049830458499189101e+00
6.568349535891680716e+03 1.014595311808934142e+00
6.568386538938500053e+03 1.003390830016217095e+00
6.568423641993554156e+03 9.820138581748488749e-01
6.568460645040373493e+03 9.628482972136223061e-01
6.568497648087192829e+03 9.566563467492260608e-01
6.568534651134012165e+03 1.012973610496830323e+00
6.568571654180832411e+03 1.006339377856405815e+00
6.568608657227652657e+03 1.007518796992481258e+00
6.568645660274471084e+03 9.982308712958867236e-01
6.568682763329526097e+03 1.026684357953707716e+00
6.568719766376344523e+03 1.042459088898717301e+00
6.568756769423164769e+03 1.027568922305764465e+00
6.568793772469984106e+03 1.016069585729028502e+00
6.568830775516804351e+03 1.003390830016217095e+00
6.568867778563622778e+03 9.789178829426506967e-01
6.568904781610443024e+03 9.528232345569807027e-01
6.568941784657262360e+03 9.526758071649712445e-01
6.568978787704081697e+03 9.090372991301783889e-01
6.569015790750901033e+03 9.119858469703671089e-01
6.569052793797721279e+03 9.196520713548577142e-01
6.569089796844540615e+03 9.379330679640277557e-01
6.569126699883126093e+03 9.119858469703671089e-01
6.569163702929944520e+03 9.065310334660179326e-01
6.569200705976764766e+03 9.124281291463953725e-01
6.569237709023585012e+03 9.119858469703671089e-01
6.569274712070403439e+03 8.928202860091405402e-01
6.569311715117223685e+03 9.003390830016216873e-01
6.569348618155808254e+03 8.802889576883384803e-01
6.569385621202628499e+03 8.538994545186495699e-01
6.569422624249446926e+03 8.827952233524989367e-01
6.569459627296267172e+03 8.661359280554327134e-01
6.569496630343086508e+03 9.171458056906973688e-01
6.569533533381671987e+03 9.559192097891788809e-01
6.569570536428491323e+03 9.706619489901223696e-01
6.569607539475310659e+03 9.915966386554622147e-01
6.569644442513895228e+03 1.030222615361934269e+00
6.569681445560715474e+03 1.012383900928792491e+00
6.569718448607534810e+03 1.011794191360754880e+00
6.569755351646120289e+03 1.032876308418104072e+00
6.569792354692938716e+03 1.004422821760283080e+00
6.569829257731524194e+03 9.992628630399528200e-01
6.569866260778343531e+03 9.949874686716791983e-01
6.569903263825163776e+03 9.600471767654430444e-01
6.569940166863748345e+03 9.473684210526315264e-01
6.569977169910567682e+03 9.435353088603862792e-01
6.570014072949152251e+03 9.504643962848297045e-01
6.570051075995972496e+03 9.520860975969335227e-01
6.570087979034557065e+03 9.566563467492260608e-01
6.570124982081377311e+03 9.974937343358395436e-01
6.570161885119960971e+03 1.020344980097302123e+00
6.570198788158545540e+03 1.030370042753943727e+00
6.570235791205365786e+03 1.039657968450538039e+00
6.570272694243950355e+03 1.051157305027274003e+00
6.570309697290770600e+03 1.059413238979802552e+00
6.570346600329355169e+03 1.033318590594132447e+00
6.570383503367940648e+03 1.014005602240896309e+00
6.570420506414759075e+03 9.744950611823677278e-01
6.570457409453344553e+03 9.800973020787262513e-01
6.570494312491929122e+03 9.576883384932920462e-01
6.570531215530514601e+03 9.399970514521598375e-01
6.570568218577333937e+03 9.470735662686127210e-01
6.570605121615919415e+03 9.721362229102167296e-01
6.570642024654503984e+03 9.556243550051599644e-01
6.570678927693088553e+03 9.790653103346601549e-01
6.570715930739907890e+03 1.006781660032433967e+00
6.570752833778492459e+03 9.814241486068111531e-01
6.570789736817077937e+03 1.010319917440660520e+00
6.570826639855662506e+03 1.024915229249594661e+00
6.570863542894247985e+03 1.013121037888839782e+00
6.570900445932832554e+03 1.005602240896358524e+00
6.570937348971418032e+03 9.653545628777826515e-01
6.570974252010002601e+03 9.388176323160842829e-01
6.571011255056822847e+03 8.998968008255934237e-01
6.571048158095407416e+03 8.934099955771782620e-01
6.571085061133991985e+03 8.677576293675365315e-01
6.571121964172576554e+03 8.454960931741117847e-01
6.571158867211161123e+03 8.740970072239422350e-01
6.571195770249746602e+03 8.879551820728290856e-01
6.571232673288331171e+03 8.929677134011498874e-01
6.571269576326916649e+03 8.979802447294706891e-01
6.571306379357266451e+03 9.054990417219519472e-01
6.571343282395851020e+03 9.072681704260651125e-01
6.571380185434436498e+03 9.183252248267728124e-01
6.571417088473021067e+03 9.283502874834144158e-01
6.571453991511606546e+03 9.616688780775468626e-01
6.571490894550191115e+03 9.377856405720182975e-01
6.571527797588776593e+03 9.528232345569807027e-01
6.571564700627361162e+03 9.821612855668583331e-01
6.571601503657710964e+03 9.873212442871885930e-01
6.571638406696296443e+03 1.005454813504349065e+00
6.571675309734881012e+03 1.024620374465575745e+00
6.571712212773466490e+03 1.062066932035972355e+00
6.571749015803816292e+03 1.060887512899896912e+00
6.571785918842401770e+03 1.097449506118236773e+00
6.571822821880986339e+03 1.080495356037151744e+00
6.571859624911336141e+03 1.097596933510246231e+00
6.571896527949921619e+03 1.085213032581453740e+00
6.571933430988506188e+03 1.101430045702491478e+00
6.571970234018856900e+03 1.074598260356774304e+00
6.572007137057441469e+03 1.089046144773698988e+00
6.572044040096026038e+03 1.069438301636444155e+00
6.572080843126376749e+03 1.058381247235736344e+00
6.572117746164961318e+03 1.039510541058528581e+00
6.572154549195312029e+03 1.012236473536783032e+00
6.572191452233896598e+03 9.821612855668583331e-01
6.572228255264246400e+03 9.478107032286599010e-01
6.572265158302831878e+03 9.389650597080937411e-01
6.572301961333181680e+03 9.517912428129146063e-01
6.572338864371767158e+03 9.276131505233672359e-01
6.572375667402116960e+03 9.205366357069143524e-01
6.572412570440701529e+03 8.966533982013857873e-01
6.572449373471053150e+03 8.740970072239422350e-01
6.572486276509636809e+03 8.120300751879698797e-01
6.572523079539988430e+03 7.303553000147426921e-01
6.572559882570338232e+03 6.582633053221288444e-01
6.572596785608922801e+03 6.112339672711190053e-01
6.572633588639273512e+03 5.751142562288072968e-01
6.572670391669623314e+03 5.619932183399675152e-01
6.572707294708207883e+03 5.612560813799203352e-01
6.572744097738558594e+03 5.975232198142415019e-01
6.572780900768908396e+03 5.863187380215243438e-01
6.572817803807493874e+03 6.158042164234114324e-01
6.572854606837843676e+03 5.960489458941471419e-01
6.572891409868194387e+03 6.099071207430341035e-01
6.572928212898545098e+03 5.992923485183546672e-01
6.572965015928894900e+03 6.132979507592510870e-01
6.573001918967479469e+03 6.536930561698363062e-01
6.573038721997830180e+03 7.195931003980539087e-01
6.573075525028179982e+03 8.017101577473094709e-01
6.573112328058530693e+03 8.767507002801120386e-01
6.573149131088880495e+03 9.811292938227922367e-01
6.573185934119231206e+03 1.028748341441839909e+00
6.573222737149581917e+03 1.111897390535161456e+00
6.573259540179931719e+03 1.171900339083001619e+00
6.573296343210281520e+03 1.214212000589709461e+00
6.573333146240632232e+03 1.182662538699690513e+00
6.573369949270982033e+03 1.149491375497567525e+00
6.573406752301331835e+03 1.124428718855963405e+00
6.573443555331683456e+03 1.078578799941029009e+00
6.573480358362033257e+03 1.016954150081085029e+00
6.573517161392383059e+03 9.702196668140941060e-01
6.573553964422733770e+03 9.628482972136223061e-01
6.573590767453083572e+03 9.646174259177354715e-01
6.573627570483433374e+03 9.304142709715464976e-01
6.573664373513784994e+03 9.616688780775468626e-01
6.573701176544134796e+03 9.447147279964617228e-01
6.573737979574484598e+03 9.685979655019902879e-01
6.573774682596600542e+03 9.656494176618015679e-01
6.573811485626950343e+03 9.693351024620374679e-01
6.573848288657301055e+03 9.733156420462921732e-01
6.573885091687651766e+03 9.653545628777826515e-01
6.573921894718001568e+03 9.812767212148016949e-01
6.573958597740116602e+03 9.687453928939997461e-01
6.573995400770467313e+03 9.781807459826035167e-01
6.574032203800818024e+03 9.531180893409995081e-01
6.574068906822933059e+03 9.268760135633200559e-01
6.574105709853283770e+03 9.419136075482824610e-01
6.574142512883633572e+03 9.374907857879993811e-01
6.574179215905749516e+03 9.501695415008108991e-01
6.574216018936100227e+03 9.877635264632168566e-01
6.574252821966450028e+03 1.000147427392009458e+00
6.574289524988565063e+03 1.011204481792717047e+00
6.574326328018916684e+03 1.034498009730207890e+00
6.574363031041031718e+03 1.017838714433141778e+00
6.574399834071381520e+03 1.006781660032433967e+00
6.574436637101732231e+03 1.011499336576735963e+00
6.574473340123848175e+03 9.930709125755565747e-01
6.574510143154197976e+03 9.828984225269055131e-01
6.574546846176313011e+03 9.861418251511130384e-01
6.574583649206663722e+03 9.787704555506413495e-01
6.574620352228779666e+03 9.929234851835471165e-01
6.574657055250894700e+03 9.653545628777826515e-01
6.574693858281245411e+03 9.578357658853015044e-01
6.574730561303361355e+03 9.439775910364145428e-01
6.574767364333711157e+03 9.264337313872917923e-01
6.574804067355826191e+03 9.236326109391125305e-01
6.574840770377942135e+03 9.136075482824709271e-01
6.574877573408292847e+03 8.910511573050272638e-01
6.574914276430407881e+03 9.352793749078578411e-01
6.574950979452523825e+03 9.621111602535751262e-01
6.574987782482874536e+03 9.820138581748488749e-01
6.575024485504989570e+03 1.045702491522924937e+00
6.575061188527104605e+03 1.068701164676396864e+00
6.575097891549221458e+03 1.113813946631284191e+00
6.575134694579571260e+03 1.081969629957246104e+00
6.575171397601686294e+03 1.084770750405425366e+00
6.575208100623803148e+03 1.042901371074745676e+00
6.575244803645918182e+03 1.016954150081085029e+00
6.575281506668033217e+03 9.879109538552263148e-01
6.575318209690149160e+03 9.286451422674333323e-01
6.575355012720499872e+03 9.052041869379330308e-01
6.575391715742614906e+03 8.879551820728290856e-01
6.575428418764730850e+03 8.909037299130178056e-01
6.575465121786846794e+03 9.078578799941029454e-01
6.575501824808961828e+03 9.320359722836503158e-01
6.575538527831077772e+03 9.146395400265369124e-01
6.575575230853192807e+03 9.093321539141973053e-01
6.575611933875309660e+03 8.922305764411027074e-01
6.575648636897424694e+03 9.183252248267728124e-01
6.575685339919539729e+03 9.251068848592068905e-01
6.575722042941655673e+03 9.158189591626124670e-01
6.575758745963771617e+03 9.392599144921126575e-01
6.575795448985886651e+03 9.609317411174996826e-01
6.575832152008002595e+03 9.494324045407637191e-01
6.575868755021882862e+03 9.711042311661506332e-01
6.575905458043999715e+03 9.517912428129146063e-01
6.575942161066114750e+03 9.755270529264337132e-01
6.575978864088230694e+03 9.426507445083296410e-01
6.576015567110345728e+03 9.517912428129146063e-01
6.576052270132461672e+03 9.610791685095090298e-01
6.576088873146342848e+03 9.827509951348960549e-01
6.576125576168457883e+03 9.640277163496977497e-01
6.576162279190573827e+03 9.657968450538110261e-01
6.576198982212688861e+03 9.015185021376971308e-01
6.576235585226570947e+03 8.969482529854047037e-01
6.576272288248685982e+03 8.708536045997345987e-01
6.576308991270801016e+03 8.715907415597817787e-01
6.576345694292916960e+03 8.497714875423854064e-01
6.576382297306798137e+03 8.707061772077251405e-01
6.576419000328914080e+03 9.065310334660179326e-01
6.576455603342794348e+03 9.147869674185463706e-01
6.576492306364910291e+03 9.432404540763673628e-01
6.576529009387026235e+03 9.364587940439333957e-01
6.576565612400907412e+03 9.668288367978770115e-01
6.576602315423022446e+03 9.461890019165560828e-01
6.576638918436903623e+03 9.594574671974053226e-01
6.576675621459018657e+03 9.402919062361786429e-01
6.576712224472900743e+03 9.308565531475748722e-01
6.576748927495015778e+03 9.369010762199616593e-01
6.576785530508896954e+03 9.411764705882352811e-01
6.576822233531011989e+03 9.656494176618015679e-01
6.576858836544893165e+03 1.005307386112339607e+00
6.576895539567009109e+03 9.920389208314904783e-01
6.576932142580890286e+03 9.874686716791979402e-01
6.576968845603005320e+03 9.870263895031696766e-01
6.577005448616886497e+03 9.569512015332448662e-01
6.577042051630766764e+03 9.408816158042164757e-01
6.577078754652883617e+03 9.371959310039805757e-01
6.577115357666763884e+03 9.550346454371222427e-01
6.577151960680645061e+03 9.697773846380657314e-01
6.577188663702760095e+03 9.927760577915376583e-01
6.577225266716641272e+03 1.024472947073566287e+00
6.577261869730522449e+03 1.041721951938670232e+00
6.577298472744403625e+03 1.066342326404245977e+00
6.577335175766518660e+03 1.090962700869821722e+00
6.577371778780399836e+03 1.064278342916113784e+00
6.577408381794281013e+03 1.017101577473094487e+00
6.577444984808162189e+03 9.865841073271414130e-01
6.577481587822043366e+03 9.401444788441692957e-01
6.577518190835923633e+03 9.075630252100840289e-01
6.577554893858039577e+03 8.953265516733008855e-01
6.577591496871919844e+03 9.053516143299424890e-01
6.577628099885801021e+03 8.658410732714137970e-01
6.577664702899683107e+03 8.519828984225269464e-01
6.577701305913563374e+03 8.444641014300456883e-01
6.577737908927444550e+03 8.463806575261683118e-01
6.577774511941324818e+03 8.310482087571871013e-01
6.577811114955205994e+03 8.214654282765737614e-01
6.577847717969087171e+03 8.217602830605926778e-01
6.577884320982968347e+03 7.772372106737431841e-01
6.577920923996849524e+03 7.871148459383753293e-01
6.577957527010729791e+03 8.177797434763378615e-01
6.577994130024610968e+03 8.080495356037151744e-01
6.578030733038492144e+03 8.280996609169983813e-01
6.578067336052373321e+03 8.311956361491965595e-01
6.578103939066254497e+03 8.410732714138287047e-01
6.578140442071900907e+03 8.593542680229986352e-01
6.578177045085781174e+03 8.792569659442724950e-01
6.578213648099662350e+03 8.707061772077251405e-01
6.578250251113542618e+03 9.013710747456877836e-01
6.578286854127423794e+03 9.267285861713105977e-01
6.578323457141305880e+03 9.497272593247825245e-01
