6.546935936481698263e+03 9.430515425482337566e-01
6.546973941956679482e+03 9.483642464348960299e-01
6.547011947431660701e+03 9.481778357722061568e-01
6.547050052921049428e+03 9.513468170379345556e-01
6.547088058396030647e+03 9.561934942678721461e-01
6.547126063871011866e+03 9.456612918258924250e-01
6.547164069345992175e+03 9.406282039332649614e-01
6.547202174835380902e+03 9.308416441420449550e-01
6.547240180310362121e+03 9.353155000466026880e-01
6.547278185785343339e+03 9.505079690558300154e-01
6.547316191260324558e+03 9.761394351756920162e-01
6.547354196735304868e+03 9.942212694566129327e-01
6.547392202210286996e+03 1.006897194519526417e+00
6.547430207685267305e+03 9.982290987044458719e-01
6.547468213160248524e+03 9.849939416534625458e-01
6.547506218635228834e+03 9.759530245130021431e-01
6.547544324124617560e+03 9.725976325845838710e-01
6.547582329599599689e+03 9.823841923758038774e-01
6.547620335074579998e+03 9.928231894864386620e-01
6.547658340549561217e+03 1.006897194519526417e+00
6.547696346024541526e+03 1.019573119582440013e+00
6.547734251485115237e+03 1.024140180818342794e+00
6.547772256960096456e+03 1.024140180818342794e+00
6.547810262435077675e+03 1.017336191630161313e+00
6.547848267910058894e+03 1.009972970453909991e+00
6.547886273385039203e+03 9.996271786746201427e-01
6.547924278860021332e+03 9.810793177369745433e-01
6.547962284335001641e+03 9.640227421008481512e-01
6.548000289809982860e+03 9.449156491751328213e-01
6.548038295284963169e+03 9.337310094137384331e-01
6.548076200745536880e+03 9.258085562494174914e-01
6.548114206220517190e+03 9.271134308882468256e-01
6.548152211695499318e+03 9.313076707987696379e-01
6.548190217170479627e+03 9.435175692049585505e-01
6.548228222645460846e+03 9.545157983036629545e-01
6.548266128106033648e+03 9.750209711995526662e-01
6.548304133581014867e+03 9.869512536117065471e-01
6.548342139055996086e+03 9.955261440954422669e-01
6.548380044516568887e+03 1.007456426507596259e+00
6.548418049991551015e+03 1.003635007922453193e+00
6.548456055466531325e+03 1.002330133283623859e+00
6.548493960927105036e+03 9.924503681610588046e-01
6.548531966402085345e+03 9.626246621306738804e-01
6.548569971877066564e+03 9.251561189300028243e-01
6.548607877337639366e+03 8.923478422965793744e-01
6.548645882812620584e+03 8.916021996458197707e-01
6.548683788273194295e+03 9.387640973063658967e-01
6.548721793748174605e+03 9.995339733432752061e-01
6.548759699208748316e+03 1.052381396215863463e+00
6.548797704683728625e+03 1.072606953117718254e+00
6.548835610144302336e+03 1.065243731941467153e+00
6.548873615619283555e+03 1.060024233386149595e+00
6.548911521079856357e+03 1.049212414950135175e+00
6.548949526554837576e+03 1.044552148382887458e+00
6.548987432015410377e+03 1.051262932239724002e+00
6.549025437490391596e+03 1.059371796066735039e+00
6.549063342950965307e+03 1.069251561189300093e+00
6.549101248411537199e+03 1.070649641159474363e+00
6.549139253886519327e+03 1.063100009320533168e+00
6.549177159347092129e+03 1.052661012209898495e+00
6.549215064807664930e+03 1.024140180818342794e+00
6.549253070282646149e+03 9.858327896355671971e-01
6.549290975743219860e+03 9.389505079690558809e-01
6.549328881203792662e+03 8.770621679560071104e-01
6.549366786664365463e+03 8.188088358654115329e-01
6.549404792139346682e+03 7.644701276913039578e-01
6.549442697599919484e+03 7.110634728306458596e-01
6.549480603060493195e+03 6.463789728772485477e-01
6.549518508521066906e+03 5.747972784043247074e-01
6.549556513996047215e+03 5.461832416814241808e-01
6.549594419456620926e+03 5.735856090968403098e-01
6.549632324917193728e+03 6.502003914623916137e-01
6.549670230377766529e+03 7.274676111473575846e-01
6.549708135838340240e+03 7.814334979960854133e-01
6.549746041298913951e+03 8.194612731848261999e-01
6.549783946759485843e+03 8.381023394538167359e-01
6.549821852220059554e+03 8.539472457824587304e-01
6.549859757680633265e+03 8.619629042781247197e-01
6.549897663141205157e+03 8.614036722900549892e-01
6.549935568601778868e+03 8.594463603318109879e-01
6.549973474062352579e+03 8.504986485226955217e-01
6.550011379522925381e+03 8.304595022835306040e-01
6.550049284983498183e+03 8.047348308323235555e-01
6.550087190444071894e+03 7.830179886289495572e-01
6.550125095904645605e+03 7.705284742287258348e-01
6.550163001365217497e+03 7.732314288377295508e-01
6.550200906825791208e+03 7.821791406468450170e-01
6.550238812286364919e+03 8.047348308323235555e-01
6.550276717746937720e+03 8.196476838475160731e-01
6.550314623207510522e+03 8.422965793643396593e-01
6.550352528668084233e+03 8.567434057228073829e-01
6.550390334114249526e+03 8.546928884332183340e-01
6.550428239574823237e+03 8.555317364153229853e-01
6.550466145035395130e+03 8.579550750302917805e-01
6.550504050495968841e+03 8.703513840991704553e-01
6.550541955956542552e+03 8.918818156398545804e-01
6.550579761402707845e+03 9.153695591387827069e-01
6.550617666863279737e+03 9.374592226675365625e-01
6.550655572323853448e+03 9.603877341783949584e-01
6.550693477784427159e+03 9.646751794202628183e-01
6.550731283230592453e+03 9.691490353248205514e-01
6.550769188691165255e+03 9.504147637244850788e-01
6.550807094151738056e+03 9.294435641718706842e-01
6.550844899597903350e+03 9.190045670612358997e-01
6.550882805058477061e+03 9.150899431447478971e-01
6.550920610504642354e+03 9.218007270015844412e-01
6.550958515965215156e+03 9.386708919750209601e-01
6.550996421425788867e+03 9.577779849007362900e-01
6.551034226871954161e+03 9.819181657190790835e-01
6.551072132332526962e+03 9.806132910802497493e-01
6.551109937778692256e+03 9.908658775281946607e-01
6.551147843239265057e+03 9.862988162922918800e-01
6.551185648685430351e+03 9.836890670146332116e-01
6.551223554146004062e+03 9.663528753844720098e-01
6.551261359592169356e+03 9.477118091154813628e-01
6.551299165038334650e+03 9.217075216702395046e-01
6.551337070498908361e+03 8.979401621772765685e-01
6.551374875945073654e+03 8.770621679560071104e-01
6.551412781405646456e+03 8.736135706962437908e-01
6.551450586851811750e+03 8.562773790660825890e-01
6.551488392297977043e+03 8.463976139435175350e-01
6.551526297758550754e+03 8.353061795134681944e-01
6.551564103204716048e+03 8.190884518594463426e-01
6.551601908650881342e+03 8.128436946593344814e-01
6.551639814111453234e+03 8.202069158355858036e-01
6.551677619557619437e+03 8.444403019852735337e-01
6.551715425003784731e+03 8.832137198247739240e-01
6.551753230449950024e+03 9.359679373660173551e-01
6.551791135910522826e+03 9.825706030384937506e-01
6.551828941356689029e+03 1.026563519433311589e+00
6.551866746802854323e+03 1.059278590735390102e+00
6.551904552249019616e+03 1.075030291732687049e+00
6.551942357695184910e+03 1.070463230496784490e+00
6.551980263155757712e+03 1.070929257153509173e+00
6.552018068601923005e+03 1.064404883959362502e+00
6.552055874048088299e+03 1.057041662783111180e+00
6.552093679494253593e+03 1.055084350824867290e+00
6.552131484940418886e+03 1.050703700251654382e+00
6.552169290386584180e+03 1.038120980520085723e+00
6.552207095832749474e+03 1.033367508621493069e+00
6.552244901278914767e+03 1.029173268710970257e+00
6.552282706725080061e+03 1.016404138316711725e+00
6.552320512171245355e+03 9.953397334327523938e-01
6.552358317617411558e+03 9.743685338801379991e-01
6.552396123063576852e+03 9.680305713486810903e-01
6.552433928509742145e+03 9.598285021903253389e-01
6.552471733955907439e+03 9.685898033367508209e-01
6.552509539402071823e+03 9.676577500233013440e-01
6.552547344848237117e+03 9.570323422499766863e-01
6.552585150294402411e+03 9.454748811632025518e-01
6.552622955740567704e+03 9.338242147450833697e-01
6.552660661172325490e+03 9.238512442911734901e-01
6.552698466618490784e+03 9.289775375151458903e-01
6.552736272064656077e+03 9.290707428464908268e-01
6.552774077510821371e+03 9.316804921241494952e-01
6.552811882956986665e+03 9.315872867928045586e-01
6.552849688403151958e+03 9.171404604343368350e-01
6.552887393834909744e+03 8.926274582906141841e-01
6.552925199281075038e+03 8.703513840991704553e-01
6.552963004727240332e+03 8.505918538540404583e-01
6.553000710158998118e+03 8.531083978003541901e-01
6.553038515605163411e+03 8.710970267499300590e-01
6.553076321051328705e+03 9.027868394072140479e-01
6.553114126497493999e+03 9.230123963090688388e-01
6.553151831929250875e+03 9.399757666138502943e-01
6.553189637375416169e+03 9.585236275514958937e-01
6.553227342807173954e+03 9.767918724951066833e-01
6.553265148253339248e+03 9.976698667163761414e-01
6.553302953699504542e+03 1.010066175785254927e+00
6.553340659131262328e+03 1.013421567713673310e+00
6.553378464577427621e+03 1.007270015844906386e+00
6.553416170009184498e+03 9.811725230683194798e-01
6.553453975455349791e+03 9.314008761301146855e-01
6.553491680887107577e+03 8.473296672569671228e-01
6.553529486333272871e+03 7.462018827476931682e-01
6.553567191765031566e+03 6.999720384005965190e-01
6.553604997211196860e+03 7.256035045204585199e-01
6.553642702642953736e+03 8.027775188740795542e-01
6.553680408074711522e+03 8.651318855438531186e-01
6.553718213520876816e+03 8.993382421474508392e-01
6.553755918952633692e+03 8.983129835026563148e-01
6.553793724398798986e+03 9.061422313356324310e-01
6.553831429830556772e+03 9.096840339267405762e-01
6.553869135262313648e+03 9.158355857955075008e-01
6.553906940708478942e+03 9.191909777239257728e-01
6.553944646140236728e+03 9.034392767266287150e-01
6.553982351571993604e+03 8.798583278963556520e-01
6.554020157018159807e+03 8.414577313822351190e-01
6.554057862449916684e+03 8.047348308323235555e-01
6.554095567881675379e+03 7.664274396495479591e-01
6.554133273313432255e+03 7.602758877807810345e-01
6.554170978745190041e+03 7.693168049212415482e-01
6.554208784191355335e+03 7.913132631186503563e-01
6.554246489623112211e+03 8.220710224624848683e-01
6.554284195054869997e+03 8.549725044272532548e-01
6.554321900486626873e+03 8.807903812098052398e-01
6.554359605918384659e+03 9.074471059744617651e-01
6.554397311350142445e+03 9.412806412526796285e-01
6.554435016781900231e+03 9.724112219218938868e-01
6.554472822228065525e+03 1.000000000000000000e+00
6.554510527659822401e+03 1.019293503588405203e+00
6.554548233091580187e+03 1.028986858048280384e+00
6.554585938523337063e+03 1.018175039612265742e+00
6.554623643955094849e+03 9.919843415043340107e-01
6.554661349386852635e+03 9.517196383633144130e-01
6.554699054818610421e+03 9.163016124522322947e-01
6.554736760250367297e+03 9.137850685059185629e-01
6.554774465682125083e+03 9.440768011930282810e-01
6.554812171113881959e+03 1.003635007922453193e+00
6.554849776531232237e+03 1.051728958896448907e+00
6.554887481962990023e+03 1.074471059744617429e+00
6.554925187394746899e+03 1.080156584956659449e+00
6.554962892826504685e+03 1.061142697362289056e+00
6.555000598258261562e+03 1.031689812657283989e+00
6.555038303690019347e+03 1.000745642650759715e+00
6.555076009121776224e+03 9.647683847516077549e-01
6.555113614539126502e+03 9.408146145959548345e-01
6.555151319970884288e+03 9.334513934197036233e-01
6.555189025402641164e+03 9.398825612825053577e-01
6.555226730834398950e+03 9.560070836051821619e-01
6.555264436266155826e+03 9.844347096653928153e-01
6.555302041683506104e+03 1.004287445241867749e+00
6.555339747115263890e+03 1.019013887594370393e+00
6.555377452547020766e+03 1.026097492776586906e+00
6.555415057964371044e+03 1.022462484854133713e+00
6.555452763396128830e+03 1.009600149128530244e+00
6.555490468827885707e+03 9.894677975580202789e-01
6.555528074245235075e+03 9.614129928231894828e-01
6.555565779676992861e+03 9.363407586913971015e-01
6.555603385094343139e+03 9.076335166371516383e-01
6.555641090526100015e+03 8.916954049771647073e-01
6.555678795957857801e+03 8.751048559977631092e-01
6.555716401375207170e+03 8.642930375617485783e-01
6.555754106806964955e+03 8.471432565942771387e-01
6.555791712224314324e+03 8.366110541522975286e-01
6.555829417656071200e+03 8.067853481219126044e-01
6.555867023073420569e+03 7.709012955541056922e-01
6.555904728505179264e+03 7.238326032249045028e-01
6.555942333922528633e+03 6.783484015285674573e-01
6.555980039354285509e+03 6.497343648056669307e-01
6.556017644771635787e+03 6.380836983875477486e-01
6.556055250188985156e+03 6.622238792058905421e-01
6.556092955620742941e+03 7.059371796066734595e-01
6.556130561038092310e+03 7.695964209152763580e-01
6.556168166455442588e+03 8.312983502656351442e-01
6.556205871887199464e+03 8.882468077174013876e-01
6.556243477304548833e+03 9.306552334793549708e-01
6.556281082721899111e+03 9.580576008947712108e-01
6.556318788153655987e+03 9.800540590921800188e-01
6.556356393571005356e+03 9.974834560536862682e-01
6.556393998988355634e+03 1.015472085003262137e+00
6.556431604405705002e+03 1.036163668561841833e+00
6.556469309837462788e+03 1.057507689439835863e+00
6.556506915254813066e+03 1.079410942305899956e+00
6.556544520672161525e+03 1.092180072700158489e+00
6.556582126089510894e+03 1.093112126013608076e+00
6.556619731506861172e+03 1.085655699506011818e+00
6.556657436938618957e+03 1.060024233386149595e+00
6.556695042355968326e+03 1.039332649827570121e+00
6.556732647773318604e+03 1.021157610215304379e+00
6.556770253190667972e+03 1.013048746388293342e+00
6.556807858608016431e+03 1.013421567713673310e+00
6.556845464025366709e+03 1.020971199552614506e+00
6.556883069442716078e+03 1.024979028800447445e+00
6.556920674860065446e+03 1.035231615248392245e+00
6.556958280277415724e+03 1.027495572746761177e+00
6.556995885694765093e+03 1.019852735576475045e+00
6.557033491112115371e+03 1.008202069158355751e+00
6.557071096529464739e+03 9.821045763817690677e-01
6.557108701946814108e+03 9.429583372168888200e-01
6.557146307364164386e+03 8.996178581414856490e-01
6.557183912781513754e+03 8.544132724391835243e-01
6.557221518198864032e+03 8.118184360145400680e-01
6.557259123616212491e+03 7.754683567900083618e-01
6.557296629019154352e+03 7.659614129928231652e-01
6.557334234436504630e+03 7.645633330226488944e-01
6.557371839853853999e+03 7.904744151365458160e-01
6.557409445271204277e+03 8.246807717401435367e-01
6.557447050688552736e+03 8.628017522602292599e-01
6.557484656105902104e+03 9.088451859446360359e-01
6.557522161508844874e+03 9.569391369186317498e-01
6.557559766926194243e+03 1.000372821325379746e+00
6.557597372343544521e+03 1.028707242054245574e+00
6.557634977760892980e+03 1.042781247087333441e+00
6.557672483163835750e+03 1.042035604436573726e+00
6.557710088581185119e+03 1.030571348681144528e+00
6.557747693998534487e+03 1.008854506477770530e+00
6.557785199401476348e+03 9.903066455401249302e-01
6.557822804818825716e+03 9.765122565010718736e-01
6.557860410236175994e+03 9.508807903812097617e-01
6.557897915639116945e+03 9.345698573958430844e-01
6.557935521056467223e+03 9.079131326311865591e-01
6.557973026459408175e+03 8.818156398545996533e-01
6.558010631876758453e+03 8.431354273464441995e-01
6.558048137279700313e+03 7.945754497157236917e-01
6.558085742697049682e+03 7.438717494640693095e-01
6.558123248099991542e+03 7.236461925622145186e-01
6.558160853517341820e+03 7.570137011837076990e-01
6.558198358920282772e+03 8.221642277938298049e-01
6.558235964337633050e+03 8.902041196756454999e-01
6.558273469740574001e+03 9.396961506198154845e-01
6.558311075157924279e+03 9.692422406561654880e-01
6.558348580560866139e+03 9.889085655699505484e-01
6.558386185978215508e+03 9.962717867462018706e-01
6.558423691381157369e+03 9.926367788237486778e-01
6.558461196784099229e+03 9.944076801193028059e-01
6.558498802201448598e+03 9.914251095162642802e-01
6.558536307604390458e+03 9.977630720477210780e-01
6.558573813007332319e+03 1.006431167862801734e+00
6.558611418424682597e+03 1.027961599403485859e+00
6.558648923827623548e+03 1.034019945940907848e+00
6.558686429230565409e+03 1.038959828502190375e+00
6.558723934633508179e+03 1.038587007176810406e+00
6.558761540050856638e+03 1.026936340758691335e+00
6.558799045453799408e+03 1.008295274489700910e+00
6.558836550856740359e+03 9.955261440954422669e-01
6.558874056259682220e+03 9.887221549072606752e-01
6.558911561662624081e+03 1.000279615994034810e+00
6.558949167079974359e+03 1.002050517289589049e+00
6.558986672482915310e+03 1.006524373194146671e+00
6.559024177885857171e+03 1.003075775934383351e+00
6.559061683288799941e+03 1.003821418585143066e+00
6.559099188691740892e+03 1.018361450274955837e+00
6.559136694094682753e+03 1.067667070556435727e+00
6.559174199497624613e+03 1.118370770808090331e+00
6.559211704900566474e+03 1.155280082020691657e+00
6.559249210303508335e+03 1.173455121632957399e+00
6.559286715706450195e+03 1.180259110821138879e+00
6.559324221109392056e+03 1.180445521483828974e+00
6.559361726512333007e+03 1.159847143256594215e+00
6.559399231915275777e+03 1.134402087799422087e+00
6.559436737318217638e+03 1.092180072700158489e+00
6.559474242721158589e+03 1.055550377481591973e+00
6.559511748124101359e+03 1.012675925062913596e+00
6.559549253527042310e+03 9.823841923758038774e-01
6.559586758929984171e+03 9.573119582440116071e-01
6.559624264332926032e+03 9.549818249603877485e-01
6.559661669721459475e+03 9.639295367695032146e-01
6.559699175124402245e+03 9.719451952651692039e-01
6.559736680527344106e+03 9.762326405070369528e-01
6.559774185930285057e+03 9.846211203280827995e-01
6.559811691333227827e+03 1.007829247832976005e+00
6.559849096721761271e+03 1.031316991331904243e+00
6.559886602124703131e+03 1.053033833535278241e+00
6.559924107527644992e+03 1.070276819834094617e+00
6.559961612930585943e+03 1.083978003541802515e+00
6.559999018319120296e+03 1.089663528753844757e+00
6.560036523722062157e+03 1.074657470407307303e+00
6.560074029125004017e+03 1.051356137571069160e+00
6.560111434513537461e+03 1.023674154161618111e+00
6.560148939916480231e+03 1.006431167862801734e+00
6.560186445319421182e+03 9.946872961133377267e-01
6.560223850707955535e+03 9.948737067760275998e-01
6.560261356110897395e+03 1.017709012955541059e+00
6.560298761499431748e+03 1.045950228353061728e+00
6.560336266902372699e+03 1.083045950228353149e+00
6.560373772305314560e+03 1.126013607978376463e+00
6.560411177693848913e+03 1.140274023674154202e+00
6.560448683096789864e+03 1.152856743405722861e+00
6.560486088485324217e+03 1.149314940814614605e+00
6.560523593888266987e+03 1.139341970360704615e+00
6.560560999276800430e+03 1.119582440115574506e+00
6.560598404665333874e+03 1.046882281666511316e+00
6.560635910068275734e+03 9.588964488768757510e-01
6.560673315456810087e+03 1.042035604436573726e+00
6.560710820859751038e+03 1.042315220430608536e+00
6.560748226248285391e+03 8.367974648149874017e-01
6.560785631636819744e+03 1.073632211762512778e+00
6.560823137039761605e+03 1.103551123124242750e+00
6.560860542428295048e+03 1.107558952372075689e+00
6.560897947816829401e+03 1.144188647590642205e+00
6.560935453219771262e+03 1.168235623077640062e+00
6.560972858608305614e+03 1.174107558952372177e+00
6.561010263996839058e+03 1.187063100009320582e+00
6.561047669385372501e+03 1.193401062540777380e+00
6.561085174788314362e+03 1.197688507782645129e+00
6.561122580176848714e+03 1.196383633143815794e+00
6.561159985565383067e+03 1.189859259949669124e+00
6.561197390953916511e+03 1.182496038773417801e+00
6.561234796342449954e+03 1.174666790940441796e+00
6.561272301745392724e+03 1.163948177835772313e+00
6.561309707133926167e+03 1.146984807530990746e+00
6.561347112522460520e+03 1.138223506384565153e+00
6.561384517910993964e+03 1.117438717494640743e+00
6.561421923299528316e+03 1.116227048187156345e+00
6.561459328688061760e+03 1.144841084910056761e+00
6.561496734076596113e+03 1.202255569018547909e+00
6.561534139465130465e+03 1.269456612918258953e+00
6.561571544853663909e+03 1.320346723832603208e+00
6.561608950242197352e+03 1.362102712275142125e+00
6.561646355630731705e+03 1.401248951440022372e+00
6.561683761019266058e+03 1.453443936993195962e+00
6.561721166407799501e+03 1.513934197036070461e+00
6.561758571796333854e+03 1.590455774070276718e+00
6.561795977184867297e+03 1.673128902973250121e+00
6.561833382573401650e+03 1.778730543387081697e+00
6.561870787961935093e+03 1.893093484947339089e+00
6.561908193350469446e+03 2.031876223319974084e+00
6.561945598739003799e+03 2.171684220337403382e+00
6.561982904113129734e+03 2.304408612172616166e+00
6.562020309501664087e+03 2.430515425482337566e+00
6.562057714890196621e+03 2.577873054338708059e+00
6.562095120278730974e+03 2.747040730729797708e+00
6.562132525667265327e+03 2.909870444589430338e+00
6.562169831041391262e+03 3.006244757200111639e+00
6.562207236429925615e+03 3.047814334979960904e+00
6.562244641818459058e+03 3.012862335725603469e+00
6.562282047206993411e+03 2.941187435921334803e+00
6.562319352581119347e+03 2.855065709758598302e+00
6.562356757969652790e+03 2.741728026843135435e+00
6.562394163358187143e+03 2.615994034858793782e+00
6.562431468732313078e+03 2.510578805107652300e+00
6.562468874120847431e+03 2.400782924783297467e+00
6.562506279509380875e+03 2.312517475999626981e+00
6.562543584883507719e+03 2.241588218846117808e+00
6.562580990272041163e+03 2.157330599310280483e+00
6.562618295646167098e+03 2.083325566222387959e+00
6.562655701034701451e+03 2.009040917140460625e+00
6.562693006408827387e+03 1.943051542548233757e+00
6.562730411797361739e+03 1.881722434523254828e+00
6.562767717171487675e+03 1.820952558486345518e+00
6.562805122560021118e+03 1.751141765308975584e+00
6.562842427934147054e+03 1.676297884238978408e+00
6.562879833322681407e+03 1.611799794948270970e+00
6.562917138696807342e+03 1.534346164600615126e+00
6.562954544085341695e+03 1.469288843321838067e+00
6.562991849459467630e+03 1.407773324634169043e+00
6.563029154833593566e+03 1.354739491098890802e+00
6.563066560222127919e+03 1.314008761301146411e+00
6.563103865596253854e+03 1.291732687109702571e+00
6.563141270984788207e+03 1.284369465933451471e+00
6.563178576358914142e+03 1.300773604250163196e+00
6.563215881733040078e+03 1.333115854226861741e+00
6.563253187107166013e+03 1.389505079690558365e+00
6.563290592495700366e+03 1.433684406748066076e+00
6.563327897869826302e+03 1.494361077453630449e+00
6.563365203243952237e+03 1.539565663155932462e+00
6.563402508618078173e+03 1.614689160219964670e+00
6.563439914006612526e+03 1.688228166651132511e+00
6.563477219380738461e+03 1.766986671637617690e+00
6.563514524754864397e+03 1.826451673035697665e+00
6.563551830128990332e+03 1.858887128343741368e+00
6.563589135503116268e+03 1.868953304128996074e+00
6.563626440877242203e+03 1.865318296206543103e+00
6.563663846265776556e+03 1.835772206170192877e+00
6.563701151639902491e+03 1.784695684593158749e+00
6.563738457014028427e+03 1.712834374126199988e+00
6.563775762388155272e+03 1.641811911641345878e+00
6.563813067762281207e+03 1.550750302917326851e+00
6.563850373136407143e+03 1.457265355578339028e+00
6.563887678510533078e+03 1.363314381582626522e+00
6.563924983884659014e+03 1.285860751234970678e+00
6.563962289258784949e+03 1.219871376642744032e+00
6.563999594632910885e+03 1.162922919190977789e+00
6.564036900007037730e+03 1.124335912014167160e+00
6.564074205381163665e+03 1.091341224718053837e+00
6.564111510755289601e+03 1.079038120980519988e+00
6.564148816129415536e+03 1.062354366669773453e+00
6.564186021489134873e+03 1.058998974741355292e+00
6.564223326863260809e+03 1.063193214651878105e+00
6.564260632237386744e+03 1.074005033087892524e+00
6.564297937611512680e+03 1.089197502097119852e+00
6.564335242985638615e+03 1.092925715350917981e+00
6.564372548359764551e+03 1.077733246341690654e+00
6.564409753719482978e+03 1.045857023021716792e+00
6.564447059093608914e+03 1.021623636872029062e+00
6.564484364467734849e+03 1.009320533134495212e+00
6.564521669841860785e+03 1.014912853015192518e+00
6.564558875201580122e+03 1.014633237021157708e+00
6.564596180575706057e+03 1.024513002143722540e+00
6.564633485949831993e+03 1.022928511510858396e+00
6.564670791323957928e+03 1.026656724764656525e+00
6.564707996683676356e+03 1.029080063379625321e+00
6.564745302057802292e+03 1.034299561934942657e+00
6.564782507417519810e+03 1.037934569857395850e+00
6.564819812791646655e+03 1.046695871003821443e+00
6.564857118165772590e+03 1.055177556156212226e+00
6.564894323525491018e+03 1.059278590735390102e+00
6.564931628899616953e+03 1.048932798956100365e+00
6.564968834259335381e+03 1.037002516543946262e+00
6.565006139633461316e+03 1.039425855158915057e+00
6.565043344993179744e+03 1.041383167117159170e+00
6.565080650367305680e+03 1.016870164973436408e+00
6.565117855727024107e+03 9.979494827104110621e-01
6.565155161101150043e+03 1.008202069158355751e+00
6.565192366460868470e+03 1.059558206729424912e+00
6.565229671834994406e+03 1.116972690837915838e+00
6.565266877194712833e+03 1.143629415602572363e+00
6.565304182568838769e+03 1.121539752073818619e+00
6.565341387928557197e+03 1.087240190138875962e+00
6.565378593288275624e+03 1.044645353714232394e+00
6.565415898662401560e+03 1.008295274489700910e+00
6.565453104022119987e+03 9.854599683101873397e-01
6.565490309381837505e+03 9.738093018920682686e-01
6.565527614755963441e+03 9.821977817131140043e-01
6.565564820115682778e+03 1.004939882561282527e+00
6.565602025475400296e+03 1.019945940907819981e+00
6.565639230835118724e+03 1.040451113803709582e+00
6.565676536209244659e+03 1.044552148382887458e+00
6.565713741568963997e+03 1.027681983409451050e+00
6.565750946928681515e+03 1.014446826358467613e+00
6.565788152288399942e+03 9.872308696057414679e-01
6.565825357648117460e+03 9.756734085189673333e-01
6.565862663022243396e+03 9.711995526144094892e-01
6.565899868381962733e+03 9.838754776773231958e-01
6.565937073741680251e+03 1.000000000000000000e+00
6.565974279101398679e+03 1.025724671451206937e+00
6.566011484461116197e+03 1.048373566968030524e+00
6.566048689820835534e+03 1.070183614502749458e+00
6.566085895180553962e+03 1.081181843601453973e+00
6.566123100540271480e+03 1.089104296765774915e+00
6.566160305899990817e+03 1.100288936527169303e+00
6.566197511259708335e+03 1.102991891136172908e+00
6.566234716619426763e+03 1.114549352222947043e+00
6.566271921979144281e+03 1.118557181470780204e+00
6.566309127338863618e+03 1.115947432193121536e+00
6.566346332698581136e+03 1.118370770808090331e+00
6.566383538058299564e+03 1.112498834933358216e+00
6.566420743418017082e+03 1.103364712461552877e+00
6.566457948777736419e+03 1.077826451673035590e+00
6.566495154137454847e+03 1.053779476186037733e+00
6.566532359497172365e+03 1.009972970453909991e+00
6.566569464842483285e+03 9.607605555037748157e-01
6.566606670202201713e+03 9.019479914251095076e-01
6.566643875561919231e+03 8.711902320812749956e-01
6.566681080921637658e+03 8.433218380091340727e-01
6.566718286281356086e+03 8.396868300866809909e-01
6.566755391626666096e+03 8.552521204212880646e-01
6.566792596986385433e+03 8.863827010905023229e-01
6.566829802346102952e+03 9.318669027868393684e-01
6.566867007705821379e+03 9.885357442445708021e-01
6.566904113051132299e+03 1.050144468263584763e+00
6.566941318410849817e+03 1.106160872401901418e+00
6.566978523770568245e+03 1.156584956659520991e+00
6.567015629115879165e+03 1.184173734737626882e+00
6.567052834475596683e+03 1.206170192935035912e+00
6.567090039835315110e+03 1.203094417000652339e+00
6.567127145180626030e+03 1.195078758504986460e+00
6.567164350540343548e+03 1.181936806785348182e+00
6.567201455885653559e+03 1.158449063286419944e+00
6.567238661245372896e+03 1.137105042408425692e+00
6.567275766590682906e+03 1.112685245596048089e+00
6.567312971950400424e+03 1.100195731195824367e+00
6.567350077295711344e+03 1.083232360891043022e+00
6.567387282655429772e+03 1.075216702395376922e+00
6.567424388000740691e+03 1.069997203840059585e+00
6.567461593360458210e+03 1.074937086401342112e+00
6.567498698705768220e+03 1.084910056855252103e+00
6.567535904065487557e+03 1.108584211016870213e+00
6.567573009410797567e+03 1.134122471805387278e+00
6.567610214770515086e+03 1.156957777984900737e+00
6.567647320115826005e+03 1.171591015006058445e+00
6.567684425461136016e+03 1.181470780128623277e+00
6.567721630820855353e+03 1.176810513561375782e+00
6.567758736166165363e+03 1.174014353621027018e+00
6.567795841511476283e+03 1.166930748438810728e+00
6.567833046871193801e+03 1.168794855065709681e+00
6.567870152216503811e+03 1.162736508528287915e+00
6.567907257561814731e+03 1.160219964581974184e+00
6.567944362907124741e+03 1.166185105788051013e+00
6.567981568266844079e+03 1.164320999161152059e+00
6.568018673612154089e+03 1.175132817597166479e+00
6.568055778957465009e+03 1.180445521483828974e+00
6.568092884302775019e+03 1.184173734737626882e+00
6.568129989648085939e+03 1.196849659800540699e+00
6.568167094993395040e+03 1.209432379532109136e+00
6.568204300353113467e+03 1.210457638176903661e+00
6.568241405698424387e+03 1.215024699412806442e+00
6.568278511043734397e+03 1.204958523627551514e+00
6.568315616389045317e+03 1.189206822630254345e+00
6.568352721734355327e+03 1.171311399012023413e+00
6.568389827079666247e+03 1.151831484760928337e+00
6.568426932424976258e+03 1.140833255662223822e+00
6.568464037770287177e+03 1.128809767918725004e+00
6.568501143115597188e+03 1.133749650480007531e+00
6.568538248460908108e+03 1.132910802497902880e+00
6.568575353806218118e+03 1.142697362289122998e+00
6.568612459151528128e+03 1.147730450181750461e+00
6.568649564496838138e+03 1.153415975393792481e+00
6.568686669842149058e+03 1.152670332743032988e+00
6.568723775187459069e+03 1.146239164880231254e+00
6.568760880532769988e+03 1.124801938670892065e+00
6.568797885863672491e+03 1.099356883213719716e+00
6.568834991208983411e+03 1.069344766520645029e+00
6.568872096554293421e+03 1.036443284555876643e+00
6.568909201899603431e+03 1.015751700997296947e+00
6.568946307244913442e+03 9.985087146984807926e-01
6.568983412590224361e+03 9.934756268058533291e-01
6.569020417921127773e+03 9.776307204772113346e-01
6.569057523266437784e+03 9.554478516171125424e-01
6.569094628611748703e+03 9.246900922732780304e-01
6.569131733957058714e+03 8.811632025351849862e-01
6.569168739287961216e+03 8.452791499673781850e-01
6.569205844633271226e+03 8.084630440861216849e-01
6.569242949978582146e+03 7.866529965514027500e-01
6.569279955309483739e+03 7.684779569391368970e-01
6.569317060654794659e+03 7.676391089570323567e-01
6.569354166000104669e+03 7.838568366110540975e-01
6.569391171331008081e+03 8.108863827010904801e-01
6.569428276676318092e+03 8.412713207195451348e-01
6.569465282007220594e+03 8.697921521111007248e-01
6.569502387352531514e+03 9.099636499207754969e-01
6.569539392683434016e+03 9.319601081181843050e-01
6.569576498028744027e+03 9.479914251095162836e-01
6.569613503359646529e+03 9.620654301426041499e-01
6.569650608704956539e+03 9.570323422499766863e-01
6.569687614035859951e+03 9.465001398079969652e-01
6.569724719381169962e+03 9.290707428464908268e-01
6.569761724712072464e+03 9.180725137477864228e-01
6.569798830057383384e+03 9.109889085655699104e-01
6.569835835388284977e+03 9.209618790194799010e-01
6.569872940733595897e+03 9.514400223692794922e-01
6.569909946064499309e+03 9.786559791220057480e-01
6.569946951395400902e+03 9.950601174387174730e-01
6.569984056740711821e+03 1.014633237021157708e+00
6.570021062071613414e+03 1.024140180818342794e+00
6.570058067402516826e+03 1.034019945940907848e+00
6.570095172747827746e+03 1.042408425761953694e+00
6.570132178078729339e+03 1.054525118836797448e+00
6.570169183409631842e+03 1.070183614502749458e+00
6.570206188740535254e+03 1.091993662037468615e+00
6.570243294085845264e+03 1.117718333488675553e+00
6.570280299416747766e+03 1.136639015751701010e+00
6.570317304747650269e+03 1.153788796719172227e+00
6.570354310078552771e+03 1.152856743405722861e+00
6.570391315409455274e+03 1.150899431447478749e+00
6.570428420754766194e+03 1.140180818342809266e+00
6.570465426085667787e+03 1.125454375990306621e+00
6.570502431416571198e+03 1.100941373846584082e+00
6.570539436747473701e+03 1.064870910616087185e+00
6.570576442078376203e+03 1.029359679373660130e+00
6.570613447409278706e+03 9.807997017429397335e-01
6.570650452740181208e+03 9.382048653182961662e-01
6.570687458071084620e+03 9.021344020877993808e-01
6.570724463401986213e+03 8.746388293410383152e-01
6.570761468732888716e+03 8.611240562960201794e-01
6.570798474063792128e+03 8.569298163854972561e-01
6.570835479394693721e+03 8.647590642184732612e-01
6.570872484725596223e+03 8.711902320812749956e-01
6.570909490056499635e+03 8.803243545530804459e-01
6.570946495387402138e+03 8.748252400037281884e-01
6.570983500718303731e+03 8.747320346723832518e-01
6.571020506049207142e+03 8.758504986485227128e-01
6.571057511380109645e+03 8.906701463323701828e-01
6.571094516711012147e+03 9.147171218193680398e-01
6.571131422027506233e+03 9.539565663155932240e-01
6.571168427358409645e+03 9.839686830086681324e-01
6.571205432689312147e+03 1.020598378227234537e+00
6.571242438020213740e+03 1.050983316245689192e+00
6.571279443351117152e+03 1.084630440861217293e+00
6.571316348667612147e+03 1.115201789542361821e+00
6.571353353998514649e+03 1.141672103644328473e+00
6.571390359329417151e+03 1.163482151179047408e+00
6.571427364660319654e+03 1.189206822630254345e+00
6.571464269976813739e+03 1.216515984714325649e+00
6.571501275307717151e+03 1.241495013514773094e+00
6.571538280638619653e+03 1.264703141019666299e+00
6.571575185955114648e+03 1.281759716655792802e+00
6.571612191286016241e+03 1.298163854972504527e+00
6.571649096602511236e+03 1.310280548047348281e+00
6.571686101933413738e+03 1.302917326871096959e+00
6.571723107264317150e+03 1.268897380930189112e+00
6.571760012580811235e+03 1.226861776493615386e+00
6.571797017911713738e+03 1.187342716003355392e+00
6.571833923228208732e+03 1.154534439369931942e+00
6.571870928559111235e+03 1.139435175692049551e+00
6.571907833875606229e+03 1.144375058253332078e+00
6.571944839206508732e+03 1.163482151179047408e+00
6.571981744523003726e+03 1.189766054618324187e+00
6.572018749853905319e+03 1.214185851430701790e+00
6.572055655170400314e+03 1.222294715257712827e+00
6.572092660501302817e+03 1.207288656911175373e+00
6.572129565817797811e+03 1.185571814707801375e+00
6.572166471134292806e+03 1.150246994128064193e+00
6.572203476465194399e+03 1.123403858700717572e+00
6.572240381781689393e+03 1.086867368813496215e+00
6.572277287098184388e+03 1.069624382514679839e+00
6.572314292429086890e+03 1.040544319135054518e+00
6.572351197745581885e+03 1.012675925062913596e+00
6.572388103062076880e+03 9.648615900829526915e-01
6.572425108392979382e+03 8.981265728399664416e-01
6.572462013709474377e+03 8.287818063193214124e-01
6.572498919025968462e+03 7.434057228073446266e-01
6.572535824342462547e+03 6.624102898685805263e-01
6.572572729658957542e+03 5.988442538913225643e-01
6.572609734989860044e+03 5.584863454189579191e-01
6.572646640306355039e+03 5.418025911082113844e-01
6.572683545622850033e+03 5.595116040637524435e-01
6.572720450939345028e+03 5.900829527448969714e-01
6.572757356255839113e+03 6.258737999813589470e-01
6.572794261572334108e+03 6.484294901668375966e-01
6.572831166888829102e+03 6.597073352595768103e-01
6.572868072205324097e+03 6.434896076055550695e-01
6.572905077536225690e+03 6.134774909124801612e-01
6.572941982852720685e+03 5.650107186131047010e-01
6.572978888169215679e+03 5.199925435734924495e-01
6.573015793485709764e+03 5.061049492030944563e-01
6.573052698802204759e+03 5.276353807437785814e-01
6.573089604118699754e+03 5.923198806971758934e-01
6.573126509435194748e+03 6.915835585795507834e-01
6.573163314737281326e+03 8.161990865877528645e-01
6.573200220053776320e+03 9.338242147450833697e-01
6.573237125370270405e+03 1.053593065523347860e+00
6.573274030686765400e+03 1.159008295274489786e+00
6.573310936003260395e+03 1.229285115108584181e+00
6.573347841319755389e+03 1.271227514213812970e+00
6.573384746636250384e+03 1.271879951533227748e+00
6.573421651952744469e+03 1.260695311771833360e+00
6.573458457254831046e+03 1.246341690744710684e+00
6.573495362571326041e+03 1.227141392487650196e+00
6.573532267887821035e+03 1.220430608630813651e+00
6.573569173204316030e+03 1.206822630254450468e+00
6.573605978506402607e+03 1.202255569018547909e+00
6.573642883822897602e+03 1.182775654767452611e+00
6.573679789139391687e+03 1.159567527262559405e+00
6.573716694455886682e+03 1.138503122378599963e+00
6.573753499757973259e+03 1.116879485506570902e+00
6.573790405074468254e+03 1.095255848634541840e+00
6.573827310390963248e+03 1.053220244197968114e+00
6.573864115693049825e+03 9.996271786746201427e-01
6.573901021009544820e+03 9.471525771274117433e-01
6.573937826311631397e+03 8.783670425948364446e-01
6.573974731628126392e+03 8.115388200205051472e-01
6.574011636944621387e+03 7.544039519060490306e-01
6.574048442246707964e+03 7.034206356603597277e-01
6.574085347563202959e+03 6.547674526982943943e-01
6.574122152865289536e+03 6.234504613663901518e-01
6.574159058181783621e+03 6.058346537421940292e-01
6.574195863483871108e+03 6.129182589244104307e-01
6.574232768800365193e+03 6.407866529965513536e-01
6.574269574102452680e+03 6.802125081554665220e-01
6.574306379404539257e+03 7.293317177742566493e-01
6.574343284721034252e+03 7.794761860378414120e-01
6.574380090023120829e+03 8.294342436387361905e-01
6.574416995339614914e+03 8.692329201230309943e-01
6.574453800641702401e+03 9.010159381116600308e-01
6.574490605943789888e+03 9.390437133004008174e-01
6.574527511260284882e+03 9.591760648709105608e-01
6.574564316562371459e+03 9.681237766800261380e-01
6.574601121864458037e+03 9.698014726442352185e-01
6.574638027180953031e+03 9.623450461366390707e-01
6.574674832483039609e+03 9.582440115574610839e-01
6.574711637785126186e+03 9.523720756827290801e-01
6.574748443087212763e+03 9.405349986019200248e-01
6.574785348403707758e+03 9.333581880883586868e-01
6.574822153705794335e+03 8.984061888340012514e-01
6.574858959007881822e+03 8.642930375617485783e-01
6.574895764309968399e+03 8.210457638176903439e-01
6.574932569612055886e+03 7.956007083605182162e-01
6.574969374914142463e+03 7.763072047721130131e-01
6.575006280230637458e+03 7.774256687482523631e-01
6.575043085532724035e+03 8.069717587846024776e-01
6.575079890834810612e+03 8.494733898779009973e-01
6.575116696136897190e+03 8.929070742846491049e-01
6.575153501438984676e+03 9.368067853481218954e-01
6.575190306741071254e+03 9.808929070742846701e-01
6.575227112043158741e+03 1.005312703886662273e+00
6.575263917345245318e+03 1.030664554012489464e+00
6.575300722647331895e+03 1.038120980520085723e+00
6.575337527949418472e+03 1.044552148382887458e+00
6.575374333251505050e+03 1.062913598657843295e+00
6.575411138553593446e+03 1.063938857302637819e+00
6.575447943855680023e+03 1.067107838568366107e+00
6.575484749157766601e+03 1.070649641159474363e+00
6.575521454445444760e+03 1.072420542455028381e+00
6.575558259747532247e+03 1.079410942305899956e+00
6.575595065049619734e+03 1.075682729052101827e+00
6.575631870351706311e+03 1.058719358747320261e+00
6.575668675653792889e+03 1.018454655606300774e+00
6.575705480955879466e+03 9.334513934197036233e-01
6.575742186243558535e+03 8.238419237580389964e-01
6.575778991545646022e+03 7.317550563892254445e-01
6.575815796847732599e+03 6.850591853854040014e-01
6.575852602149819177e+03 7.139528381023394488e-01
6.575889307437498246e+03 7.814334979960854133e-01
6.575926112739584823e+03 8.702581787678255187e-01
6.575962918041672310e+03 9.379252493242613564e-01
6.575999723343759797e+03 9.896542082207102631e-01
6.576036428631437957e+03 1.010811818436014642e+00
6.576073233933524534e+03 1.000652437319414778e+00
6.576109939221204513e+03 9.935688321371982656e-01
6.576146744523291090e+03 9.738093018920682686e-01
6.576183549825377668e+03 9.438903905303382968e-01
6.576220255113056737e+03 9.213347003448597583e-01
6.576257060415144224e+03 8.928138689533041683e-01
6.576293765702823293e+03 8.509646751794203157e-01
6.576330571004909871e+03 8.056668841457731434e-01
6.576367276292588031e+03 7.558020318762233014e-01
6.576404081594675517e+03 7.051915369559138558e-01
6.576440786882354587e+03 6.692142790567620070e-01
6.576477592184441164e+03 6.458197408891788172e-01
6.576514297472121143e+03 6.613850312237860019e-01
6.576551102774207720e+03 6.880417559884425271e-01
6.576587808061886790e+03 7.393046882281666399e-01
6.576624513349564950e+03 7.969055829993475504e-01
6.576661318651652437e+03 8.437878646658588666e-01
6.576698023939331506e+03 8.853574424457079095e-01
6.576734829241418083e+03 8.984061888340012514e-01
6.576771534529098062e+03 8.992450368161059027e-01
6.576808239816776222e+03 8.887128343741261816e-01
6.576845045118862799e+03 8.873147544039519108e-01
6.576881750406541869e+03 8.972877248578619014e-01
6.576918455694221848e+03 9.222667536583092351e-01
6.576955160981900008e+03 9.753937925249324126e-01
6.576991966283986585e+03 1.032901481964768386e+00
6.577028671571666564e+03 1.107092925715351006e+00
6.577065376859344724e+03 1.164600615155186869e+00
6.577102082147024703e+03 1.222108304595022732e+00
6.577138787434703772e+03 1.262839034392767346e+00
6.577175492722381932e+03 1.291080249790288015e+00
6.577212298024468510e+03 1.306086308136825469e+00
6.577249003312148488e+03 1.284183055270761598e+00
6.577285708599827558e+03 1.263677882374871775e+00
6.577322413887506627e+03 1.222201509926367891e+00
6.577359119175185697e+03 1.172243452325473001e+00
6.577395824462863857e+03 1.113524093578152740e+00
6.577432529750543836e+03 1.062261161338428517e+00
6.577469235038221996e+03 1.015378879671917201e+00
6.577505940325901065e+03 9.803336750862149396e-01
6.577542645613581044e+03 9.563799049305620192e-01
6.577579350901259204e+03 9.463137291453070921e-01
6.577616056188939183e+03 9.419330785720942956e-01
6.577652761476617343e+03 9.413738465840245651e-01
6.577689466764296412e+03 9.406282039332649614e-01
6.577726172051976391e+03 9.407214092646098980e-01
6.577762877339654551e+03 9.382980706496412138e-01
6.577799482612926113e+03 9.279522788703513658e-01
6.577836187900605182e+03 9.189113617298909631e-01
6.577872893188283342e+03 9.021344020877993808e-01
6.577909598475963321e+03 9.009227327803149832e-01
6.577946303763641481e+03 8.932798956100288512e-01
6.577982909036913043e+03 8.922546369652344378e-01
6.578019614324592112e+03 8.953304128996179001e-01
6.578056319612272091e+03 9.060490260042874944e-01
6.578093024899950251e+03 9.204026470314101704e-01
6.578129630173221813e+03 9.329853667629788294e-01
6.578166335460900882e+03 9.568459315872868132e-01
6.578203040748579042e+03 9.685898033367508209e-01
6.578239746036259021e+03 9.803336750862149396e-01
6.578276351309529673e+03 9.681237766800261380e-01
6.578313056597208742e+03 9.510672010438997459e-01
6.578349661870479395e+03 9.210550843508248375e-01
