4.849339138929180990e+03 5.391072109881724916e-01
4.849367843113098388e+03 5.589469668065624175e-01
4.849396547297015786e+03 5.772605875619992721e-01
4.849425151466355601e+03 5.867989317054559395e-01
4.849453855650272999e+03 5.948111407859595356e-01
4.849482559834190397e+03 5.913773368943151532e-01
4.849511164003529302e+03 5.669591758870660136e-01
4.849539868187447610e+03 5.604731018695154887e-01
4.849568572371365008e+03 5.673407096528042537e-01
4.849597176540703913e+03 5.642884395268981113e-01
4.849625880724621311e+03 5.494086226631056391e-01
4.849654484893961126e+03 5.696299122472339160e-01
4.849683189077877614e+03 5.555131629149179240e-01
4.849711893261795012e+03 5.555131629149179240e-01
4.849740497431134827e+03 5.455932850057230166e-01
4.849769201615052225e+03 5.532239603204883727e-01
4.849797805784391130e+03 5.391072109881724916e-01
4.849826509968308528e+03 5.467378863029378477e-01
4.849855114137648343e+03 5.349103395650515180e-01
4.849883818321565741e+03 5.440671499427699453e-01
4.849912422490904646e+03 5.555131629149179240e-01
4.849941126674822044e+03 5.379626096909576605e-01
4.849969730844161859e+03 5.612361694009919688e-01
4.849998335013500764e+03 5.658145745898511825e-01
4.850027039197418162e+03 5.749713849675696098e-01
4.850055643366757977e+03 5.654330408241129424e-01
4.850084347550675375e+03 5.745898512018313697e-01
4.850112951720014280e+03 5.669591758870660136e-01
4.850141655903931678e+03 5.841281953452880371e-01
4.850170260073271493e+03 5.696299122472339160e-01
4.850198864242610398e+03 5.742083174360931297e-01
4.850227568426527796e+03 5.547500953834414439e-01
4.850256172595867611e+03 5.406333460511255629e-01
4.850284776765206516e+03 5.566577642121327552e-01
4.850313480949123914e+03 5.276611980160244020e-01
4.850342085118463729e+03 5.524608927890117815e-01
4.850370689287802634e+03 5.490270888973673991e-01
4.850399293457142448e+03 5.433040824112933542e-01
4.850427997641059847e+03 5.578023655093475863e-01
4.850456601810398752e+03 5.501716901945822302e-01
4.850485205979739476e+03 5.627623044639450400e-01
4.850513810149078381e+03 5.585654330408240664e-01
4.850542514332994870e+03 5.715375810759252273e-01
4.850571118502334684e+03 5.791682563906905834e-01
4.850599722671674499e+03 5.619992369324685599e-01
4.850628326841013404e+03 5.715375810759252273e-01
4.850656931010353219e+03 5.745898512018313697e-01
4.850685635194270617e+03 5.997710797405569894e-01
4.850714239363609522e+03 6.066386875238458654e-01
4.850742843532949337e+03 6.047310186951545541e-01
4.850771447702288242e+03 6.310568485310950049e-01
4.850800051871627147e+03 6.199923693246852663e-01
4.850828656040966962e+03 6.360167874856924586e-01
4.850857260210305867e+03 6.375429225486455298e-01
4.850885864379645682e+03 6.463181991606257171e-01
4.850914568563563080e+03 6.329645173597863161e-01
4.850943172732901985e+03 6.219000381533765776e-01
4.850971776902241800e+03 6.173216329645173639e-01
4.851000381071580705e+03 6.039679511636779630e-01
4.851028985240919610e+03 5.860358641739793484e-01
4.851057589410260334e+03 5.654330408241129424e-01
4.851086193579599239e+03 5.684853109500190849e-01
4.851114797748939054e+03 5.509347577260587103e-01
4.851143401918277959e+03 5.776421213277375122e-01
4.851172006087616865e+03 5.749713849675696098e-01
4.851200610256956679e+03 5.944296070202212956e-01
4.851229214426295584e+03 5.742083174360931297e-01
4.851257718581056906e+03 5.806943914536436546e-01
4.851286322750395811e+03 5.929034719572682244e-01
4.851314926919735626e+03 5.723006486074017074e-01
4.851343531089075441e+03 5.532239603204883727e-01
4.851372135258414346e+03 5.307134681419305444e-01
4.851400739427754161e+03 4.891262876764593814e-01
4.851429343597093066e+03 4.463945059137733873e-01
4.851457947766431971e+03 4.120564669973292848e-01
4.851486551935771786e+03 3.399465852727966420e-01
4.851515056090532198e+03 3.178176268599771093e-01
4.851543660259872013e+03 3.021747424647081015e-01
4.851572264429210918e+03 2.754673788630293552e-01
4.851600868598550733e+03 2.949256009156810410e-01
4.851629472767890547e+03 3.113315528424265288e-01
4.851657976922651869e+03 3.445249904616558556e-01
4.851686581091990774e+03 3.807706982067913248e-01
4.851715185261329680e+03 4.299885539870278439e-01
4.851743789430669494e+03 4.834032811903853366e-01
4.851772293585429907e+03 5.207935902327356370e-01
4.851800897754769721e+03 5.494086226631056391e-01
4.851829501924109536e+03 5.623807706982068000e-01
4.851858006078870858e+03 5.814574589851201347e-01
4.851886610248209763e+03 6.012972148035100606e-01
4.851915214417549578e+03 6.199923693246852663e-01
4.851943718572309990e+03 6.230446394505914087e-01
4.851972322741649805e+03 6.417397939717665034e-01
4.852000926910988710e+03 6.085463563525371766e-01
4.852029431065750941e+03 6.272415108737122713e-01
4.852058035235089847e+03 6.268599771079740313e-01
4.852086639404428752e+03 6.100724914154902478e-01
4.852115143559190074e+03 6.238077069820678888e-01
4.852143747728528979e+03 6.146508966043494615e-01
4.852172251883290301e+03 5.982449446776039181e-01
4.852200856052630115e+03 6.108355589469668390e-01
4.852229360207391437e+03 6.077832888210606965e-01
4.852257964376730342e+03 6.165585654330407728e-01
4.852286468531491664e+03 6.360167874856924586e-01
4.852315072700831479e+03 6.600534147272033580e-01
4.852343576855592801e+03 6.734070965280427590e-01
4.852372181024932615e+03 6.962991224723388273e-01
4.852400685179693028e+03 6.798931705455932839e-01
4.852429289349032842e+03 6.825639069057611863e-01
4.852457793503793255e+03 6.837085082029760175e-01
4.852486397673133069e+03 6.711178939336130966e-01
4.852514901827894391e+03 6.505150705837466907e-01
4.852543505997234206e+03 6.459366653948874770e-01
4.852572010151994618e+03 6.341091186570011473e-01
4.852600514306755940e+03 6.222815719191148176e-01
4.852629118476094845e+03 6.211369706218999864e-01
4.852657622630857077e+03 6.283861121709271025e-01
4.852686126785617489e+03 6.081648225867989366e-01
4.852714730954957304e+03 6.081648225867989366e-01
4.852743235109717716e+03 6.169400991987791238e-01
4.852771739264479947e+03 6.413582602060282634e-01
4.852800343433818853e+03 6.425028615032429835e-01
4.852828847588580174e+03 6.325829835940480761e-01
4.852857351743341496e+03 6.352537199542159785e-01
4.852885955912680402e+03 6.363983212514306986e-01
4.852914460067442633e+03 6.547119420068675533e-01
4.852942964222203045e+03 6.646318199160625717e-01
4.852971468376964367e+03 6.814193056085463551e-01
4.853000072546303272e+03 6.776039679511637326e-01
4.853028576701064594e+03 6.928653185806944448e-01
4.853057080855826825e+03 7.001144601297214498e-01
4.853085585010587238e+03 6.894315146890499513e-01
4.853114089165348560e+03 6.955360549408622362e-01
4.853142693334687465e+03 6.989698588325067297e-01
4.853171197489449696e+03 7.012590614269362810e-01
4.853199701644210108e+03 7.020221289584128721e-01
4.853228205798971430e+03 6.970621900038153074e-01
4.853256709953732752e+03 6.829454406714994263e-01
4.853285214108494074e+03 6.856161770316673287e-01
4.853313718263255396e+03 6.940099198779091649e-01
4.853342222418015808e+03 6.955360549408622362e-01
4.853370726572778040e+03 6.959175887066005872e-01
4.853399330742116945e+03 7.004959938954598009e-01
4.853427834896878267e+03 6.901945822205265424e-01
4.853456339051639588e+03 6.798931705455932839e-01
4.853484843206400910e+03 6.631056848531095005e-01
4.853513347361162232e+03 6.531858069439144820e-01
4.853541851515923554e+03 6.505150705837466907e-01
4.853570355670683966e+03 6.264784433422357912e-01
4.853598859825446198e+03 6.337275848912629073e-01
4.853627363980206610e+03 6.287676459366653425e-01
4.853655868134967932e+03 6.325829835940480761e-01
4.853684372289729254e+03 6.581457458985120468e-01
4.853712776429912083e+03 6.890499809233117112e-01
4.853741280584673405e+03 7.142312094620374419e-01
4.853769784739435636e+03 7.382678367035482303e-01
4.853798288894196048e+03 7.630675314765357209e-01
4.853826793048957370e+03 7.996947729874094302e-01
4.853855297203718692e+03 8.206791301030140762e-01
4.853883801358480014e+03 8.019839755818389815e-01
4.853912305513241336e+03 8.328882106066386459e-01
4.853940809668001748e+03 8.122853872567722400e-01
4.853969213808185486e+03 7.993132392216710791e-01
4.853997717962946808e+03 7.989317054559328390e-01
4.854026222117707221e+03 7.645936665394887921e-01
4.854054726272468542e+03 7.439908431896222751e-01
4.854083230427230774e+03 7.092712705074398771e-01
4.854111634567413603e+03 6.997329263639832098e-01
4.854140138722174925e+03 6.882869133918352311e-01
4.854168642876936246e+03 6.714994276993514477e-01
4.854197147031696659e+03 6.814193056085463551e-01
4.854225551171880397e+03 7.050743990843190145e-01
4.854254055326641719e+03 7.451354444868371063e-01
4.854282559481402131e+03 7.466615795497901775e-01
4.854310963621585870e+03 7.581075925219381562e-01
4.854339467776347192e+03 7.600152613506295785e-01
4.854367971931108514e+03 7.672644028996565835e-01
4.854396376071291343e+03 7.695536054940862458e-01
4.854424880226052665e+03 7.817626859977108156e-01
4.854453384380813986e+03 7.684090041968714146e-01
4.854481788520996815e+03 7.623044639450591298e-01
4.854510292675758137e+03 7.279664250286150828e-01
4.854538796830519459e+03 7.424647081266692039e-01
4.854567200970703198e+03 7.199542159481113757e-01
4.854595705125463610e+03 7.333078977489507766e-01
4.854624109265646439e+03 7.413201068294543727e-01
4.854652613420408670e+03 7.302556276230446342e-01
4.854681017560590590e+03 7.146127432277756819e-01
4.854709521715352821e+03 7.294925600915681541e-01
4.854737925855535650e+03 7.119420068676077795e-01
4.854766430010296062e+03 7.161388782907287531e-01
4.854794834150479801e+03 7.210988172453262068e-01
4.854823338305241123e+03 7.382678367035482303e-01
4.854851742445424861e+03 7.722243418542541482e-01
4.854880246600185274e+03 7.832888210606638868e-01
4.854908650740368103e+03 8.042731781762686438e-01
4.854937154895130334e+03 8.447157573445249756e-01
4.854965559035313163e+03 8.565433040824113053e-01
4.854994063190073575e+03 8.504387638305990205e-01
4.855022467330257314e+03 8.134299885539870711e-01
4.855050871470440143e+03 8.164822586798932136e-01
4.855079375625202374e+03 7.909194963754292429e-01
4.855107779765384294e+03 7.527661198016024624e-01
4.855136183905567123e+03 7.405570392979778926e-01
4.855164688060329354e+03 6.985883250667683786e-01
4.855193092200512183e+03 6.673025562762304741e-01
4.855221496340695921e+03 6.898130484547883023e-01
4.855250000495456334e+03 6.718809614650896878e-01
4.855278404635639163e+03 6.722624952308279278e-01
4.855306808775822901e+03 6.802747043113315240e-01
4.855335312930583314e+03 7.218618847768027980e-01
4.855363717070767052e+03 7.352155665776420879e-01
4.855392121210949881e+03 7.680274704311331746e-01
4.855420525351133620e+03 7.855780236550934381e-01
4.855448929491316449e+03 8.126669210225104800e-01
4.855477433646076861e+03 8.069439145364364352e-01
4.855505837786260599e+03 8.271652041205647121e-01
4.855534241926443428e+03 8.355589469668065483e-01
4.855562646066627167e+03 8.336512781381152370e-01
4.855591050206809996e+03 8.202975963372758361e-01
4.855619554361571318e+03 8.176268599771079337e-01
4.855647958501754147e+03 7.806180847004959844e-01
4.855676362641937885e+03 7.573445249904616761e-01
4.855704766782120714e+03 7.680274704311331746e-01
4.855733170922304453e+03 7.542922548645555336e-01
4.855761575062487282e+03 7.386493704692865814e-01
4.855789979202669201e+03 7.161388782907287531e-01
4.855818383342852940e+03 7.329263639832125365e-01
4.855846787483035769e+03 7.172834795879435843e-01
4.855875191623219507e+03 6.962991224723388273e-01
4.855903595763402336e+03 7.123235406333460196e-01
4.855931999903586075e+03 7.138496756962990908e-01
4.855960504058346487e+03 7.283479587943533229e-01
4.855988908198530225e+03 7.626859977107973698e-01
4.856017312338713054e+03 8.046547119420068839e-01
4.856045616464318300e+03 8.119038534910339999e-01
4.856074020604501129e+03 8.542541014879816430e-01
4.856102424744684868e+03 8.084700495993895064e-01
4.856130828884867697e+03 8.367035482640213795e-01
4.856159233025050526e+03 8.038916444105302928e-01
4.856187637165233355e+03 7.886302937809995806e-01
4.856216041305417093e+03 8.176268599771079337e-01
4.856244445445599922e+03 8.161007249141548625e-01
4.856272849585783661e+03 8.225867989317054985e-01
4.856301253725966490e+03 8.367035482640213795e-01
4.856329657866149319e+03 8.180083937428462848e-01
4.856357961991753655e+03 8.202975963372758361e-01
4.856386366131937393e+03 8.038916444105302928e-01
4.856414770272120222e+03 7.943533002670736254e-01
4.856443174412303961e+03 7.699351392598244859e-01
4.856471578552486790e+03 7.882487600152613405e-01
4.856499982692670528e+03 7.623044639450591298e-01
4.856528286818274864e+03 7.722243418542541482e-01
4.856556690958458603e+03 7.619229301793208897e-01
4.856585095098640522e+03 7.649752003052270322e-01
4.856613499238824261e+03 7.729874093857306283e-01
4.856641803364428597e+03 7.798550171690195043e-01
4.856670207504612335e+03 7.642121327737504410e-01
4.856698611644795164e+03 7.882487600152613405e-01
4.856726915770400410e+03 7.905379626096910028e-01
4.856755319910584149e+03 7.974055703929797678e-01
4.856783724050766978e+03 7.893933613124761717e-01
4.856812028176372223e+03 8.168637924456314536e-01
4.856840432316555052e+03 8.233498664631819786e-01
4.856868836456737881e+03 8.687523845860358751e-01
4.856897140582342217e+03 8.927890118275467746e-01
4.856925544722525956e+03 9.088134299885539669e-01
4.856953948862708785e+03 9.008012209080503707e-01
4.856982252988314031e+03 9.004196871423121307e-01
4.857010657128496860e+03 8.985120183136207084e-01
4.857038961254102105e+03 9.042350247996947532e-01
4.857067365394285844e+03 8.805799313239222048e-01
4.857095669519890180e+03 8.775276611980160624e-01
4.857124073660073918e+03 8.454788248760015668e-01
4.857152377785678254e+03 8.328882106066386459e-01
4.857180781925861993e+03 8.103777184280809287e-01
4.857209086051467239e+03 7.951163677985502165e-01
4.857237490191650068e+03 7.905379626096910028e-01
4.857265794317255313e+03 7.729874093857306283e-01
4.857294198457438142e+03 7.741320106829454595e-01
4.857322502583043388e+03 8.130484547882487201e-01
4.857350906723225307e+03 8.450972911102632157e-01
4.857379210848831462e+03 8.657001144601297327e-01
4.857407614989014291e+03 9.282716520412056527e-01
4.857435919114618628e+03 9.740557039297977893e-01
4.857464223240223873e+03 1.004196871423120863e+00
4.857492627380406702e+03 1.016405951926745432e+00
4.857520931506011948e+03 1.011446012972148090e+00
4.857549235631617194e+03 1.004959938954597565e+00
4.857577639771800023e+03 9.992369324685234089e-01
4.857605943897405268e+03 9.679511636779855044e-01
4.857634248023010514e+03 9.511636779855017210e-01
4.857662652163193343e+03 9.454406714994276761e-01
4.857690956288798589e+03 8.996566196108355395e-01
4.857719260414402925e+03 8.557802365509347142e-01
4.857747664554586663e+03 7.932086989698587942e-01
4.857775968680191909e+03 7.569629912247234360e-01
4.857804272805796245e+03 7.386493704692865814e-01
4.857832576931401491e+03 7.409385730637161327e-01
4.857860981071584320e+03 7.260587561999236605e-01
4.857889285197189565e+03 7.245326211369705893e-01
4.857917589322794811e+03 7.119420068676077795e-01
4.857945893448399147e+03 7.378863029378099903e-01
4.857974197574004393e+03 7.394124380007630615e-01
4.858002601714188131e+03 7.497138496756963200e-01
4.858030905839792467e+03 7.428462418924074440e-01
4.858059209965397713e+03 7.325448302174742965e-01
4.858087514091002959e+03 7.252956886684471804e-01
4.858115818216608204e+03 7.340709652804273677e-01
4.858144122342213450e+03 7.050743990843190145e-01
4.858172426467818696e+03 7.111789393361312994e-01
4.858200730593423032e+03 7.153758107592521620e-01
4.858229034719028277e+03 7.409385730637161327e-01
4.858257438859211106e+03 7.218618847768027980e-01
4.858285742984816352e+03 7.359786341091186790e-01
4.858314047110421598e+03 7.199542159481113757e-01
4.858342351236025934e+03 7.317817626859977054e-01
4.858370655361631179e+03 7.424647081266692039e-01
4.858398959487236425e+03 7.191911484166348956e-01
4.858427263612841671e+03 7.428462418924074440e-01
4.858455567738446007e+03 7.508584509729111511e-01
4.858483871864051252e+03 7.699351392598244859e-01
4.858512175989656498e+03 7.520030522701258713e-01
4.858540380100682341e+03 7.691720717283480058e-01
4.858568684226288497e+03 7.871041587180465093e-01
4.858596988351893742e+03 7.924456314383823141e-01
4.858625292477498078e+03 7.817626859977108156e-01
4.858653596603103324e+03 8.054177794734833640e-01
4.858681900728708570e+03 8.283098054177794323e-01
4.858710204854312906e+03 8.389927508584509308e-01
4.858738508979918151e+03 8.801983975581838537e-01
4.858766813105523397e+03 9.152995040061044918e-01
4.858795017216550150e+03 9.065242273941244155e-01
4.858823321342154486e+03 9.145364364746280117e-01
4.858851625467759732e+03 9.061426936283860645e-01
4.858879929593364977e+03 9.046165585654329933e-01
4.858908233718969313e+03 9.011827546737886108e-01
4.858936437829996976e+03 8.767645936665394713e-01
4.858964741955602221e+03 8.885921404044258010e-01
4.858993046081207467e+03 8.840137352155665873e-01
4.859021350206811803e+03 8.786722624952307825e-01
4.859049554317838556e+03 8.657001144601297327e-01
4.859077858443443802e+03 8.367035482640213795e-01
4.859106162569049047e+03 8.080885158336512664e-01
4.859134466694653383e+03 7.825257535291872957e-01
4.859162670805681046e+03 7.523845860358642224e-01
4.859190974931286291e+03 7.355971003433804389e-01
4.859219279056890628e+03 7.478061808470050087e-01
4.859247483167917380e+03 7.581075925219381562e-01
4.859275787293522626e+03 7.687905379626096547e-01
4.859303991404549379e+03 7.928271652041205542e-01
4.859332295530154624e+03 8.378481495612362107e-01
4.859360599655759870e+03 8.500572300648607804e-01
4.859388803766786623e+03 8.721861884776802576e-01
4.859417107892391869e+03 9.229301793208698479e-01
4.859445312003418621e+03 9.370469286531858399e-01
4.859473616129022957e+03 9.492560091568104097e-01
4.859501820240050620e+03 9.526898130484547922e-01
4.859530124365655865e+03 9.427699351392597737e-01
4.859558328476682618e+03 9.706219000381534068e-01
4.859586632602286954e+03 9.481114078595955785e-01
4.859614836713313707e+03 9.362838611217092488e-01
4.859643140838918953e+03 9.000381533765737796e-01
4.859671344949946615e+03 8.904998092331171122e-01
4.859699649075551861e+03 8.840137352155665873e-01
4.859727853186577704e+03 8.851583365127814185e-01
4.859756157312182950e+03 8.569248378481495454e-01
4.859784361423209702e+03 8.668447157573445638e-01
4.859812665548814948e+03 8.481495612361693581e-01
4.859840869659842610e+03 8.309805417779473347e-01
4.859869073770868454e+03 8.260206028233498809e-01
4.859897377896473699e+03 8.096146508966043376e-01
4.859925582007500452e+03 7.817626859977108156e-01
4.859953786118527205e+03 7.714612743227775571e-01
4.859982090244133360e+03 7.748950782144219396e-01
4.860010294355159203e+03 7.779473483403280820e-01
4.860038498466185956e+03 7.901564288439526518e-01
4.860066802591791202e+03 8.550171690194582341e-01
4.860095006702817955e+03 8.409004196871423531e-01
4.860123210813845617e+03 8.973674170164059882e-01
4.860151514939449953e+03 9.423884013735215337e-01
4.860179719050476706e+03 9.740557039297977893e-01
4.860207923161503459e+03 9.702403662724150557e-01
4.860236127272531121e+03 1.002670736360167902e+00
4.860264431398136367e+03 1.020984357115604757e+00
4.860292635509163119e+03 1.014498283098054232e+00
4.860320839620188963e+03 1.025944296070202322e+00
4.860349043731216625e+03 1.043494849294162474e+00
4.860377247842243378e+03 1.039679511636779852e+00
4.860405451953270131e+03 1.051888592140404421e+00
4.860433756078875376e+03 1.035864173979397229e+00
4.860461960189902129e+03 1.053796260969095844e+00
4.860490164300929791e+03 1.059900801220908129e+00
4.860518368411955635e+03 1.037008775276611949e+00
4.860546572522982387e+03 1.048836322014498279e+00
4.860574776634010050e+03 1.049599389545974759e+00
4.860602980745036803e+03 1.092712705074398993e+00
4.860631184856063555e+03 1.098435711560473038e+00
4.860659388967090308e+03 1.067531476535673374e+00
4.860687593078117970e+03 1.105684853109500265e+00
4.860715797189144723e+03 1.093475772605875695e+00
4.860744001300170567e+03 1.108737123235406408e+00
4.860772205411198229e+03 1.122472338801983938e+00
4.860800409522224982e+03 1.149179702403662739e+00
4.860828613633251734e+03 1.188477680274704351e+00
4.860856817744278487e+03 1.256009156810377725e+00
4.860885021855306150e+03 1.368180083937428515e+00
4.860913225966332902e+03 1.478443342235787883e+00
4.860941430077359655e+03 1.593666539488744816e+00
4.860969634188386408e+03 1.787867226249522989e+00
4.860997838299413161e+03 2.012209080503624570e+00
4.861026042410439914e+03 2.256390690576115965e+00
4.861054246521466666e+03 2.529187333078977584e+00
4.861082450632494329e+03 2.737886302937809990e+00
4.861110654743521081e+03 2.902708889736741682e+00
4.861138758839969341e+03 2.996566196108355395e+00
4.861166962950997004e+03 2.941243800076306592e+00
4.861195167062023756e+03 2.882106066386875387e+00
4.861223371173050509e+03 2.720717283479587856e+00
4.861251575284077262e+03 2.553223960320488484e+00
4.861279679380525522e+03 2.463563525371995411e+00
4.861307883491552275e+03 2.396032048836322037e+00
4.861336087602579937e+03 2.346814193056085518e+00
4.861364291713606690e+03 2.288439526898130350e+00
4.861392495824633443e+03 2.272415108737123379e+00
4.861420599921082612e+03 2.165204120564669932e+00
4.861448804032109365e+03 2.078595955742083223e+00
4.861477008143136118e+03 1.967569629912247153e+00
4.861505112239585287e+03 1.884395268981304827e+00
4.861533316350612040e+03 1.803128576879053702e+00
4.861561520461638793e+03 1.755818389927508605e+00
4.861589624558087962e+03 1.665394887447539052e+00
4.861617828669114715e+03 1.649752003052270100e+00
4.861646032780140558e+03 1.624189240747806240e+00
4.861674136876590637e+03 1.597100343380389198e+00
4.861702340987616481e+03 1.580694391453643544e+00
4.861730545098644143e+03 1.576115986264784441e+00
4.861758649195092403e+03 1.601297214803510061e+00
4.861786853306119156e+03 1.598244944677603918e+00
4.861814957402568325e+03 1.589851201831361971e+00
4.861843161513595078e+03 1.538344143456696012e+00
4.861871265610044247e+03 1.532621136970621967e+00
4.861899469721071000e+03 1.425410148798168741e+00
4.861927573817519260e+03 1.379244563143838143e+00
4.861955777928546922e+03 1.355589469668065705e+00
4.861983882024995182e+03 1.286913391835177389e+00
4.862012086136021935e+03 1.283479587943533007e+00
4.862040190232471105e+03 1.244181610072491395e+00
4.862068394343497857e+03 1.212895841281953491e+00
4.862096498439947027e+03 1.227012590614269261e+00
4.862124702550973780e+03 1.219763449065242256e+00
4.862152806647422949e+03 1.234643265929034728e+00
4.862180910743871209e+03 1.215185043876383153e+00
4.862209114854897962e+03 1.167874856924837834e+00
4.862237218951347131e+03 1.160244181610072589e+00
4.862265423062373884e+03 1.120564669973292737e+00
4.862293527158823053e+03 1.081266692102251126e+00
4.862321631255271313e+03 1.042731781762685994e+00
4.862349835366298066e+03 1.015642884395268952e+00
4.862377939462747236e+03 1.000000000000000000e+00
4.862406043559195496e+03 9.687142312094619845e-01
4.862434247670223158e+03 9.896985883250667415e-01
4.862462351766671418e+03 1.004959938954597565e+00
4.862490455863120587e+03 9.793971766501334830e-01
4.862518559959568847e+03 1.012209080503624570e+00
4.862546764070596510e+03 1.046928653185806857e+00
4.862574868167044770e+03 1.060663868752384609e+00
4.862602972263493939e+03 1.067531476535673374e+00
4.862631076359942199e+03 1.053796260969095844e+00
4.862659280470968952e+03 1.082411293399465846e+00
4.862687384567418121e+03 1.082029759633727606e+00
4.862715488663866381e+03 1.080503624570774424e+00
4.862743592760315551e+03 1.041205646699733034e+00
4.862771696856763811e+03 1.069820679130103036e+00
4.862799800953213889e+03 1.047310186951545319e+00
4.862828005064239733e+03 1.059900801220908129e+00
4.862856109160689812e+03 1.064097672644028991e+00
4.862884213257138072e+03 1.074780618084700601e+00
4.862912317353587241e+03 1.071728347958794458e+00
4.862940421450035501e+03 1.041205646699733034e+00
4.862968525546484670e+03 1.035482640213658989e+00
4.862996629642932930e+03 1.004196871423120863e+00
4.863024733739382100e+03 9.973292636398320976e-01
4.863052837835830360e+03 9.484929416253338186e-01
4.863080941932279529e+03 9.420068676077832936e-01
4.863109046028727789e+03 9.149179702403662517e-01
4.863137150125176959e+03 8.992750858450972995e-01
4.863165254221625219e+03 8.843952689813048273e-01
4.863193358318074388e+03 9.019458222052652019e-01
4.863221462414522648e+03 8.920259442960701834e-01
4.863249566510972727e+03 9.236932468523464390e-01
4.863277670607420987e+03 9.301793208698969639e-01
4.863305774703870156e+03 9.416253338420450536e-01
4.863333878800318416e+03 9.397176650133536313e-01
4.863361982896767586e+03 9.309423884013735551e-01
4.863390086993215846e+03 9.580312857687904859e-01
4.863418191089665015e+03 9.690957649752003356e-01
4.863446295186113275e+03 9.725295688668447180e-01
4.863474299267983952e+03 9.561236169400991747e-01
4.863502403364433121e+03 9.690957649752003356e-01
4.863530507460882291e+03 9.885539870278519103e-01
4.863558611557331460e+03 9.904616558565433326e-01
4.863586715653779720e+03 9.877909194963754302e-01
4.863614819750228889e+03 1.006867607783288765e+00
4.863642823832098657e+03 1.009538344143456667e+00
4.863670927928547826e+03 1.033193437619229327e+00
4.863699032024996086e+03 1.039297977871041612e+00
4.863727136121445255e+03 1.051507058374666181e+00
4.863755140203316842e+03 1.053414727203357604e+00
4.863783244299765101e+03 1.049980923311712999e+00
4.863811348396214271e+03 1.083174360930942326e+00
4.863839352478084038e+03 1.080885158336512886e+00
4.863867456574533207e+03 1.043876383059900714e+00
4.863895560670981467e+03 1.031285768790537904e+00
4.863923664767430637e+03 1.020984357115604757e+00
4.863951668849300404e+03 1.020984357115604757e+00
4.863979772945750483e+03 1.006867607783288765e+00
4.864007777027621160e+03 1.012209080503624570e+00
4.864035881124069419e+03 1.011827546737886330e+00
4.864063985220518589e+03 1.007249141549027005e+00
4.864091989302388356e+03 1.019076688286913335e+00
4.864120093398837525e+03 1.032811903853491087e+00
4.864148097480709112e+03 1.038153376573826892e+00
4.864176201577157372e+03 1.052270125906142662e+00
4.864204305673606541e+03 1.037390309042350189e+00
4.864232309755476308e+03 1.018313620755436855e+00
4.864260413851925478e+03 1.010301411674933147e+00
4.864288417933796154e+03 9.969477298740938576e-01
4.864316522030244414e+03 1.010682945440671610e+00
4.864344526112116000e+03 1.009538344143456667e+00
4.864372630208564260e+03 1.048836322014498279e+00
4.864400634290434937e+03 1.127813811522319742e+00
4.864428638372305613e+03 1.160244181610072589e+00
4.864456742468753873e+03 1.185425410148798209e+00
4.864484746550625459e+03 1.195345288057993116e+00
4.864512850647074629e+03 1.176650133536818021e+00
4.864540854728944396e+03 1.180083937428462404e+00
4.864568958825393565e+03 1.147272033574971317e+00
4.864596962907264242e+03 1.074017550553223899e+00
4.864624966989134919e+03 1.000000000000000000e+00
4.864653071085584088e+03 9.183517741320106342e-01
4.864681075167454765e+03 8.344143456695917171e-01
4.864709079249324532e+03 7.371232354063335102e-01
4.864737183345773701e+03 6.531858069439144820e-01
4.864765187427644378e+03 6.035864173979397229e-01
4.864793191509515054e+03 5.726821823731400585e-01
4.864821295605964224e+03 5.581838992750858264e-01
4.864849299687833991e+03 5.600915681037771376e-01
4.864877303769704668e+03 5.974818771461274380e-01
4.864905307851576254e+03 6.341091186570011473e-01
4.864933411948024514e+03 7.050743990843190145e-01
4.864961416029895190e+03 7.733689431514688684e-01
4.864989420111765867e+03 8.325066768409004059e-01
4.865017424193637453e+03 9.160625715375810829e-01
4.865045428275507220e+03 9.423884013735215337e-01
4.865073532371956389e+03 9.862647844334223590e-01
4.865101536453827066e+03 1.009156810377718427e+00
4.865129540535697743e+03 1.036245707745135469e+00
4.865157544617568419e+03 1.065242273941243711e+00
4.865185548699439096e+03 1.064097672644028991e+00
4.865213552781308863e+03 1.099580312857687980e+00
4.865241556863180449e+03 1.139259824494467832e+00
4.865269560945051126e+03 1.146127432277756597e+00
4.865297565026921802e+03 1.178939336131247684e+00
4.865325669123370062e+03 1.193819152995040156e+00
4.865353673205241648e+03 1.166348721861884874e+00
4.865381677287112325e+03 1.182373140022892066e+00
4.865409681368982092e+03 1.132010682945440605e+00
4.865437685450852769e+03 1.130103014116749405e+00
4.865465689532724355e+03 1.110644792064097608e+00
4.865493693614595031e+03 1.115986264784433413e+00
4.865521697696464798e+03 1.131247615413964125e+00
4.865549701778335475e+03 1.153758107592521842e+00
4.865577705860207061e+03 1.191148416634872254e+00
4.865605709942076828e+03 1.191911484166348734e+00
4.865633614009369921e+03 1.206791301030141206e+00
4.865661618091240598e+03 1.194200686760778396e+00
4.865689622173111275e+03 1.169782525753529256e+00
4.865717626254981951e+03 1.167874856924837834e+00
4.865745630336852628e+03 1.128958412819534463e+00
4.865773634418723304e+03 1.106829454406714985e+00
4.865801638500593981e+03 1.071728347958794458e+00
4.865829642582463748e+03 1.051888592140404421e+00
4.865857646664335334e+03 1.089278901182754611e+00
4.865885550731627518e+03 1.085463563525371988e+00
4.865913554813498195e+03 1.120564669973292737e+00
4.865941558895369781e+03 1.095383441434566896e+00
4.865969562977239548e+03 1.088897367417016371e+00
4.865997567059110224e+03 1.069820679130103036e+00
4.866025471126403318e+03 1.069820679130103036e+00
4.866053475208273994e+03 1.096909576497520078e+00
4.866081479290143761e+03 1.084318962228157268e+00
4.866109483372015347e+03 1.085845097291110228e+00
4.866137387439307531e+03 1.072872949256009178e+00
4.866165391521178208e+03 1.074399084318962139e+00
4.866193395603049794e+03 1.062571537581076031e+00
4.866221299670341978e+03 1.071346814193055996e+00
4.866249303752211745e+03 1.071728347958794458e+00
4.866277307834083331e+03 1.085463563525371988e+00
4.866305211901375515e+03 1.108737123235406408e+00
4.866333215983246191e+03 1.119420068676077795e+00
4.866361220065116868e+03 1.146127432277756597e+00
4.866389124132409052e+03 1.146890499809233077e+00
4.866417128214279728e+03 1.151850438763830642e+00
4.866445032281572821e+03 1.185425410148798209e+00
4.866473036363443498e+03 1.166348721861884874e+00
4.866500940430736591e+03 1.179320869896985924e+00
4.866528944512606358e+03 1.190003815337657311e+00
4.866556948594477035e+03 1.143075162151850455e+00
4.866584852661770128e+03 1.107592521938191465e+00
4.866612856743640805e+03 1.091568103777184273e+00
4.866640760810932989e+03 1.075925219381915321e+00
4.866668764892804575e+03 1.055703929797787044e+00
4.866696668960096758e+03 1.053414727203357604e+00
4.866724673041966525e+03 1.074399084318962139e+00
4.866752577109259619e+03 1.067913010301411614e+00
4.866780481176551802e+03 1.059137733689431426e+00
4.866808485258423389e+03 1.046165585654330377e+00
4.866836389325715572e+03 1.030904235024799664e+00
4.866864393407586249e+03 1.017169019458222134e+00
4.866892297474878433e+03 1.031285768790537904e+00
4.866920201542170616e+03 1.030141167493323184e+00
4.866948205624042203e+03 1.075925219381915321e+00
4.866976109691334386e+03 1.095001907668828656e+00
4.867004013758627480e+03 1.133918351774132027e+00
4.867032017840498156e+03 1.194200686760778396e+00
4.867059921907790340e+03 1.211369706219000308e+00
4.867087825975083433e+03 1.233498664631820008e+00
4.867115830056953200e+03 1.253719954215948063e+00
4.867143734124245384e+03 1.276611980160244242e+00
4.867171638191538477e+03 1.280427317817626864e+00
4.867199642273409154e+03 1.253719954215948063e+00
4.867227546340702247e+03 1.271652041205646677e+00
4.867255450407994431e+03 1.245326211369706115e+00
4.867283354475287524e+03 1.241892407478061733e+00
4.867311258542579708e+03 1.210606638687523828e+00
4.867339262624450384e+03 1.223578786722624878e+00
4.867367166691743478e+03 1.273178176268599859e+00
4.867395070759034752e+03 1.288439526898130572e+00
4.867422974826327845e+03 1.309423884013735107e+00
4.867450878893620029e+03 1.321251430751621436e+00
4.867478782960913122e+03 1.323922167111789339e+00
4.867506787042783799e+03 1.314002289202594431e+00
4.867534691110076892e+03 1.309805417779473569e+00
4.867562595177369076e+03 1.278519648988935442e+00
4.867590499244661260e+03 1.223197252956886638e+00
4.867618403311954353e+03 1.200305227012590681e+00
4.867646307379246537e+03 1.164822586798931692e+00
4.867674211446539630e+03 1.160244181610072589e+00
4.867702115513831814e+03 1.126669210225105022e+00
4.867730019581124907e+03 1.140404425791682552e+00
4.867757923648417091e+03 1.165204120564669932e+00
4.867785827715710184e+03 1.137352155665776410e+00
4.867813731783002368e+03 1.143838229683326935e+00
4.867841635850294551e+03 1.151850438763830642e+00
4.867869539917586735e+03 1.132773750476917307e+00
4.867897443984879828e+03 1.119038534910339555e+00
4.867925348052172012e+03 1.074399084318962139e+00
4.867953252119465105e+03 1.038153376573826892e+00
4.867981156186757289e+03 1.018695154521175095e+00
4.868009060254050382e+03 1.014498283098054232e+00
4.868036964321342566e+03 1.047310186951545319e+00
4.868064868388635659e+03 1.075543685616177081e+00
4.868092672441349350e+03 1.076306753147653561e+00
4.868120576508642444e+03 1.150705837466615700e+00
4.868148480575934627e+03 1.199542159481113979e+00
4.868176384643227721e+03 1.231972529568866825e+00
4.868204288710519904e+03 1.214040442579168211e+00
4.868232192777812998e+03 1.272796642502861397e+00
4.868259996830526688e+03 1.239221671117893830e+00
4.868287900897819782e+03 1.204883632201449783e+00
4.868315804965111965e+03 1.209462037390309108e+00
4.868343709032405059e+03 1.209080503624570868e+00
4.868371513085118750e+03 1.200305227012590681e+00
4.868399417152411843e+03 1.188477680274704351e+00
4.868427321219704027e+03 1.146508966043494837e+00
4.868455225286997120e+03 1.161770316673025549e+00
4.868483029339710811e+03 1.167874856924837834e+00
4.868510933407003904e+03 1.170927127050743977e+00
4.868538837474296088e+03 1.173216329645173639e+00
4.868566641527010688e+03 1.146508966043494837e+00
4.868594545594303781e+03 1.147272033574971317e+00
4.868622449661595965e+03 1.164441053033193452e+00
4.868650253714310566e+03 1.151468904998092402e+00
4.868678157781602749e+03 1.162151850438763789e+00
4.868705961834317350e+03 1.190003815337657311e+00
4.868733865901609533e+03 1.240747806180847013e+00
4.868761769968902627e+03 1.285387256772224429e+00
4.868789574021617227e+03 1.317436093094238814e+00
4.868817478088910320e+03 1.334986646318199188e+00
4.868845282141624921e+03 1.322777565814574618e+00
4.868873186208917105e+03 1.334223578786722708e+00
4.868900990261631705e+03 1.328119038534910423e+00
4.868928894328923889e+03 1.332315909958031286e+00
4.868956698381638489e+03 1.322777565814574618e+00
4.868984602448930673e+03 1.307897748950782146e+00
4.869012406501645273e+03 1.306753147653567426e+00
4.869040310568937457e+03 1.310950019076688289e+00
4.869068114621652057e+03 1.275467378863029300e+00
4.869096018688945151e+03 1.279664250286150384e+00
4.869123822741658842e+03 1.281953452880579825e+00
4.869151626794373442e+03 1.320869896985883196e+00
4.869179530861665626e+03 1.355207935902327465e+00
4.869207334914381136e+03 1.331552842426554806e+00
4.869235238981674229e+03 1.331171308660816566e+00
4.869263043034387920e+03 1.325066768409004281e+00
4.869290847087102520e+03 1.296451735978634057e+00
4.869318751154394704e+03 1.239984738649370533e+00
4.869346555207109304e+03 1.235024799694772968e+00
4.869374359259823905e+03 1.212514307516215251e+00
4.869402263327116088e+03 1.199542159481113979e+00
4.869430067379830689e+03 1.217855780236550833e+00
4.869457871432545289e+03 1.196108355589469596e+00
4.869485675485259890e+03 1.196489889355207836e+00
4.869513579552552983e+03 1.210606638687523828e+00
4.869541383605266674e+03 1.218237314002289295e+00
4.869569187657981274e+03 1.206791301030141206e+00
4.869596991710695875e+03 1.214040442579168211e+00
4.869624895777988058e+03 1.245707745135444577e+00
4.869652699830702659e+03 1.241510873712323493e+00
4.869680503883417259e+03 1.257916825639069147e+00
4.869708307936131860e+03 1.268981304845478775e+00
4.869736111988846460e+03 1.279664250286150384e+00
4.869763916041561060e+03 1.297596337275848999e+00
4.869791820108853244e+03 1.309423884013735107e+00
4.869819624161567845e+03 1.287676459366653869e+00
4.869847428214281535e+03 1.283479587943533007e+00
4.869875232266996136e+03 1.273941243800076339e+00
4.869903036319711646e+03 1.250286150324303680e+00
4.869930840372425337e+03 1.243418542541014915e+00
4.869958644425139937e+03 1.185425410148798209e+00
4.869986448477854537e+03 1.171308660816482217e+00
4.870014252530568228e+03 1.162151850438763789e+00
4.870042056583282829e+03 1.195345288057993116e+00
4.870069860635998339e+03 1.188859214040442591e+00
4.870097664688712030e+03 1.189622281571919071e+00
4.870125468741426630e+03 1.214421976344906451e+00
4.870153272794141230e+03 1.218237314002289295e+00
4.870181076846854921e+03 1.242655475009538435e+00
4.870208880899569522e+03 1.218618847768027535e+00
4.870236684952285032e+03 1.217092712705074353e+00
4.870264489004998723e+03 1.232735597100343305e+00
4.870292293057713323e+03 1.200305227012590681e+00
4.870320097110427923e+03 1.188859214040442591e+00
4.870347901163141614e+03 1.191148416634872254e+00
4.870375605201278631e+03 1.196871423120946298e+00
4.870403409253993232e+03 1.193819152995040156e+00
4.870431213306707832e+03 1.200305227012590681e+00
4.870459017359421523e+03 1.181610072491415586e+00
4.870486821412136123e+03 1.190003815337657311e+00
4.870514625464851633e+03 1.199923693246852441e+00
4.870542329502987741e+03 1.199160625715375739e+00
4.870570133555701432e+03 1.210988172453262068e+00
4.870597937608416032e+03 1.208698969858832406e+00
4.870625741661131542e+03 1.226631056848531021e+00
4.870653445699266740e+03 1.207554368561617686e+00
4.870681249751981341e+03 1.236550934757726150e+00
4.870709053804695941e+03 1.263639832125142970e+00
4.870736857857409632e+03 1.296070202212895817e+00
4.870764561895546649e+03 1.307897748950782146e+00
4.870792365948261249e+03 1.367417016405952035e+00
4.870820170000975850e+03 1.383441434566959227e+00
4.870847874039112867e+03 1.388019839755818330e+00
4.870875678091826558e+03 1.351392598244944621e+00
4.870903482144541158e+03 1.366653948874475333e+00
4.870931186182677266e+03 1.359786341091186568e+00
4.870958990235390957e+03 1.346814193056085518e+00
4.870986794288106466e+03 1.320106829454406716e+00
4.871014498326242574e+03 1.278519648988935442e+00
4.871042302378957174e+03 1.158718046547119407e+00
4.871070006417094191e+03 1.358641739793971848e+00
4.871097810469807882e+03 1.397558183899274997e+00
4.871125514507943990e+03 1.395268981304845557e+00
4.871153318560658590e+03 1.073636016787485659e+00
4.871181022598795607e+03 1.299885539870278439e+00
4.871208826651509298e+03 1.289965661961083532e+00
4.871236530689645406e+03 1.261350629530713530e+00
4.871264334742360006e+03 1.358641739793971848e+00
4.871292038780497023e+03 1.274322777565814580e+00
4.871319842833210714e+03 1.273559710034338099e+00
4.871347546871346822e+03 1.299885539870278439e+00
4.871375350924062332e+03 1.322014498283098138e+00
4.871403054962198439e+03 1.310568485310950049e+00
4.871430859014912130e+03 1.342617321632964433e+00
4.871458563053049147e+03 1.353681800839374283e+00
4.871486267091185255e+03 1.382296833269744285e+00
4.871514071143899855e+03 1.340709652804273233e+00
4.871541775182036872e+03 1.352155665776421323e+00
4.871569479220172980e+03 1.333078977489507766e+00
4.871597283272886671e+03 1.335749713849675668e+00
4.871624987311023688e+03 1.317817626859977054e+00
4.871652691349159795e+03 1.287676459366653869e+00
4.871680495401874396e+03 1.242655475009538435e+00
4.871708199440010503e+03 1.239221671117893830e+00
4.871735903478146611e+03 1.209080503624570868e+00
4.871763607516282718e+03 1.214803510110644691e+00
4.871791411568997319e+03 1.203739030904235063e+00
4.871819115607134336e+03 1.220526516596718736e+00
4.871846819645270443e+03 1.265547500953834392e+00
4.871874523683407460e+03 1.288821060663868812e+00
4.871902327736121151e+03 1.342617321632964433e+00
4.871930031774257259e+03 1.362457077451354470e+00
4.871957735812394276e+03 1.391072109881724472e+00
4.871985439850530383e+03 1.405570392979778704e+00
4.872013143888666491e+03 1.392598244944677655e+00
4.872040847926803508e+03 1.357878672262495146e+00
4.872068651979517199e+03 1.352537199542159563e+00
4.872096356017653306e+03 1.375429225486455520e+00
4.872124060055790324e+03 1.364746280045784133e+00
4.872151764093926431e+03 1.384586035864173947e+00
4.872179468132063448e+03 1.378099961846623422e+00
4.872207172170199556e+03 1.352537199542159563e+00
4.872234876208335663e+03 1.315528424265547391e+00
4.872262580246471771e+03 1.278138115223197202e+00
4.872290284284607878e+03 1.226631056848531021e+00
4.872317988322744895e+03 1.213658908813429971e+00
4.872345692360881003e+03 1.264402899656619672e+00
4.872373396399017111e+03 1.281190385349103344e+00
4.872401100437154128e+03 1.288439526898130572e+00
4.872428804475290235e+03 1.334986646318199188e+00
4.872456508513426343e+03 1.340328119038534993e+00
4.872484212551562450e+03 1.376192293017932000e+00
4.872511916589698558e+03 1.389545974818771512e+00
4.872539620627835575e+03 1.394505913773368855e+00
4.872567324665971682e+03 1.413964135826020652e+00
4.872595028704107790e+03 1.454406714994276983e+00
4.872622732742244807e+03 1.480732544830217545e+00
4.872650336765802422e+03 1.495993895459748257e+00
4.872678040803939439e+03 1.536054940862266349e+00
4.872705744842075546e+03 1.531476535673407025e+00
4.872733448880211654e+03 1.512018313620755450e+00
4.872761152918347761e+03 1.459366653948874548e+00
4.872788856956483869e+03 1.401373521556657842e+00
4.872816460980042393e+03 1.375810759252193760e+00
4.872844165018178501e+03 1.342235787867226193e+00
4.872871869056315518e+03 1.343380389164441135e+00
4.872899573094451625e+03 1.359786341091186568e+00
4.872927177118010150e+03 1.344143456695917616e+00
4.872954881156146257e+03 1.373521556657764320e+00
4.872982585194283274e+03 1.365509347577260613e+00
4.873010289232419382e+03 1.375810759252193760e+00
4.873037893255977906e+03 1.370087752766119715e+00
