4.849382816063111932e+03 0.000000000000000000e+00
4.849409020406647869e+03 0.000000000000000000e+00
4.849435224750184716e+03 0.000000000000000000e+00
4.849461529110300035e+03 0.000000000000000000e+00
4.849487733453836881e+03 0.000000000000000000e+00
4.849513937797373728e+03 0.000000000000000000e+00
4.849540142140910575e+03 0.000000000000000000e+00
4.849566346484446512e+03 0.000000000000000000e+00
4.849592550827983359e+03 0.000000000000000000e+00
4.849618755171520206e+03 0.000000000000000000e+00
4.849644959515057053e+03 0.000000000000000000e+00
4.849671163858592990e+03 0.000000000000000000e+00
4.849697368202130747e+03 0.000000000000000000e+00
4.849723572545667594e+03 0.000000000000000000e+00
4.849749776889204441e+03 0.000000000000000000e+00
4.849775981232740378e+03 0.000000000000000000e+00
4.849802185576277225e+03 0.000000000000000000e+00
4.849828389919814072e+03 0.000000000000000000e+00
4.849854594263350009e+03 0.000000000000000000e+00
4.849880798606886856e+03 0.000000000000000000e+00
4.849887099651325116e+03 7.174922600619194624e-01
4.849915804409321936e+03 1.260835913312693402e+00
4.849944409150740285e+03 8.753869969040247723e-01
4.849973113908736195e+03 9.442724458204334592e-01
4.850001818666732106e+03 1.101393188854489225e+00
4.850030423408150455e+03 7.360681114551083093e-01
4.850059128166147275e+03 1.006191950464396356e+00
4.850087732907564714e+03 6.238390092879256832e-01
4.850116437665560625e+03 9.597523219814241280e-01
4.850145142423556536e+03 4.365325077399380693e-01
4.850173747164974884e+03 8.854489164086687403e-01
4.850202451922971704e+03 1.205108359133126861e+00
4.850231056664389143e+03 5.812693498452012886e-01
4.850259761422385964e+03 6.153250773993808043e-01
4.850288366163803403e+03 7.190402476780185514e-01
4.850317070921800223e+03 8.289473684210526550e-01
4.850345775679796134e+03 3.622291021671826816e-01
4.850374380421214482e+03 8.591331269349845590e-01
4.850402985162631921e+03 6.284829721362229504e-01
4.850431689920627832e+03 3.869969040247678294e-01
4.850460294662047090e+03 4.558823529411764608e-01
4.850488999420043001e+03 4.837461300309597312e-01
4.850517604161460440e+03 3.436532507739938347e-01
4.850546308919456351e+03 2.863777089783281493e-01
4.850574913660874699e+03 2.020123839009287936e-01
4.850603618418871520e+03 1.099845201238390136e+00
4.850632223160288959e+03 1.018575851393188847e+00
4.850660827901707307e+03 1.103715170278637858e+00
4.850689532659703218e+03 8.591331269349845590e-01
4.850718137401120657e+03 2.337461300309597589e-01
4.850746742142539915e+03 8.955108359133127083e-01
4.850775446900535826e+03 6.393188854489164630e-01
4.850804051641953265e+03 8.080495356037151744e-01
4.850832656383371614e+03 7.964396284829721173e-01
4.850861361141367524e+03 3.243034055727554432e-01
4.850889965882785873e+03 1.143962848297213730e+00
4.850918570624204222e+03 5.286377708978328149e-01
4.850947275382200132e+03 1.364551083591331260e+00
4.850975880123617571e+03 6.927244582043343701e-01
4.851004484865035920e+03 1.226780185758513886e+00
4.851033089606453359e+03 9.140866873065015552e-01
4.851061794364450179e+03 6.044891640866872917e-01
4.851090399105868528e+03 1.262383900928792491e+00
4.851119003847285967e+03 5.657894736842105088e-01
4.851147608588703406e+03 5.518575851393189291e-01
4.851176213330121755e+03 8.482972136222910464e-01
4.851204818071539194e+03 1.094427244582043324e+00
4.851233522829536014e+03 9.295665634674922240e-01
4.851262127570954362e+03 1.179566563467492335e+00
4.851290732312371802e+03 1.236842105263157965e+00
4.851319337053789241e+03 1.175696594427244612e+00
4.851347941795207589e+03 1.349845201238390136e+00
4.851376546536625028e+03 1.051857585139318818e+00
4.851405151278044286e+03 5.874613003095975339e-01
4.851433756019461725e+03 5.766253869969040213e-01
4.851462360760879164e+03 7.592879256965944235e-01
4.851490965502297513e+03 8.660990712074303488e-01
4.851519570243714952e+03 3.792569659442724533e-02
4.851548174985133301e+03 3.452012383900928683e-01
4.851576779726550740e+03 7.941176470588234837e-01
4.851605384467969088e+03 7.956656346749225728e-01
4.851633989209387437e+03 5.572755417956656299e-01
4.851662593950804876e+03 7.794117647058823595e-01
4.851691198692223224e+03 7.631578947368421462e-01
4.851719803433640664e+03 7.724458204334365696e-01
4.851748408175058103e+03 4.202786377708978560e-01
4.851777012916476451e+03 1.031733746130030882e+00
4.851805617657894800e+03 7.716718266253870251e-01
4.851834222399313148e+03 2.917956656346749056e-01
4.851862827140730587e+03 7.275541795665634304e-01
4.851891431882148026e+03 1.186532507739938014e+00
4.851920036623566375e+03 3.777089783281733504e-01
4.851948541348405342e+03 2.863777089783281493e-01
4.851977146089823691e+03 5.766253869969040213e-01
4.852005750831241130e+03 1.253095975232198178e+00
4.852034355572660388e+03 7.577399380804953344e-01
4.852062960314077827e+03 8.328173374613002666e-01
4.852091565055495266e+03 4.287925696594427349e-01
4.852120069780335143e+03 1.090557275541795601e+00
4.852148674521752582e+03 7.074303405572754944e-01
4.852177279263170931e+03 1.695046439628482837e-01
4.852205884004588370e+03 5.417956656346749611e-01
4.852234388729428247e+03 1.510835913312693402e+00
4.852262993470846595e+03 8.521671826625386581e-01
4.852291598212264944e+03 9.961300309597522773e-01
4.852320102937103911e+03 7.554179566563467008e-01
4.852348707678522260e+03 1.532507739938080427e-01
4.852377312419939699e+03 8.382352941176470784e-01
4.852405817144779576e+03 7.561919504643962453e-01
4.852434421886197015e+03 9.961300309597522773e-01
4.852463026627614454e+03 9.914860681114551211e-01
4.852491531352454331e+03 1.476006191950464341e+00
4.852520136093871770e+03 1.258513931888544990e+00
4.852548740835291028e+03 6.594427244582042880e-01
4.852577245560129995e+03 1.022445820433436570e+00
4.852605850301548344e+03 7.314241486068111531e-01
4.852634355026387311e+03 6.377708978328173739e-01
4.852662959767805660e+03 5.735294117647058432e-01
4.852691464492644627e+03 8.869969040247678294e-01
4.852720069234062976e+03 8.800309597523219285e-01
4.852748673975480415e+03 2.275541795665634581e-01
4.852777178700320292e+03 1.102167182662538769e+00
4.852805783441737731e+03 9.102167182662538325e-01
4.852834288166577608e+03 1.090557275541795601e+00
4.852862892907995956e+03 9.481424148606810709e-01
4.852891397632835833e+03 9.651702786377709398e-01
4.852919902357674800e+03 1.023219814241486114e+00
4.852948507099093149e+03 1.038699690402476783e+00
4.852977011823932116e+03 2.500000000000000000e-01
4.853005616565350465e+03 7.801857585139319040e-01
4.853034121290189432e+03 6.114551083591330816e-01
4.853062626015029309e+03 1.452012383900928683e+00
4.853091230756446748e+03 7.035603715170278827e-01
4.853119735481286625e+03 1.370743034055727616e+00
4.853148340222704064e+03 1.397832817337461231e+00
4.853176844947543941e+03 9.891640866873064875e-01
4.853205349672383818e+03 1.014705882352941124e+00
4.853233954413801257e+03 9.133126934984520107e-01
4.853262459138641134e+03 1.229876160990712064e+00
4.853290963863481011e+03 1.279411764705882248e+00
4.853319468588320888e+03 -2.500000000000000000e-01
4.853348073329738327e+03 6.462848297213622528e-01
4.853376578054578204e+03 1.004643962848297267e+00
4.853405082779418080e+03 4.682662538699690624e-01
4.853433687520835520e+03 5.433436532507739392e-01
4.853462192245675396e+03 6.981424148606810709e-01
4.853490696970514364e+03 9.775541795665634304e-01
4.853519201695354241e+03 5.890092879256966230e-01
4.853547706420193208e+03 9.597523219814241280e-01
4.853576311161611557e+03 5.773993808049535659e-01
4.853604815886450524e+03 1.030959752321981338e+00
4.853633320611290401e+03 5.038699690402477227e-01
4.853661825336130278e+03 8.351393188854489003e-01
4.853690330060969245e+03 7.252321981424149078e-01
4.853718834785809122e+03 1.375386996904024661e+00
4.853747339510648089e+03 4.465944272445820373e-01
4.853775844235487966e+03 6.006191950464396800e-01
4.853804448976905405e+03 6.377708978328173739e-01
4.853832953701745282e+03 9.419504643962848256e-01
4.853861458426585159e+03 1.119969040247678072e+00
4.853889963151424126e+03 7.840557275541795157e-01
4.853918467876264003e+03 8.823529411764705621e-01
4.853946972601103880e+03 1.500000000000000000e+00
4.853975477325942848e+03 5.247678018575850922e-01
4.854003982050783634e+03 8.614551083591330816e-01
4.854032486775622601e+03 1.257739938080495445e+00
4.854060991500462478e+03 8.831269349845201067e-01
4.854089496225302355e+03 4.899380804953560320e-01
4.854118000950141322e+03 7.113003095975232171e-01
4.854146505674981199e+03 1.225232198142414797e+00
4.854175010399820167e+03 3.722910216718266496e-01
4.854203415108081572e+03 6.656346749226006443e-01
4.854231919832921449e+03 1.002321981424148634e+00
4.854260424557761326e+03 1.022445820433436570e+00
4.854288929282600293e+03 2.825077399380804821e-01
4.854317434007440170e+03 1.045665634674922684e+00
4.854345938732279137e+03 9.589783281733745834e-01
4.854374443457119014e+03 1.088235294117646967e+00
4.854402948181958891e+03 1.035603715170278605e+00
4.854431352890219387e+03 1.055727554179566541e+00
4.854459857615059263e+03 9.373065015479876694e-01
4.854488362339899140e+03 5.626934984520123306e-01
4.854516867064738108e+03 8.080495356037151744e-01
4.854545271772998603e+03 1.012383900928792491e+00
4.854573776497839390e+03 1.353715170278637858e+00
4.854602281222678357e+03 7.894736842105263275e-01
4.854630785947518234e+03 1.502321981424148634e+00
4.854659190655778730e+03 6.060371517027863808e-01
4.854687695380617697e+03 7.654798761609906688e-01
4.854716200105457574e+03 8.498452012383901355e-01
4.854744704830298360e+03 5.936532507739937792e-01
4.854773109538558856e+03 9.551083591331269718e-01
4.854801614263397823e+03 1.042569659442724506e+00
4.854830118988237700e+03 9.450464396284830038e-01
4.854858523696499105e+03 1.216718266253870029e+00
4.854887028421338073e+03 1.390866873065015552e+00
4.854915433129599478e+03 5.232198142414861142e-01
4.854943937854439355e+03 2.321981424148606699e-01
4.854972442579278322e+03 6.818885448916408576e-01
4.855000847287539727e+03 1.244582043343653188e+00
4.855029352012379604e+03 7.515479876160990891e-01
4.855057756720641009e+03 9.791021671826625195e-01
4.855086261445479977e+03 9.156346749226006443e-01
4.855114666153741382e+03 7.260061919504643413e-01
4.855143170878581259e+03 1.299535603715170184e+00
4.855171575586841755e+03 4.179566563467491946e-02
4.855200080311681631e+03 2.329721362229102144e-01
4.855228485019943037e+03 1.339009287925696512e-01
4.855256989744782913e+03 1.068885448916408576e+00
4.855285394453043409e+03 7.747678018575850922e-01
4.855313899177883286e+03 4.001547987616099200e-01
4.855342303886144691e+03 1.425696594427244612e+00
4.855370808610983659e+03 2.840557275541795712e-01
4.855399213319245064e+03 9.682662538699690069e-01
4.855427718044084941e+03 2.832817337461300267e-01
4.855456122752345436e+03 1.091331269349845146e+00
4.855484527460606841e+03 1.065015479876161075e+00
4.855513032185445809e+03 7.832817337461300822e-01
4.855541436893707214e+03 6.617647058823529216e-01
4.855569841601968619e+03 1.095975232198142413e+00
4.855598346326808496e+03 9.969040247678018218e-01
4.855626751035068992e+03 8.095975232198142635e-01
4.855655155743330397e+03 5.665634674922600533e-01
4.855683660468170274e+03 1.034055727554179516e+00
4.855712065176431679e+03 7.523219814241486336e-01
4.855740469884692175e+03 5.688854489164086869e-01
4.855768874592953580e+03 8.165634674922600533e-01
4.855797379317793457e+03 2.422600619195046379e-01
4.855825784026054862e+03 9.032507739938080427e-01
4.855854188734315358e+03 9.063467492260062208e-01
4.855882593442575853e+03 7.739938080495356587e-01
4.855911098167415730e+03 1.184984520123838925e+00
4.855939502875677135e+03 3.003095975232198400e-01
4.855967907583938540e+03 6.455108359133127083e-01
4.855996312292199946e+03 8.390092879256966230e-01
4.856024717000460441e+03 7.492260061919504555e-01
4.856053121708721847e+03 8.413312693498452566e-01
4.856081626433561723e+03 1.109907120743033992e+00
4.856110031141823129e+03 7.035603715170278827e-01
4.856138435850084534e+03 7.306501547987616085e-01
4.856166840558345029e+03 7.082043343653250389e-01
4.856195245266605525e+03 5.425696594427245056e-01
4.856223649974866930e+03 6.006191950464396800e-01
4.856252054683128335e+03 7.639318885448916907e-01
4.856280459391389741e+03 4.473684210526315819e-01
4.856308864099651146e+03 9.233746130030959787e-01
4.856337268807911641e+03 1.122291021671826705e+00
4.856365673516173047e+03 9.017027863777089536e-01
4.856394078224434452e+03 5.224458204334365696e-01
4.856422482932695857e+03 8.057275541795665408e-01
4.856450887640957262e+03 5.054179566563467008e-01
4.856479292349217758e+03 7.585139318885448789e-01
4.856507697057478254e+03 4.674922600619195179e-01
4.856536101765739659e+03 5.286377708978328149e-01
4.856564506474001064e+03 6.726006191950464341e-01
4.856592911182262469e+03 3.599071207430340480e-01
4.856621315890523874e+03 1.154024767801857587e+00
4.856649720598785279e+03 7.817337461300309931e-01
4.856678125307045775e+03 3.955108359133127083e-01
4.856706429998728709e+03 6.215170278637770496e-01
4.856734834706989204e+03 7.283281733746129749e-01
4.856763239415250609e+03 6.996904024767801600e-01
4.856791644123512015e+03 9.566563467492260608e-01
4.856820048831773420e+03 9.434984520123839147e-01
4.856848453540034825e+03 7.585139318885448789e-01
4.856876758231717758e+03 5.178018575851393024e-01
4.856905162939979164e+03 1.114551083591331260e+00
4.856933567648238750e+03 1.390092879256966008e+00
4.856961972356500155e+03 9.055727554179566763e-01
4.856990277048183088e+03 7.554179566563467008e-01
4.857018681756444494e+03 1.065789473684210620e+00
4.857047086464705899e+03 5.565015479876160853e-01
4.857075491172967304e+03 1.273219814241486114e+00
4.857103795864650237e+03 1.292569659442724395e-01
4.857132200572910733e+03 5.657894736842105088e-01
4.857160605281172138e+03 9.396284829721361920e-01
4.857188909972855072e+03 2.283281733746130027e-01
4.857217314681116477e+03 6.888544891640866474e-01
4.857245719389376973e+03 5.866873065015479893e-01
4.857274024081059906e+03 1.207430340557275494e+00
4.857302428789321311e+03 1.342879256965944235e+00
4.857330733481003335e+03 7.832817337461300822e-01
4.857359138189264741e+03 1.034829721362229060e+00
4.857387542897526146e+03 1.174148606811145523e+00
4.857415847589209079e+03 1.039473684210526327e+00
4.857444252297470484e+03 5.611455108359133526e-01
4.857472556989153418e+03 1.390092879256966008e+00
4.857500961697413913e+03 8.103715170278638080e-01
4.857529266389096847e+03 3.730650154798761386e-01
4.857557671097358252e+03 5.781733746130031104e-01
4.857585975789041186e+03 8.823529411764705621e-01
4.857614380497302591e+03 1.090557275541795601e+00
4.857642685188985524e+03 9.783281733746129749e-01
4.857671089897245110e+03 1.383126934984520107e+00
4.857699394588928953e+03 7.492260061919504555e-01
4.857727799297189449e+03 2.608359133126935125e-01
4.857756103988872383e+03 8.204334365325077760e-01
4.857784408680556226e+03 9.520123839009287936e-01
4.857812813388815812e+03 8.637770897832817152e-01
4.857841118080498745e+03 6.501547987616098645e-01
4.857869522788760150e+03 6.486068111455108864e-01
4.857897827480443084e+03 1.042569659442724506e+00
4.857926132172126017e+03 9.837461300309597867e-01
4.857954536880387423e+03 1.578947368421052544e-01
4.857982841572069447e+03 1.295665634674922684e+00
4.858011146263752380e+03 8.924148606811145301e-01
4.858039550972013785e+03 4.783281733746130304e-01
4.858067855663696719e+03 8.041795665634674517e-01
4.858096160355379652e+03 8.839009287925696512e-01
4.858124465047061676e+03 5.007739938080495445e-01
4.858152869755323081e+03 9.582043343653250389e-01
4.858181174447006015e+03 1.040247678018575872e+00
4.858209479138688948e+03 8.119195046439628971e-01
4.858237783830370972e+03 3.839009287925696512e-01
4.858266188538632377e+03 1.076625386996904021e+00
4.858294493230315311e+03 5.626934984520123306e-01
4.858322797921998244e+03 5.147058823529411242e-01
4.858351102613681178e+03 5.301857585139319040e-01
4.858379407305363202e+03 5.278637770897832704e-01
4.858407711997047045e+03 1.390092879256966008e+00
4.858436116705307541e+03 1.288699690402476783e+00
4.858464421396990474e+03 1.147058823529411686e+00
4.858492726088673408e+03 3.034055727554179627e-01
4.858521030780356341e+03 4.721362229102167296e-01
4.858549335472039274e+03 7.739938080495356587e-01
4.858577640163722208e+03 8.188854489164086869e-01
4.858605944855405141e+03 1.424148606811145523e+00
4.858634249547087165e+03 1.182662538699690513e+00
4.858662554238770099e+03 1.065015479876161075e+00
4.858690858930453032e+03 4.613003095975232171e-01
4.858719163622135966e+03 1.174148606811145523e+00
4.858747468313818899e+03 5.340557275541795157e-01
4.858775773005500923e+03 1.034829721362229060e+00
4.858804077697183857e+03 8.691950464396285270e-01
4.858832382388866790e+03 1.097523219814241502e+00
4.858860687080549724e+03 1.227554179566563430e+00
4.858888991772231748e+03 1.325077399380804932e+00
4.858917296463914681e+03 9.535603715170278827e-01
4.858945601155597615e+03 5.278637770897832704e-01
4.858973905847281458e+03 8.738390092879256832e-01
4.859002210538963482e+03 1.299535603715170184e+00
4.859030515230646415e+03 6.215170278637770496e-01
4.859058719905750877e+03 1.069659442724458120e+00
4.859087024597433810e+03 7.538699690402477227e-01
4.859115329289115834e+03 6.006191950464396800e-01
4.859143633980798768e+03 1.560371517027863808e+00
4.859171938672481701e+03 7.213622291021671851e-01
4.859200243364164635e+03 8.490712074303405910e-01
4.859228448039269097e+03 1.159442724458204399e+00
4.859256752730952030e+03 8.846749226006191957e-01
4.859285057422634964e+03 1.301083591331269274e+00
4.859313362114317897e+03 1.338235294117646967e+00
4.859341566789421449e+03 1.154024767801857587e+00
4.859369871481104383e+03 1.483746130030959787e+00
4.859398176172787316e+03 9.558823529411765163e-01
4.859426480864470250e+03 1.143962848297213730e+00
4.859454685539573802e+03 1.166408668730650078e+00
4.859482990231256736e+03 1.238390092879257054e+00
4.859511294922940579e+03 1.289473684210526327e+00
4.859539499598044131e+03 1.181114551083591424e+00
4.859567804289727064e+03 7.825077399380805376e-01
4.859596108981409998e+03 1.079721362229102199e+00
4.859624313656514460e+03 4.798761609907120640e-01
4.859652618348196484e+03 1.422600619195046434e+00
4.859680823023301855e+03 9.574303405572754944e-01
4.859709127714984788e+03 8.080495356037151744e-01
4.859737432406667722e+03 5.572755417956656299e-01
4.859765637081771274e+03 1.311919504643962897e+00
4.859793941773454208e+03 9.117647058823529216e-01
4.859822146448558669e+03 8.947368421052631637e-01
4.859850451140240693e+03 4.504643962848297045e-01
4.859878655815346065e+03 1.133900928792569651e+00
4.859906960507028998e+03 6.981424148606810709e-01
4.859935165182132550e+03 8.846749226006191957e-01
4.859963469873815484e+03 5.851393188854489003e-01
4.859991674548919946e+03 8.320433436532507221e-01
4.860019979240602879e+03 1.101393188854489225e+00
4.860048183915707341e+03 5.069659442724457898e-01
4.860076488607390274e+03 7.701238390092879360e-01
4.860104693282494736e+03 1.154024767801857587e+00
4.860132897957598288e+03 1.189628482972136192e+00
4.860161202649281222e+03 5.247678018575850922e-01
4.860189407324386593e+03 8.614551083591330816e-01
4.860217712016068617e+03 1.335913312693498556e+00
4.860245916691173079e+03 6.687306501547987114e-01
4.860274121366277541e+03 1.237616099071207509e+00
4.860302426057959565e+03 6.331269349845201067e-01
4.860330630733064936e+03 9.202786377708978005e-01
4.860358835408169398e+03 1.050309597523219729e+00
4.860387140099852331e+03 8.854489164086687403e-01
4.860415344774955884e+03 3.335913312693498667e-01
4.860443549450061255e+03 8.978328173374613419e-01
4.860471754125164807e+03 4.829721362229102422e-01
4.860500058816847741e+03 3.691950464396284715e-01
4.860528263491952202e+03 3.103715170278637525e-01
4.860556468167055755e+03 1.218266253869969118e+00
4.860584672842161126e+03 1.733746130030959787e-01
4.860612977533844060e+03 1.102167182662538769e+00
4.860641182208948521e+03 3.854489164086687403e-01
4.860669386884052074e+03 3.335913312693498667e-01
4.860697591559157445e+03 1.003869969040247723e+00
4.860725796234260997e+03 8.212074303405573206e-01
4.860754000909365459e+03 7.825077399380805376e-01
4.860782305601048392e+03 1.496904024767801822e+00
4.860810510276152854e+03 9.574303405572754944e-01
4.860838714951257316e+03 8.699690402476780715e-01
4.860866919626361778e+03 1.386222910216718285e+00
4.860895124301465330e+03 7.716718266253870251e-01
4.860923328976570701e+03 1.317337461300309487e+00
4.860951533651675163e+03 1.222136222910216619e+00
4.860979738326778715e+03 1.156346749226006221e+00
4.861007943001884087e+03 1.118421052631578982e+00
4.861036147676988548e+03 9.860681114551083093e-01
4.861064352352092101e+03 1.393188854489164186e+00
4.861092557027196563e+03 1.751547987616099089e+00
4.861120761702301934e+03 1.494582043343653188e+00
4.861148966377405486e+03 8.498452012383901355e-01
4.861177171052509948e+03 9.992260061919504555e-01
4.861205375727614410e+03 1.878482972136222839e+00
4.861233580402718871e+03 7.693498452012383915e-01
4.861261785077823333e+03 1.801083591331269274e+00
4.861289989752926886e+03 1.218266253869969118e+00
4.861318194428032257e+03 5.526315789473684736e-01
4.861346399103136719e+03 1.219814241486068207e+00
4.861374603778240271e+03 1.713622291021671851e+00
4.861402708436767170e+03 1.163312693498452122e+00
4.861430913111870723e+03 1.120743034055727616e+00
4.861459117786975185e+03 1.489938080495356143e+00
4.861487322462080556e+03 1.070433436532507665e+00
4.861515527137184108e+03 1.075851393188854477e+00
4.861543731812288570e+03 9.442724458204334592e-01
4.861571836470815470e+03 1.355263157894736947e+00
4.861600041145919022e+03 4.388544891640867029e-01
4.861628245821023484e+03 6.439628482972136192e-01
4.861656450496127945e+03 7.894736842105263275e-01
4.861684555154653935e+03 8.243034055727553877e-01
4.861712759829758397e+03 7.128482972136223061e-01
4.861740964504862859e+03 4.651702786377708843e-01
4.861769169179967321e+03 9.690402476780185514e-01
4.861797273838492401e+03 1.041021671826625417e+00
4.861825478513597773e+03 7.345201238390093312e-01
4.861853683188702234e+03 1.071207430340557210e+00
4.861881787847227315e+03 4.922600619195046656e-01
4.861909992522332686e+03 8.947368421052631637e-01
4.861938197197436239e+03 9.458204334365325483e-01
4.861966301855963138e+03 6.625386996904024661e-01
4.861994506531067600e+03 2.035603715170278549e-01
4.862022611189592681e+03 6.787925696594426794e-01
4.862050815864698052e+03 3.715170278637771051e-01
4.862079020539801604e+03 6.517027863777089536e-01
4.862107125198327594e+03 -1.044891640866873056e-01
4.862135329873432966e+03 7.376160990712073984e-01
4.862163434531958046e+03 2.592879256965944235e-01
4.862191639207062508e+03 4.558823529411764608e-01
4.862219743865588498e+03 3.839009287925696512e-01
4.862247948540692960e+03 5.394736842105263275e-01
4.862276053199218950e+03 2.298761609907120640e-01
4.862304257874323412e+03 9.117647058823529216e-01
4.862332362532850311e+03 7.043343653250774272e-01
4.862360567207953864e+03 7.260061919504643413e-01
4.862388671866479854e+03 3.366873065015479893e-01
4.862416876541584315e+03 8.095975232198142635e-01
4.862444981200110306e+03 1.442724458204334370e+00
4.862473085858636296e+03 1.156346749226006221e+00
4.862501290533740757e+03 8.869969040247678294e-01
4.862529395192266747e+03 8.057275541795665408e-01
4.862557599867371209e+03 8.026315789473684736e-01
4.862585704525897199e+03 6.168730650154798933e-01
4.862613809184423189e+03 8.668730650154798933e-01
4.862642013859527651e+03 7.368421052631578538e-01
4.862670118518052732e+03 1.218266253869969118e+00
4.862698223176579631e+03 1.071207430340557210e+00
4.862726427851684093e+03 7.422600619195046656e-01
4.862754532510210083e+03 8.343653250773993557e-01
4.862782637168736073e+03 9.396284829721361920e-01
4.862810741827262063e+03 1.253095975232198178e+00
4.862838946502366525e+03 7.941176470588234837e-01
4.862867051160892515e+03 1.050309597523219729e+00
4.862895155819418505e+03 7.801857585139319040e-01
4.862923260477944496e+03 1.241486068111455010e+00
4.862951365136470486e+03 1.195046439628483004e+00
4.862979569811574038e+03 9.922600619195046656e-01
4.863007674470100937e+03 1.407120743034055765e+00
4.863035779128626018e+03 1.491486068111455010e+00
4.863063883787152918e+03 8.831269349845201067e-01
4.863091988445677998e+03 1.438854489164086647e+00
4.863120093104204898e+03 9.636222910216718507e-01
4.863148297779309360e+03 6.973684210526315264e-01
4.863176402437835350e+03 5.201238390092879360e-01
4.863204507096361340e+03 1.016253869969040213e+00
4.863232611754887330e+03 8.552631578947368363e-01
4.863260716413413320e+03 1.166408668730650078e+00
4.863288821071939310e+03 8.614551083591330816e-01
4.863316925730465300e+03 7.337461300309597867e-01
4.863345030388991290e+03 1.003869969040247723e+00
4.863373135047517280e+03 3.599071207430340480e-01
4.863401239706043270e+03 8.939628482972136192e-01
4.863429344364569261e+03 1.491486068111455010e+00
4.863457449023095251e+03 1.244582043343653188e+00
4.863485553681621241e+03 1.186532507739938014e+00
4.863513658340147231e+03 1.329721362229102199e+00
4.863541762998673221e+03 1.792569659442724506e+00
4.863569867657199211e+03 9.365325077399381248e-01
4.863597972315725201e+03 1.313467492260061986e+00
4.863626076974251191e+03 1.550309597523219729e+00
4.863654081616199619e+03 1.489938080495356143e+00
4.863682186274724700e+03 1.712848297213622306e+00
4.863710290933251599e+03 1.307275541795665630e+00
4.863738395591776680e+03 1.232972136222910242e+00
4.863766500250303579e+03 6.037151702786377472e-01
4.863794604908828660e+03 1.023993808049535659e+00
4.863822709567355560e+03 1.466718266253870029e+00
4.863850714209302168e+03 1.328173374613003110e+00
4.863878818867829068e+03 1.354489164086687403e+00
4.863906923526354149e+03 5.510835913312693846e-01
4.863935028184881048e+03 1.502321981424148634e+00
4.863963132843406129e+03 1.355263157894736947e+00
4.863991137485354557e+03 6.981424148606810709e-01
4.864019242143880547e+03 4.404024767801857365e-01
4.864047346802406537e+03 1.167956656346749167e+00
4.864075351444354055e+03 1.183436532507739836e+00
4.864103456102880045e+03 8.103715170278638080e-01
4.864131560761406035e+03 8.738390092879256832e-01
4.864159665419932026e+03 1.381578947368421018e+00
4.864187670061879544e+03 1.347523219814241502e+00
4.864215774720406444e+03 9.543343653250774272e-01
4.864243779362353052e+03 1.328173374613003110e+00
4.864271884020879043e+03 1.489938080495356143e+00
4.864299988679405033e+03 1.174148606811145523e+00
4.864327993321352551e+03 1.051857585139318818e+00
4.864356097979879451e+03 1.475232198142414797e+00
4.864384102621826059e+03 1.144736842105263053e+00
4.864412207280352959e+03 8.761609907120743168e-01
4.864440311938878040e+03 1.434210526315789380e+00
4.864468316580826468e+03 1.305727554179566541e+00
4.864496421239351548e+03 1.472910216718266163e+00
4.864524425881299976e+03 6.664086687306501888e-01
4.864552530539825966e+03 1.177244582043343701e+00
4.864580535181772575e+03 1.323529411764705843e+00
4.864608639840299475e+03 6.501547987616098645e-01
4.864636644482246993e+03 8.421052631578946901e-01
4.864664749140772983e+03 1.139318885448916463e+00
4.864692753782720501e+03 1.022445820433436570e+00
4.864720758424668929e+03 9.674922600619194624e-01
4.864748863083194010e+03 6.261609907120743168e-01
4.864776867725142438e+03 4.388544891640867029e-01
4.864804972383667518e+03 5.967492260061919573e-01
4.864832977025615037e+03 1.153250773993808043e+00
4.864860981667563465e+03 9.752321981424149078e-01
4.864889086326088545e+03 1.551083591331269274e+00
4.864917090968036973e+03 1.075851393188854477e+00
4.864945195626562963e+03 9.791021671826625195e-01
4.864973200268510482e+03 8.390092879256966230e-01
4.865001204910458000e+03 1.304179566563467452e+00
4.865029209552405518e+03 1.010061919504643857e+00
4.865057314210931509e+03 7.221362229102167296e-01
4.865085318852879027e+03 6.934984520123839147e-01
4.865113323494827455e+03 1.525541795665634748e+00
4.865141428153352535e+03 9.311145510835913131e-01
4.865169432795300963e+03 8.699690402476780715e-01
4.865197437437248482e+03 1.092105263157894690e+00
4.865225442079195091e+03 1.116099071207430349e+00
4.865253446721143519e+03 1.636222910216718285e+00
4.865281551379669509e+03 1.554179566563467452e+00
4.865309556021617027e+03 1.732972136222910242e+00
4.865337560663564545e+03 1.263157894736842035e+00
4.865365565305512064e+03 1.212074303405572762e+00
4.865393569947460492e+03 1.804953560371516996e+00
4.865421574589407101e+03 1.431888544891640969e+00
4.865449579231355528e+03 8.320433436532507221e-01
4.865477683889881519e+03 1.191950464396284826e+00
4.865505688531828127e+03 8.668730650154798933e-01
4.865533693173776555e+03 1.106037151702786270e+00
4.865561697815724074e+03 8.846749226006191957e-01
4.865589702457671592e+03 9.280185758513931349e-01
4.865617707099619111e+03 1.348297213622291046e+00
4.865645711741566629e+03 1.250773993808049545e+00
4.865673716383515057e+03 1.106037151702786270e+00
4.865701721025461666e+03 1.597523219814241502e+00
4.865729725667410094e+03 1.351393188854489225e+00
4.865757730309357612e+03 1.147832817337461231e+00
4.865785734951305130e+03 9.117647058823529216e-01
4.865813739593252649e+03 1.000773993808049545e+00
4.865841744235200167e+03 1.276315789473684292e+00
4.865869748877148595e+03 1.470588235294117752e+00
4.865897753519095204e+03 1.480650154798761609e+00
4.865925758161042722e+03 1.681888544891640969e+00
4.865953662786412679e+03 1.461300309597523217e+00
4.865981667428360197e+03 1.037151702786377694e+00
4.866009672070307715e+03 1.648606811145510775e+00
4.866037676712255234e+03 1.041795665634674961e+00
4.866065681354202752e+03 1.378482972136222839e+00
4.866093685996151180e+03 1.291795665634674961e+00
4.866121690638097789e+03 4.791021671826625195e-01
4.866149595263466836e+03 1.151702786377708954e+00
4.866177599905415263e+03 1.250773993808049545e+00
4.866205604547362782e+03 1.373839009287925794e+00
4.866233609189310300e+03 1.602941176470588314e+00
4.866261613831257819e+03 1.445046439628483004e+00
4.866289518456626865e+03 1.196594427244582093e+00
4.866317523098574384e+03 1.424922600619195068e+00
4.866345527740522812e+03 1.314241486068111531e+00
4.866373432365891858e+03 9.125386996904024661e-01
4.866401437007838467e+03 9.814241486068111531e-01
4.866429441649786895e+03 1.597523219814241502e+00
4.866457446291734414e+03 8.243034055727553877e-01
4.866485350917103460e+03 9.241486068111455232e-01
4.866513355559051888e+03 1.092105263157894690e+00
4.866541260184420935e+03 9.984520123839009109e-01
4.866569264826367544e+03 1.044117647058823595e+00
4.866597269468315972e+03 1.006965944272445901e+00
4.866625174093685018e+03 1.339783281733746056e+00
4.866653178735633446e+03 1.146284829721362142e+00
4.866681183377580055e+03 1.397058823529411686e+00
4.866709088002949102e+03 1.475232198142414797e+00
4.866737092644897530e+03 1.281733746130030882e+00
4.866764997270266576e+03 1.670278637770897801e+00
4.866793001912214095e+03 1.070433436532507665e+00
4.866820906537583141e+03 7.856037151702786048e-01
4.866848911179530660e+03 1.144736842105263053e+00
4.866876815804899707e+03 1.194272445820433459e+00
4.866904820446847225e+03 1.469814241486068207e+00
4.866932725072217181e+03 1.586687306501547878e+00
4.866960729714164700e+03 1.777089783281733837e+00
4.866988634339533746e+03 1.318111455108359031e+00
4.867016538964903702e+03 1.315789473684210620e+00
4.867044543606850311e+03 1.272445820433436570e+00
4.867072448232219358e+03 1.322755417956656299e+00
4.867100452874167786e+03 7.755417956656346368e-01
4.867128357499536833e+03 1.074303405572755388e+00
4.867156262124905879e+03 1.243808049535603644e+00
4.867184266766854307e+03 1.251547987616099089e+00
4.867212171392223354e+03 1.638544891640866918e+00
4.867240176034169963e+03 1.407120743034055765e+00
4.867268080659539919e+03 1.080495356037151744e+00
4.867295985284908966e+03 1.242260061919504555e+00
4.867323889910278012e+03 9.226006191950464341e-01
4.867351894552225531e+03 1.679566563467492335e+00
4.867379799177595487e+03 1.373065015479876250e+00
4.867407703802964534e+03 1.273219814241486114e+00
4.867435708444912052e+03 1.095975232198142413e+00
4.867463613070282008e+03 1.562693498452012442e+00
4.867491517695650145e+03 1.723684210526315708e+00
4.867519422321019192e+03 1.181888544891640969e+00
4.867547326946388239e+03 1.424148606811145523e+00
4.867575331588336667e+03 1.860681114551083537e+00
4.867603236213705713e+03 1.146284829721362142e+00
4.867631140839074760e+03 1.047987616099071317e+00
4.867659045464444716e+03 1.376934984520123750e+00
4.867686950089813763e+03 1.222136222910216619e+00
4.867714854715182810e+03 1.256191950464396356e+00
4.867742759340551856e+03 1.393188854489164186e+00
4.867770763982500284e+03 1.630030959752321928e+00
4.867798668607868422e+03 1.629256965944272384e+00
4.867826573233237468e+03 1.246130030959752277e+00
4.867854477858607424e+03 1.124613003095975339e+00
4.867882382483976471e+03 1.700464396284829816e+00
4.867910287109345518e+03 1.253869969040247723e+00
4.867938191734714565e+03 1.866873065015479893e+00
4.867966096360084521e+03 1.194272445820433459e+00
4.867994000985453567e+03 1.369969040247678072e+00
4.868021905610822614e+03 1.225232198142414797e+00
4.868049810236191661e+03 1.099845201238390136e+00
4.868077714861561617e+03 1.579721362229102199e+00
4.868105619486930664e+03 8.575851393188854699e-01
4.868133524112299710e+03 9.040247678018575872e-01
4.868161428737668757e+03 1.455108359133126861e+00
4.868189333363038713e+03 1.415634674922600533e+00
4.868217237988407760e+03 1.239938080495356143e+00
4.868245042597198335e+03 2.044117647058823373e+00
4.868272947222567382e+03 2.151702786377708954e+00
4.868300851847937338e+03 1.582817337461300378e+00
4.868328756473306385e+03 1.495356037151702733e+00
4.868356661098675431e+03 1.331269349845201289e+00
4.868384565724044478e+03 1.261609907120742946e+00
4.868412470349414434e+03 1.635448916408668740e+00
4.868440274958205009e+03 1.202012383900928683e+00
4.868468179583574056e+03 1.179566563467492335e+00
4.868496084208943103e+03 9.195046439628482560e-01
4.868523988834313059e+03 1.828173374613003110e+00
4.868551793443103634e+03 1.299535603715170184e+00
4.868579698068472680e+03 9.613003095975232171e-01
4.868607602693841727e+03 1.714396284829721395e+00
4.868635507319210774e+03 1.410990712074303488e+00
4.868663311928002258e+03 1.803405572755417907e+00
4.868691216553371305e+03 1.155572755417956676e+00
4.868719121178740352e+03 1.760835913312693402e+00
4.868746925787530927e+03 1.181888544891640969e+00
4.868774830412900883e+03 1.537925696594427238e+00
4.868802735038269930e+03 1.649380804953560320e+00
4.868830539647060505e+03 1.132352941176470562e+00
4.868858444272429551e+03 1.310371517027863808e+00
4.868886348897798598e+03 1.551857585139318818e+00
4.868914153506590083e+03 1.342105263157894690e+00
4.868942058131959129e+03 1.118421052631578982e+00
4.868969862740749704e+03 1.231424148606811153e+00
4.868997767366118751e+03 1.456656346749225950e+00
4.869025571974909326e+03 7.577399380804953344e-01
4.869053476600279282e+03 1.210526315789473673e+00
4.869081381225648329e+03 8.250773993808049322e-01
4.869109185834438904e+03 1.394736842105263053e+00
4.869137090459807951e+03 1.270123839009287936e+00
4.869164895068599435e+03 1.174148606811145523e+00
4.869192799693968482e+03 1.539473684210526327e+00
4.869220604302759966e+03 1.928018575851393246e+00
4.869248408911550541e+03 1.314241486068111531e+00
4.869276313536919588e+03 9.380804953560371029e-01
4.869304118145710163e+03 1.414860681114550989e+00
4.869332022771080119e+03 1.622291021671826705e+00
4.869359827379870694e+03 6.780185758513931349e-01
4.869387631988661269e+03 7.314241486068111531e-01
4.869415536614030316e+03 1.753869969040247723e+00
4.869443341222820891e+03 1.339783281733746056e+00
4.869471245848190847e+03 1.946594427244582093e+00
4.869499050456981422e+03 1.657120743034055765e+00
4.869526855065772907e+03 7.360681114551083093e-01
4.869554759691141953e+03 1.823529411764705843e+00
4.869582564299932528e+03 9.775541795665634304e-01
4.869610368908723103e+03 1.657120743034055765e+00
4.869638173517513678e+03 7.058823529411765163e-01
4.869666078142883634e+03 1.098297213622291046e+00
4.869693882751674209e+03 1.260835913312693402e+00
4.869721687360464784e+03 8.691950464396285270e-01
4.869749491969256269e+03 1.945046439628483004e+00
4.869777396594625316e+03 3.082043343653250833e+00
4.869805201203416800e+03 2.042569659442724284e+00
4.869833005812207375e+03 1.463622291021671851e+00
4.869860810420997950e+03 1.356811145510835814e+00
4.869888615029788525e+03 1.686532507739938014e+00
4.869916519655157572e+03 1.379256965944272384e+00
4.869944324263948147e+03 1.962848297213622306e+00
4.869972128872739631e+03 7.314241486068111531e-01
4.869999933481531116e+03 1.588235294117646967e+00
4.870027738090321691e+03 6.052631578947368363e-01
4.870055542699112266e+03 1.286377708978328149e+00
4.870083347307902841e+03 1.582817337461300378e+00
4.870111151916693416e+03 1.348297213622291046e+00
4.870138956525484900e+03 1.623065015479876250e+00
4.870166761134275475e+03 1.448916408668730726e+00
4.870194665759645432e+03 1.318111455108359031e+00
4.870222470368436007e+03 1.415634674922600533e+00
4.870250274977226582e+03 1.318885448916408576e+00
4.870278079586017157e+03 1.680340557275541880e+00
4.870305884194807732e+03 1.401702786377708954e+00
4.870333688803599216e+03 1.325077399380804932e+00
4.870361393395811319e+03 1.825851393188854477e+00
4.870389198004601894e+03 1.520123839009287936e+00
4.870417002613393379e+03 9.806501547987616085e-01
4.870444807222183954e+03 1.470588235294117752e+00
4.870472611830975438e+03 1.135448916408668740e+00
4.870500416439766013e+03 1.354489164086687403e+00
4.870528221048556588e+03 1.291021671826625417e+00
4.870556025657347163e+03 1.540247678018575872e+00
4.870583830266137738e+03 1.272445820433436570e+00
4.870611634874929223e+03 1.451238390092879360e+00
4.870639339467142236e+03 1.331269349845201289e+00
4.870667144075932811e+03 1.345975232198142413e+00
4.870694948684723386e+03 1.404798761609907132e+00
4.870722753293513961e+03 1.711300309597523217e+00
4.870750557902305445e+03 9.791021671826625195e-01
4.870778262494517548e+03 1.456656346749225950e+00
4.870806067103308123e+03 1.676470588235294157e+00
4.870833871712098698e+03 1.619195046439628527e+00
4.870861676320890183e+03 1.500000000000000000e+00
4.870889380913103196e+03 1.914086687306501444e+00
4.870917185521893771e+03 8.366873065015479893e-01
4.870944990130684346e+03 1.335139318885449011e+00
4.870972794739474921e+03 1.732198142414860698e+00
4.871000499331687934e+03 1.234520123839009331e+00
4.871028303940478509e+03 1.506965944272445901e+00
4.871056108549269084e+03 1.426470588235294157e+00
4.871083813141482096e+03 1.154024767801857587e+00
4.871111617750272671e+03 1.665634674922600533e+00
4.871139322342484775e+03 1.218266253869969118e+00
4.871167126951276259e+03 1.630030959752321928e+00
4.871194931560066834e+03 1.406346749226006221e+00
4.871222636152279847e+03 1.657120743034055765e+00
4.871250440761070422e+03 1.723684210526315708e+00
4.871278145353282525e+03 1.029411764705882248e+00
4.871305949962074010e+03 1.684210526315789380e+00
4.871333654554286113e+03 1.338235294117646967e+00
4.871361459163076688e+03 1.862229102167182626e+00
4.871389163755289701e+03 1.073529411764705843e+00
4.871416968364080276e+03 2.120743034055727616e+00
4.871444672956292379e+03 1.166408668730650078e+00
4.871472477565082954e+03 1.907120743034055765e+00
4.871500182157295967e+03 1.476006191950464341e+00
4.871527986766086542e+03 1.462848297213622306e+00
4.871555691358299555e+03 7.198142414860680960e-01
4.871583495967090130e+03 1.145510835913312597e+00
4.871611200559303143e+03 1.842105263157894690e+00
4.871638905151515246e+03 7.631578947368421462e-01
4.871666709760305821e+03 1.407120743034055765e+00
4.871694414352518834e+03 7.685758513931888469e-01
4.871722218961309409e+03 1.242260061919504555e+00
4.871749923553521512e+03 1.613777089783281715e+00
4.871777628145734525e+03 1.899380804953560320e+00
4.871805432754525100e+03 1.086687306501547878e+00
4.871833137346737203e+03 7.925696594427245056e-01
4.871860841938950216e+03 9.636222910216718507e-01
4.871888546531162319e+03 7.670278637770897578e-01
4.871916351139952894e+03 3.869969040247678294e-01
4.871944055732165907e+03 4.442724458204334592e-01
4.871971760324378010e+03 8.668730650154798933e-01
4.871999464916590114e+03 1.491486068111455010e+00
4.872027269525381598e+03 1.038699690402476783e+00
4.872054974117593702e+03 1.490712074303405466e+00
4.872082678709805805e+03 6.996904024767801600e-01
4.872110383302018818e+03 6.934984520123839147e-01
4.872138087894230921e+03 1.200464396284829816e+00
4.872165892503022405e+03 1.323529411764705843e+00
4.872193597095235418e+03 5.712074303405573206e-01
4.872221301687447522e+03 1.136996904024767829e+00
4.872249006279660534e+03 1.100619195046439680e+00
4.872276710871872638e+03 1.407120743034055765e+00
4.872304415464084741e+03 1.404024767801857587e+00
4.872332120056297754e+03 1.298761609907120640e+00
4.872359824648509857e+03 9.411764705882352811e-01
4.872387529240722870e+03 9.156346749226006443e-01
4.872415333849513445e+03 1.136222910216718285e+00
4.872443038441725548e+03 8.467492260061919573e-01
4.872470743033938561e+03 9.984520123839009109e-01
4.872498447626150664e+03 1.393188854489164186e+00
4.872526152218362768e+03 1.272445820433436570e+00
4.872553856810575780e+03 6.756965944272446123e-01
4.872581561402787884e+03 1.397058823529411686e+00
4.872609265994999987e+03 1.334365325077399467e+00
4.872636970587213000e+03 8.173374613003095979e-01
4.872664575162847541e+03 1.115325077399380804e+00
4.872692279755059644e+03 1.422600619195046434e+00
4.872719984347271748e+03 1.662538699690402577e+00
4.872747688939484760e+03 1.421826625386996890e+00
4.872775393531696864e+03 1.428018575851393246e+00
4.872803098123908967e+03 1.411764705882353033e+00
4.872830802716121980e+03 1.328173374613003110e+00
4.872858507308334083e+03 8.243034055727553877e-01
4.872886211900547096e+03 7.368421052631578538e-01
4.872913816476180727e+03 7.840557275541795157e-01
4.872941521068393740e+03 7.616099071207430571e-01
4.872969225660605844e+03 8.188854489164086869e-01
4.872996930252817947e+03 9.434984520123839147e-01
4.873024634845030960e+03 1.407120743034055765e+00
