4.849328510606052077e+03 6.628175519630484791e-01
4.849357213256594150e+03 4.942263279445727742e-01
4.849385815897901011e+03 5.796766743648961162e-01
4.849414518548443084e+03 4.364896073903002383e-01
4.849443221198986066e+03 6.235565819861431658e-01
4.849471823840293837e+03 5.796766743648961162e-01
4.849500526490835909e+03 6.327944572748267493e-01
4.849529129132142771e+03 2.725173210161662696e-01
4.849557831782685753e+03 6.073903002309468668e-01
4.849586434423992614e+03 5.404157043879908029e-01
4.849615137074534687e+03 6.027713625866051306e-01
4.849643839725077669e+03 6.558891454965357637e-01
4.849672442366385440e+03 2.055427251732101501e-01
4.849701145016927512e+03 5.773672055427251371e-01
4.849729747658234373e+03 5.150115473441108094e-01
4.849758450308776446e+03 6.212471131639722977e-01
4.849787052950084217e+03 5.727482678983834008e-01
4.849815655591391078e+03 6.882217090069283616e-01
4.849844358241933151e+03 6.905311778290993407e-01
4.849872960883240921e+03 5.773672055427251371e-01
4.849901663533783903e+03 5.866050808314087206e-01
4.849930266175090765e+03 5.658198614318706854e-01
4.849958968825633747e+03 5.612009237875288381e-01
4.849987571466940608e+03 4.572748267898383290e-01
4.850016174108247469e+03 6.466512702078521801e-01
4.850044876758790451e+03 5.381062355658198237e-01
4.850073479400097312e+03 7.967667436489607180e-01
4.850102082041404174e+03 7.090069284064665078e-01
4.850130784691946246e+03 7.297921478060046541e-01
4.850159387333254017e+03 5.958429561200924152e-01
4.850187989974560878e+03 6.743648960739030418e-01
4.850216692625102951e+03 5.981524249422632833e-01
4.850245295266410722e+03 6.674364896073903264e-01
4.850273897907717583e+03 3.972286374133949249e-01
4.850302500549025353e+03 4.642032332563510444e-01
4.850331203199568336e+03 8.383371824480368995e-01
4.850359805840875197e+03 5.704387990762124216e-01
4.850388408482182058e+03 5.819861431870669843e-01
4.850417011123488919e+03 5.842956120092378525e-01
4.850445713774031901e+03 5.658198614318706854e-01
4.850474316415339672e+03 5.588914549653579700e-01
4.850502919056646533e+03 9.030023094688222063e-01
4.850531521697953394e+03 6.581986143187067428e-01
4.850560124339260256e+03 6.073903002309468668e-01
4.850588726980567117e+03 6.836027713625866253e-01
4.850617329621874887e+03 7.667436489607389882e-01
4.850646032272417870e+03 6.443418013856813120e-01
4.850674634913724731e+03 7.621247113163972520e-01
4.850703237555031592e+03 8.591224018475750457e-01
4.850731840196338453e+03 7.829099307159352872e-01
4.850760442837645314e+03 7.020785219399537924e-01
4.850789045478953085e+03 7.875288683602771345e-01
4.850817648120259946e+03 7.528868360277136684e-01
4.850846250761566807e+03 6.304849884526558812e-01
4.850874853402874578e+03 8.290993071593533159e-01
4.850903456044181439e+03 5.011547344110854896e-01
4.850932058685489210e+03 6.836027713625866253e-01
4.850960661326796071e+03 5.311778290993071083e-01
4.850989263968102932e+03 8.060046189376443015e-01
4.851017866609410703e+03 8.267898383371824478e-01
4.851046469250717564e+03 6.351039260969977285e-01
4.851075071892025335e+03 7.898383371824480026e-01
4.851103674533332196e+03 8.475750577367205940e-01
4.851132277174639057e+03 4.642032332563510444e-01
4.851160779806710707e+03 5.542725173210161227e-01
4.851189382448017568e+03 6.351039260969977285e-01
4.851217985089325339e+03 6.397228637413394647e-01
4.851246587730632200e+03 7.898383371824480026e-01
4.851275190371939971e+03 8.775981524249422128e-01
4.851303793013246832e+03 6.327944572748267493e-01
4.851332395654553693e+03 7.736720554272517036e-01
4.851360898286625343e+03 5.011547344110854896e-01
4.851389500927932204e+03 8.591224018475750457e-01
4.851418103569239975e+03 5.473441108545035183e-01
4.851446706210546836e+03 6.120092378752887141e-01
4.851475208842619395e+03 6.743648960739030418e-01
4.851503811483926256e+03 6.189376443418014295e-01
4.851532414125234027e+03 5.958429561200924152e-01
4.851561016766540888e+03 6.558891454965357637e-01
4.851589519398612538e+03 3.210161662817552219e-01
4.851618122039919399e+03 5.819861431870669843e-01
4.851646724681226260e+03 4.180138568129330157e-01
4.851675227313298819e+03 5.981524249422632833e-01
4.851703829954605681e+03 4.434180138568129537e-01
4.851732432595913451e+03 4.757505773672055516e-01
4.851760935227984191e+03 3.718244803695149869e-01
4.851789537869291962e+03 5.542725173210161227e-01
4.851818140510598823e+03 6.073903002309468668e-01
4.851846643142671383e+03 5.750577367205542689e-01
4.851875245783978244e+03 3.718244803695149869e-01
4.851903748416049893e+03 6.304849884526558812e-01
4.851932351057356755e+03 8.083140877598152807e-01
4.851960953698664525e+03 8.036951501154734334e-01
4.851989456330736175e+03 6.535796766743648956e-01
4.852018058972043946e+03 4.942263279445727742e-01
4.852046561604114686e+03 5.866050808314087206e-01
4.852075164245422457e+03 6.997690531177829243e-01
4.852103666877494106e+03 9.307159353348729569e-01
4.852132269518801877e+03 8.706697459584296084e-01
4.852160772150872617e+03 4.318706697459584465e-01
4.852189374792180388e+03 6.605080831408776110e-01
4.852217877424252038e+03 8.337182448036951632e-01
4.852246480065559808e+03 7.505773672055426893e-01
4.852274982697630549e+03 6.859122401847574935e-01
4.852303485329703108e+03 6.997690531177829243e-01
4.852332087971009969e+03 6.997690531177829243e-01
4.852360590603081619e+03 5.542725173210161227e-01
4.852389193244388480e+03 9.260969976905312206e-01
4.852417695876461039e+03 5.057736720554272258e-01
4.852446198508531779e+03 4.780600461893764197e-01
4.852474801149839550e+03 6.166281755196304504e-01
4.852503303781911200e+03 8.129330254041570170e-01
4.852531806413982849e+03 9.976905311778291319e-01
4.852560409055290620e+03 1.016166281755196410e+00
4.852588911687362270e+03 7.113163972286373760e-01
4.852617414319434829e+03 6.928406466512702089e-01
4.852645916951505569e+03 7.736720554272517036e-01
4.852674519592813340e+03 4.942263279445727742e-01
4.852703022224884990e+03 6.558891454965357637e-01
4.852731524856956639e+03 6.258660508083140339e-01
4.852760027489029198e+03 8.106235565819861488e-01
4.852788630130336060e+03 9.260969976905312206e-01
4.852817132762407709e+03 6.304849884526558812e-01
4.852845635394479359e+03 8.729792147806004765e-01
4.852874138026551009e+03 9.307159353348729569e-01
4.852902640658622659e+03 9.053117782909930744e-01
4.852931143290695218e+03 8.706697459584296084e-01
4.852959745932002079e+03 5.588914549653579700e-01
4.852988248564073729e+03 7.390300230946882376e-01
4.853016751196146288e+03 7.852193995381062663e-01
4.853045253828217028e+03 1.036951501154734334e+00
4.853073756460289587e+03 9.099307159353349217e-01
4.853102259092361237e+03 5.958429561200924152e-01
4.853130761724432887e+03 6.120092378752887141e-01
4.853159264356505446e+03 7.575057736720554047e-01
4.853187766988576186e+03 6.605080831408776110e-01
4.853216269620648745e+03 8.106235565819861488e-01
4.853244772252720395e+03 5.912240184757505679e-01
4.853273274884792045e+03 6.304849884526558812e-01
4.853301777516863694e+03 6.281755196304850131e-01
4.853330280148935344e+03 5.450346420323325392e-01
4.853358782781007903e+03 7.482678983833718211e-01
4.853387285413079553e+03 5.080831408775982050e-01
4.853415788045151203e+03 7.344110854503463903e-01
4.853444290677222853e+03 7.990762124711315861e-01
4.853472793309295412e+03 7.251732101616628068e-01
4.853501295941367061e+03 6.836027713625866253e-01
4.853529798573438711e+03 7.182448036951500914e-01
4.853558301205510361e+03 4.665127020785219125e-01
4.853586803837582011e+03 8.198614318706697324e-01
4.853615206460418449e+03 8.314087759815242951e-01
4.853643709092490099e+03 7.066974595842956397e-01
4.853672211724562658e+03 5.565819861431871018e-01
4.853700714356634307e+03 8.729792147806004765e-01
4.853729216988705957e+03 9.214780600461893734e-01
4.853757719620777607e+03 8.498845265588914621e-01
4.853786122243614955e+03 8.314087759815242951e-01
4.853814624875685695e+03 8.337182448036951632e-01
4.853843127507758254e+03 1.203233256351039282e+00
4.853871630139829904e+03 8.036951501154734334e-01
4.853900032762665433e+03 1.013856812933025431e+00
4.853928535394737992e+03 1.023094688221708903e+00
4.853957038026810551e+03 6.974595842956120562e-01
4.853985540658881291e+03 9.653579676674365340e-01
4.854013943281717729e+03 8.775981524249422128e-01
4.854042445913790289e+03 9.006928406466512271e-01
4.854070948545861938e+03 6.997690531177829243e-01
4.854099351168698377e+03 7.575057736720554047e-01
4.854127853800770026e+03 5.450346420323325392e-01
4.854156256423607374e+03 7.528868360277136684e-01
4.854184759055678114e+03 9.214780600461893734e-01
4.854213261687750673e+03 7.020785219399537924e-01
4.854241664310587112e+03 1.073903002309468890e+00
4.854270166942658761e+03 5.334872979214780875e-01
4.854298569565495200e+03 8.106235565819861488e-01
4.854327072197566849e+03 7.921478060046189817e-01
4.854355574829638499e+03 7.944572748267898499e-01
4.854383977452474937e+03 9.260969976905312206e-01
4.854412480084547497e+03 7.621247113163972520e-01
4.854440882707383935e+03 7.182448036951500914e-01
4.854469385339454675e+03 8.937644341801386227e-01
4.854497787962292023e+03 6.073903002309468668e-01
4.854526290594363672e+03 6.697459584295611945e-01
4.854554693217200111e+03 8.475750577367205940e-01
4.854583195849271760e+03 7.274826789838336749e-01
4.854611598472108199e+03 8.891454965357967755e-01
4.854640001094944637e+03 1.000000000000000000e+00
4.854668503727017196e+03 7.505773672055426893e-01
4.854696906349852725e+03 5.796766743648961162e-01
4.854725408981925284e+03 5.704387990762124216e-01
4.854753811604761722e+03 9.953810623556581527e-01
4.854782214227598161e+03 9.953810623556581527e-01
4.854810716859669810e+03 8.937644341801386227e-01
4.854839119482506248e+03 1.009237875288683695e+00
4.854867522105342687e+03 1.073903002309468890e+00
4.854896024737415246e+03 1.117782909930715940e+00
4.854924427360250775e+03 1.103926096997690509e+00
4.854952829983087213e+03 1.071593533487297911e+00
4.854981332615159772e+03 1.226327944572748185e+00
4.855009735237996210e+03 1.090069284064665078e+00
4.855038137860832649e+03 1.060046189376443460e+00
4.855066540483668177e+03 9.330254041570438250e-01
4.855095043115740737e+03 7.482678983833718211e-01
4.855123445738577175e+03 6.997690531177829243e-01
4.855151848361413613e+03 8.290993071593533159e-01
4.855180250984250961e+03 8.129330254041570170e-01
4.855208653607086490e+03 9.191685912240185052e-01
4.855237156239158139e+03 8.660508083140877611e-01
4.855265558861995487e+03 5.866050808314087206e-01
4.855293961484831925e+03 6.397228637413394647e-01
4.855322364107667454e+03 4.180138568129330157e-01
4.855350766730503892e+03 7.852193995381062663e-01
4.855379169353341240e+03 1.304849884526558812e+00
4.855407571976177678e+03 8.960739030023094909e-01
4.855435974599014116e+03 6.674364896073903264e-01
4.855464477231085766e+03 8.360277136258660313e-01
4.855492879853922204e+03 9.168591224018475261e-01
4.855521282476758643e+03 9.491916859122402350e-01
4.855549685099595081e+03 8.637413394919168930e-01
4.855578087722431519e+03 7.875288683602771345e-01
4.855606490345268867e+03 6.466512702078521801e-01
4.855634892968104396e+03 8.775981524249422128e-01
4.855663295590940834e+03 8.267898383371824478e-01
4.855691698213777272e+03 5.635103926096998173e-01
4.855720100836613710e+03 6.974595842956120562e-01
4.855748503459451058e+03 4.803695150115473433e-01
4.855776906082287496e+03 9.630484988452655548e-01
4.855805308705123934e+03 8.475750577367205940e-01
4.855833611318725161e+03 7.251732101616628068e-01
4.855862013941560690e+03 6.420323325635104439e-01
4.855890416564397128e+03 6.720554272517320626e-01
4.855918819187234476e+03 8.799076212471131919e-01
4.855947221810070914e+03 8.060046189376443015e-01
4.855975624432907352e+03 9.053117782909930744e-01
4.856004027055743791e+03 8.498845265588914621e-01
4.856032429678579319e+03 9.422632794457275196e-01
4.856060732292181456e+03 8.591224018475750457e-01
4.856089134915017894e+03 9.676674364896074021e-01
4.856117537537854332e+03 8.683602771362586292e-01
4.856145940160690770e+03 8.568129330254041776e-01
4.856174342783527209e+03 8.660508083140877611e-01
4.856202645397128435e+03 7.782909930715935509e-01
4.856231048019964874e+03 1.184757505773672115e+00
4.856259450642801312e+03 8.406466512702078786e-01
4.856287853265637750e+03 9.653579676674365340e-01
4.856316155879238977e+03 1.004618937644341736e+00
4.856344558502075415e+03 6.512702078521940274e-01
4.856372961124911853e+03 7.459584295612009530e-01
4.856401263738513080e+03 8.983833718244803590e-01
4.856429666361349518e+03 7.159353348729792232e-01
4.856458068984185957e+03 6.189376443418014295e-01
4.856486371597787183e+03 6.905311778290993407e-01
4.856514774220623622e+03 4.988452655889145659e-01
4.856543176843460060e+03 6.882217090069283616e-01
4.856571479457061287e+03 5.057736720554272258e-01
4.856599882079898634e+03 1.060046189376443460e+00
4.856628184693498952e+03 5.958429561200924152e-01
4.856656587316335390e+03 7.159353348729792232e-01
4.856684989939171828e+03 7.528868360277136684e-01
4.856713292552773055e+03 7.736720554272517036e-01
4.856741695175609493e+03 7.667436489607389882e-01
4.856769997789210720e+03 7.528868360277136684e-01
4.856798400412047158e+03 7.159353348729792232e-01
4.856826703025648385e+03 1.076212471131639647e+00
4.856855105648484823e+03 7.875288683602771345e-01
4.856883408262086050e+03 1.249422632794457311e+00
4.856911810884922488e+03 9.722863741339491384e-01
4.856940113498523715e+03 9.491916859122402350e-01
4.856968516121360153e+03 8.868360277136259073e-01
4.856996818734961380e+03 1.131639722863741371e+00
4.857025121348562607e+03 1.055427251732101723e+00
4.857053523971399045e+03 1.108545034642032245e+00
4.857081826585000272e+03 1.115473441108544961e+00
4.857110229207836710e+03 8.683602771362586292e-01
4.857138531821437937e+03 6.281755196304850131e-01
4.857166834435039164e+03 5.981524249422632833e-01
4.857195237057875602e+03 8.175519630484988642e-01
4.857223539671476829e+03 7.159353348729792232e-01
4.857251842285078055e+03 8.822170900692840600e-01
4.857280244907914494e+03 9.745958429561201175e-01
4.857308547521515720e+03 1.055427251732101723e+00
4.857336850135116947e+03 1.110854503464203225e+00
4.857365152748717264e+03 1.279445727482678929e+00
4.857393555371554612e+03 1.062355658198614217e+00
4.857421857985155839e+03 1.133949191685912350e+00
4.857450160598756156e+03 9.815242494226328329e-01
4.857478463212357383e+03 9.653579676674365340e-01
4.857506865835193821e+03 9.838337182448037010e-01
4.857535168448795048e+03 1.055427251732101723e+00
4.857563471062396275e+03 9.515011547344111031e-01
4.857591773675997501e+03 7.066974595842956397e-01
4.857620076289598728e+03 8.452655889145496149e-01
4.857648378903199955e+03 6.466512702078521801e-01
4.857676781526036393e+03 8.152424942263279961e-01
4.857705084139637620e+03 9.214780600461893734e-01
4.857733386753238847e+03 7.898383371824480026e-01
4.857761689366839164e+03 7.321016166281755222e-01
4.857789991980440391e+03 7.829099307159352872e-01
4.857818294594041618e+03 8.591224018475750457e-01
4.857846597207642844e+03 7.390300230946882376e-01
4.857874899821244071e+03 5.889145496535796998e-01
4.857903202434845298e+03 7.806004618937644191e-01
4.857931505048446525e+03 6.674364896073903264e-01
4.857959807662046842e+03 8.498845265588914621e-01
4.857988110275648069e+03 7.829099307159352872e-01
4.858016412889249295e+03 7.136258660508083551e-01
4.858044715502851432e+03 7.990762124711315861e-01
4.858073018116452658e+03 8.221709006928406005e-01
4.858101320730053885e+03 7.090069284064665078e-01
4.858129623343655112e+03 8.822170900692840600e-01
4.858157925957255429e+03 6.512702078521940274e-01
4.858186228570856656e+03 1.060046189376443460e+00
4.858214531184457883e+03 8.106235565819861488e-01
4.858242833798059110e+03 1.018475750577367167e+00
4.858271136411660336e+03 6.997690531177829243e-01
4.858299439025261563e+03 8.614318706697459138e-01
4.858327641629626669e+03 7.228637413394919387e-01
4.858355944243227896e+03 9.445727482678983877e-01
4.858384246856829122e+03 7.505773672055426893e-01
4.858412549470431259e+03 7.690531177829099674e-01
4.858440852084032485e+03 8.175519630484988642e-01
4.858469154697632803e+03 7.090069284064665078e-01
4.858497357301998818e+03 7.182448036951500914e-01
4.858525659915600045e+03 7.390300230946882376e-01
4.858553962529201272e+03 6.420323325635104439e-01
4.858582265142801589e+03 1.043879907621247050e+00
4.858610467747167604e+03 8.822170900692840600e-01
4.858638770360768831e+03 1.066974595842956175e+00
4.858667072974370967e+03 8.429561200923787467e-01
4.858695375587971284e+03 9.953810623556581527e-01
4.858723578192337300e+03 7.875288683602771345e-01
4.858751880805938526e+03 7.413394919168591057e-01
4.858780183419539753e+03 8.845265588914549282e-01
4.858808386023904859e+03 7.967667436489607180e-01
4.858836688637506086e+03 9.168591224018475261e-01
4.858864891241872101e+03 9.053117782909930744e-01
4.858893193855473328e+03 9.815242494226328329e-01
4.858921496469074555e+03 9.745958429561201175e-01
4.858949699073440570e+03 1.036951501154734334e+00
4.858978001687040887e+03 9.538106235565819713e-01
4.859006204291406902e+03 1.018475750577367167e+00
4.859034506905008129e+03 1.196304849884526567e+00
4.859062809518609356e+03 1.228637413394919164e+00
4.859091012122975371e+03 1.140877598152424843e+00
4.859119314736576598e+03 1.122401847575057676e+00
4.859147517340941704e+03 1.168591224018475705e+00
4.859175819954542931e+03 9.191685912240185052e-01
4.859204022558908946e+03 6.836027713625866253e-01
4.859232325172511082e+03 9.745958429561201175e-01
4.859260527776876188e+03 1.080831408775981606e+00
4.859288830390477415e+03 8.683602771362586292e-01
4.859317032994842521e+03 9.722863741339491384e-01
4.859345235599208536e+03 1.166281755196304948e+00
4.859373538212810672e+03 1.011547344110854452e+00
4.859401740817175778e+03 1.076212471131639647e+00
4.859430043430777005e+03 9.676674364896074021e-01
4.859458246035143020e+03 1.011547344110854452e+00
4.859486448639508126e+03 1.096997690531177794e+00
4.859514751253109353e+03 8.706697459584296084e-01
4.859542953857475368e+03 1.050808314087759765e+00
4.859571156461841383e+03 1.025404157043879882e+00
4.859599459075442610e+03 8.937644341801386227e-01
4.859627661679807716e+03 9.237875288683602415e-01
4.859655864284174640e+03 8.960739030023094909e-01
4.859684166897775867e+03 7.090069284064665078e-01
4.859712369502140973e+03 8.822170900692840600e-01
4.859740572106506988e+03 9.006928406466512271e-01
4.859768774710873004e+03 8.221709006928406005e-01
4.859797077324474230e+03 8.452655889145496149e-01
4.859825279928839336e+03 7.667436489607389882e-01
4.859853482533205352e+03 8.129330254041570170e-01
4.859881685137570457e+03 1.039260969976905313e+00
4.859909887741937382e+03 8.822170900692840600e-01
4.859938190355538609e+03 7.621247113163972520e-01
4.859966392959903715e+03 8.521939953810623303e-01
4.859994595564269730e+03 1.025404157043879882e+00
4.860022798168635745e+03 6.743648960739030418e-01
4.860051000773001761e+03 9.884526558891455483e-01
4.860079203377366866e+03 9.053117782909930744e-01
4.860107405981733791e+03 7.944572748267898499e-01
4.860135608586098897e+03 7.921478060046189817e-01
4.860163811190464912e+03 9.053117782909930744e-01
4.860192113804065229e+03 1.006928406466512715e+00
4.860220316408431245e+03 1.020785219399538146e+00
4.860248519012797260e+03 9.769053117782909856e-01
4.860276721617163275e+03 1.046189376443418029e+00
4.860304924221528381e+03 1.013856812933025431e+00
4.860333126825895306e+03 1.087759815242494321e+00
4.860361329430260412e+03 8.845265588914549282e-01
4.860389532034626427e+03 1.166281755196304948e+00
4.860417734638991533e+03 9.976905311778291319e-01
4.860445937243358458e+03 9.330254041570438250e-01
4.860474039838488352e+03 1.180138568129330157e+00
4.860502242442853458e+03 8.383371824480368995e-01
4.860530445047220383e+03 1.147806004618937559e+00
4.860558647651585488e+03 1.267898383371824478e+00
4.860586850255951504e+03 9.145496535796766580e-01
4.860615052860317519e+03 1.076212471131639647e+00
4.860643255464683534e+03 1.113163972286374204e+00
4.860671458069048640e+03 1.117782909930715940e+00
4.860699660673414655e+03 1.288683602771362624e+00
4.860727763268545459e+03 1.487297921478059948e+00
4.860755965872910565e+03 1.674364896073903042e+00
4.860784168477277490e+03 1.618937644341801319e+00
4.860812371081642596e+03 1.921478060046189373e+00
4.860840573686008611e+03 2.249422632794457311e+00
4.860868676281139415e+03 2.572748267898383290e+00
4.860896878885505430e+03 3.743648960739029974e+00
4.860925081489870536e+03 3.840646651270207990e+00
4.860953284094236551e+03 3.926096997690531332e+00
4.860981386689367355e+03 4.958429561200923708e+00
4.861009589293732461e+03 5.175519630484988198e+00
4.861037791898099385e+03 5.392609699769052689e+00
4.861065894493229280e+03 5.734411085450346057e+00
4.861094097097594386e+03 5.600461893764434151e+00
4.861122299701961310e+03 5.533487297921477754e+00
4.861150402297091205e+03 5.316397228637413264e+00
4.861178604901456310e+03 4.852193995381062663e+00
4.861206807505823235e+03 4.736720554272517703e+00
4.861234910100953130e+03 4.639722863741339687e+00
4.861263112705318235e+03 4.780600461893764752e+00
4.861291315309685160e+03 4.635103926096997284e+00
4.861319417904815054e+03 4.217090069284064491e+00
4.861347620509181070e+03 4.411085450346420522e+00
4.861375723104311874e+03 4.228637413394919164e+00
4.861403925708676979e+03 4.182448036951501358e+00
4.861432028303807783e+03 4.214780600461893734e+00
4.861460230908173799e+03 4.025404157043880105e+00
4.861488333503304602e+03 4.249422632794456867e+00
4.861516536107669708e+03 4.136258660508083551e+00
4.861544638702799602e+03 4.191685912240184386e+00
4.861572841307166527e+03 3.903002309468821984e+00
4.861600943902296422e+03 3.983833718244803812e+00
4.861629146506662437e+03 3.990762124711316527e+00
4.861657249101793241e+03 3.600461893764434151e+00
4.861685451706158346e+03 3.221709006928406449e+00
4.861713554301289150e+03 3.004618937644341958e+00
4.861741656896419045e+03 2.699769053117782924e+00
4.861769859500785969e+03 2.392609699769053133e+00
4.861797962095915864e+03 2.161662817551963212e+00
4.861826064691046668e+03 2.221709006928406449e+00
4.861854267295412683e+03 1.972286374133949138e+00
4.861882369890542577e+03 1.792147806004618982e+00
4.861910472485673381e+03 1.512702078521940052e+00
4.861938675090038487e+03 1.526558891454965261e+00
4.861966777685169291e+03 1.521939953810623525e+00
4.861994880280300094e+03 1.184757505773672115e+00
4.862023082884665200e+03 1.475750577367205496e+00
4.862051185479796004e+03 1.508083140877598094e+00
4.862079288074925898e+03 1.254041570438799047e+00
4.862107390670056702e+03 1.006928406466512715e+00
4.862135593274422718e+03 1.136258660508083107e+00
4.862163695869553521e+03 9.237875288683602415e-01
4.862191798464683416e+03 8.983833718244803590e-01
4.862219901059814219e+03 9.907621247113164165e-01
4.862248003654944114e+03 9.330254041570438250e-01
4.862276206259311039e+03 7.875288683602771345e-01
4.862304308854440933e+03 8.521939953810623303e-01
4.862332411449571737e+03 9.076212471131639425e-01
4.862360514044701631e+03 1.041570438799076292e+00
4.862388616639832435e+03 9.930715935334872846e-01
4.862416719234963239e+03 8.198614318706697324e-01
4.862444821830094043e+03 1.000000000000000000e+00
4.862472924425223937e+03 1.018475750577367167e+00
4.862501027020354741e+03 1.053117782909930744e+00
4.862529229624719846e+03 1.193995381062355587e+00
4.862557332219849741e+03 9.745958429561201175e-01
4.862585434814981454e+03 1.205542725173210261e+00
4.862613537410111348e+03 1.221709006928406449e+00
4.862641640005242152e+03 1.090069284064665078e+00
4.862669742600372047e+03 9.861431870669745692e-01
4.862697845195502850e+03 8.198614318706697324e-01
4.862725947790632745e+03 1.025404157043879882e+00
4.862754050385763549e+03 1.071593533487297911e+00
4.862782152980893443e+03 9.330254041570438250e-01
4.862810155566789035e+03 1.184757505773672115e+00
4.862838258161919839e+03 1.120092378752886919e+00
4.862866360757049733e+03 1.196304849884526567e+00
4.862894463352181447e+03 1.030023094688221619e+00
4.862922565947311341e+03 1.115473441108544961e+00
4.862950668542442145e+03 8.591224018475750457e-01
4.862978771137572039e+03 9.099307159353349217e-01
4.863006873732702843e+03 7.898383371824480026e-01
4.863034976327832737e+03 8.036951501154734334e-01
4.863062978913728330e+03 7.205542725173210705e-01
4.863091081508858224e+03 8.637413394919168930e-01
4.863119184103989028e+03 1.157043879907621253e+00
4.863147286699118922e+03 9.884526558891455483e-01
4.863175389294249726e+03 1.071593533487297911e+00
4.863203391880145318e+03 1.136258660508083107e+00
4.863231494475275213e+03 7.967667436489607180e-01
4.863259597070406016e+03 8.013856812933025653e-01
4.863287699665536820e+03 9.976905311778291319e-01
4.863315702251431503e+03 8.221709006928406005e-01
4.863343804846561397e+03 8.822170900692840600e-01
4.863371907441693111e+03 9.561200923787528394e-01
4.863399910027587794e+03 1.039260969976905313e+00
4.863428012622717688e+03 1.120092378752886919e+00
4.863456115217849401e+03 1.108545034642032245e+00
4.863484117803743175e+03 9.584295612009238186e-01
4.863512220398873978e+03 1.163972286374133969e+00
4.863540322994004782e+03 1.163972286374133969e+00
4.863568325579899465e+03 1.069284064665126932e+00
4.863596428175030269e+03 1.048498845265589008e+00
4.863624430760924952e+03 1.136258660508083107e+00
4.863652533356055756e+03 1.034642032332563577e+00
4.863680535941951348e+03 1.004618937644341736e+00
4.863708638537081242e+03 9.976905311778291319e-01
4.863736741132212046e+03 1.023094688221708903e+00
4.863764743718106729e+03 1.235565819861431880e+00
4.863792846313237533e+03 9.515011547344111031e-01
4.863820848899133125e+03 1.173210161662817441e+00
4.863848951494263019e+03 1.279445727482678929e+00
4.863876954080158612e+03 1.127020785219399635e+00
4.863905056675288506e+03 1.099307159353348773e+00
4.863933059261184098e+03 8.983833718244803590e-01
4.863961061847079691e+03 8.036951501154734334e-01
4.863989164442209585e+03 1.020785219399538146e+00
4.864017167028104268e+03 7.043879907621246605e-01
4.864045269623235981e+03 9.953810623556581527e-01
4.864073272209129755e+03 9.907621247113164165e-01
4.864101274795025347e+03 1.122401847575057676e+00
4.864129377390155241e+03 8.337182448036951632e-01
4.864157379976050834e+03 9.099307159353349217e-01
4.864185482571181637e+03 1.071593533487297911e+00
4.864213485157076320e+03 7.528868360277136684e-01
4.864241487742971913e+03 1.009237875288683695e+00
4.864269490328866596e+03 1.173210161662817441e+00
4.864297592923996490e+03 1.341801385681293368e+00
4.864325595509892082e+03 1.459584295612009308e+00
4.864353598095787675e+03 1.429561200923787467e+00
4.864381700690917569e+03 1.263279445727482742e+00
4.864409703276813161e+03 1.258660508083140783e+00
4.864437705862708754e+03 1.364896073903002272e+00
4.864465708448603436e+03 1.316397228637413486e+00
4.864493711034498119e+03 1.295612009237875339e+00
4.864521813629628923e+03 1.168591224018475705e+00
4.864549816215524515e+03 1.120092378752886919e+00
4.864577818801419198e+03 9.676674364896074021e-01
4.864605821387314791e+03 1.080831408775981606e+00
4.864633823973209473e+03 1.085450346420323342e+00
4.864661826559104156e+03 1.000000000000000000e+00
4.864689929154234960e+03 1.127020785219399635e+00
4.864717931740130552e+03 8.152424942263279961e-01
4.864745934326025235e+03 1.087759815242494321e+00
4.864773936911919918e+03 9.053117782909930744e-01
4.864801939497815511e+03 9.722863741339491384e-01
4.864829942083711103e+03 9.838337182448037010e-01
4.864857944669605786e+03 7.551963048498845366e-01
4.864885947255501378e+03 9.237875288683602415e-01
4.864913949841396061e+03 8.614318706697459138e-01
4.864941952427290744e+03 5.727482678983834008e-01
4.864969955013186336e+03 8.337182448036951632e-01
4.864997957599081928e+03 8.383371824480368995e-01
4.865025960184976611e+03 1.092378752886836057e+00
4.865053962770871294e+03 1.177829099307159400e+00
4.865081965356766887e+03 1.191685912240184830e+00
4.865109967942662479e+03 1.274826789838337193e+00
4.865137970528557162e+03 1.046189376443418029e+00
4.865165973114451845e+03 9.630484988452655548e-01
4.865193975700347437e+03 1.212471131639722755e+00
4.865221978286243029e+03 1.110854503464203225e+00
4.865249980872136803e+03 1.133949191685912350e+00
4.865277883448797184e+03 9.815242494226328329e-01
4.865305886034692776e+03 1.115473441108544961e+00
4.865333888620587459e+03 1.110854503464203225e+00
4.865361891206483051e+03 1.325635103926096958e+00
4.865389893792377734e+03 1.332563510392609674e+00
4.865417896378273326e+03 1.316397228637413486e+00
4.865445798954932798e+03 1.161662817551962990e+00
4.865473801540828390e+03 1.323325635103926201e+00
4.865501804126723073e+03 1.237875288683602859e+00
4.865529806712617756e+03 1.295612009237875339e+00
4.865557709289278137e+03 1.288683602771362624e+00
4.865585711875172819e+03 1.284064665127020888e+00
4.865613714461068412e+03 1.004618937644341736e+00
4.865641717046963095e+03 1.101616628175519530e+00
4.865669619623622566e+03 7.228637413394919387e-01
4.865697622209518158e+03 1.117782909930715940e+00
4.865725624795413751e+03 1.053117782909930744e+00
4.865753527372073222e+03 8.106235565819861488e-01
4.865781529957967905e+03 8.937644341801386227e-01
4.865809532543863497e+03 9.122401847575057898e-01
4.865837435120522969e+03 1.129330254041570392e+00
4.865865437706418561e+03 8.960739030023094909e-01
4.865893340283078032e+03 1.066974595842956175e+00
4.865921342868973625e+03 1.041570438799076292e+00
4.865949345454868308e+03 9.699769053117782702e-01
4.865977248031527779e+03 1.258660508083140783e+00
4.866005250617423371e+03 1.184757505773672115e+00
4.866033153194082843e+03 1.157043879907621253e+00
4.866061155779978435e+03 1.351039260969976841e+00
4.866089058356638816e+03 1.200923787528868303e+00
4.866117060942532589e+03 1.480369515011547454e+00
4.866144963519192970e+03 1.378752886836027702e+00
4.866172966105087653e+03 1.360277136258660535e+00
4.866200868681748034e+03 1.655889145496535875e+00
4.866228871267643626e+03 1.187066974595842872e+00
4.866256773844303098e+03 1.415704387990762037e+00
4.866284776430197780e+03 1.381062355658198681e+00
4.866312679006857252e+03 1.362586605080831514e+00
4.866340581583517633e+03 1.173210161662817441e+00
4.866368584169412316e+03 1.244803695150115574e+00
4.866396486746072696e+03 1.136258660508083107e+00
4.866424489331967379e+03 1.226327944572748185e+00
4.866452391908627760e+03 1.103926096997690509e+00
4.866480294485287232e+03 1.090069284064665078e+00
4.866508297071181914e+03 1.263279445727482742e+00
4.866536199647841386e+03 1.062355658198614217e+00
4.866564102224501767e+03 1.247113163972286332e+00
4.866592004801161238e+03 9.792147806004618538e-01
4.866620007387056830e+03 1.198614318706697546e+00
4.866647909963716302e+03 9.237875288683602415e-01
4.866675812540376683e+03 9.491916859122402350e-01
4.866703815126271365e+03 8.752886836027713446e-01
4.866731717702930837e+03 9.422632794457275196e-01
4.866759620279590308e+03 8.937644341801386227e-01
4.866787522856250689e+03 8.568129330254041776e-01
4.866815425432910160e+03 1.046189376443418029e+00
4.866843428018805753e+03 1.083140877598152363e+00
4.866871330595465224e+03 1.279445727482678929e+00
4.866899233172125605e+03 1.041570438799076292e+00
4.866927135748785076e+03 1.226327944572748185e+00
4.866955038325444548e+03 1.002309468822170979e+00
4.866982940902104929e+03 9.561200923787528394e-01
4.867010843478764400e+03 1.110854503464203225e+00
4.867038846064659083e+03 1.064665127020785196e+00
4.867066748641318554e+03 1.039260969976905313e+00
4.867094651217978935e+03 1.025404157043879882e+00
4.867122553794638407e+03 1.230946882217090144e+00
4.867150456371298787e+03 1.406466512702078564e+00
4.867178358947958259e+03 1.200923787528868303e+00
4.867206261524617730e+03 9.284064665127020888e-01
4.867234164101278111e+03 1.258660508083140783e+00
4.867262066677937582e+03 1.418013856812933016e+00
4.867289969254597963e+03 1.279445727482678929e+00
4.867317871831257435e+03 1.254041570438799047e+00
4.867345774407916906e+03 1.584295612009237963e+00
4.867373676984577287e+03 1.290993071593533381e+00
4.867401579561236758e+03 1.180138568129330157e+00
4.867429482137897139e+03 1.300230946882217076e+00
4.867457384714556611e+03 1.464203233256351044e+00
4.867485287291216082e+03 1.309468822170900770e+00
4.867513089858640342e+03 1.013856812933025431e+00
4.867540992435300723e+03 1.000000000000000000e+00
4.867568895011960194e+03 1.454965357967667350e+00
4.867596797588620575e+03 1.450346420323325614e+00
4.867624700165280046e+03 1.159353348729792232e+00
4.867652602741939518e+03 1.078521939953810627e+00
4.867680505318599899e+03 1.004618937644341736e+00
4.867708307886024159e+03 9.468822170900692559e-01
4.867736210462683630e+03 1.027713625866050862e+00
4.867764113039344011e+03 1.205542725173210261e+00
4.867792015616003482e+03 1.187066974595842872e+00
4.867819818183427742e+03 1.491916859122401906e+00
4.867847720760087213e+03 1.210161662817551997e+00
4.867875623336747594e+03 1.265588914549653499e+00
4.867903525913407066e+03 1.357967667436489556e+00
4.867931328480831326e+03 1.314087759815242507e+00
4.867959231057491706e+03 1.304849884526558812e+00
4.867987133634151178e+03 1.177829099307159400e+00
4.868014936201575438e+03 1.390300230946882154e+00
4.868042838778234909e+03 1.196304849884526567e+00
4.868070741354895290e+03 1.030023094688221619e+00
4.868098543922319550e+03 1.009237875288683695e+00
4.868126446498979021e+03 1.198614318706697546e+00
4.868154349075639402e+03 1.094688221709007037e+00
4.868182151643063662e+03 1.103926096997690509e+00
4.868210054219723133e+03 1.351039260969976841e+00
4.868237856787147393e+03 1.325635103926096958e+00
4.868265759363807774e+03 1.191685912240184830e+00
4.868293661940467246e+03 1.180138568129330157e+00
4.868321464507891505e+03 1.177829099307159400e+00
4.868349367084550977e+03 1.145496535796766802e+00
4.868377169651975237e+03 1.247113163972286332e+00
4.868405072228635618e+03 1.106235565819861488e+00
4.868432874796059878e+03 1.415704387990762037e+00
4.868460777372719349e+03 1.411085450346420300e+00
4.868488579940144518e+03 1.127020785219399635e+00
4.868516482516803990e+03 1.106235565819861488e+00
4.868544285084229159e+03 1.030023094688221619e+00
4.868572087651653419e+03 1.083140877598152363e+00
4.868599990228312890e+03 1.348729792147806084e+00
4.868627792795737150e+03 9.260969976905312206e-01
4.868655695372397531e+03 1.069284064665126932e+00
4.868683497939821791e+03 1.311778290993071527e+00
4.868711300507246051e+03 1.265588914549653499e+00
4.868739203083905522e+03 1.323325635103926201e+00
4.868767005651329782e+03 1.247113163972286332e+00
4.868794808218754952e+03 1.161662817551962990e+00
4.868822710795413514e+03 1.263279445727482742e+00
4.868850513362838683e+03 1.441108545034642141e+00
4.868878315930263852e+03 1.147806004618937559e+00
4.868906218506923324e+03 1.182448036951501136e+00
4.868934021074347584e+03 1.034642032332563577e+00
4.868961823641771844e+03 1.311778290993071527e+00
4.868989626209196103e+03 1.371824480369514987e+00
4.869017528785855575e+03 1.408775981524249321e+00
4.869045331353279835e+03 1.517321016166281789e+00
4.869073133920705004e+03 1.355658198614318799e+00
4.869100936488129264e+03 1.441108545034642141e+00
4.869128839064789645e+03 1.568129330254041554e+00
4.869156641632213905e+03 1.378752886836027702e+00
4.869184444199638165e+03 1.519630484988452546e+00
4.869212246767062425e+03 1.196304849884526567e+00
4.869240049334486685e+03 1.316397228637413486e+00
4.869267851901911854e+03 1.025404157043879882e+00
4.869295654469336114e+03 1.016166281755196410e+00
4.869323457036760374e+03 1.071593533487297911e+00
4.869351359613420755e+03 1.030023094688221619e+00
4.869379162180845015e+03 9.699769053117782702e-01
4.869406964748269274e+03 1.043879907621247050e+00
4.869434767315693534e+03 9.399538106235565404e-01
4.869462569883118704e+03 9.930715935334872846e-01
4.869490372450542964e+03 1.170900692840646684e+00
4.869518175017967224e+03 8.383371824480368995e-01
4.869545977585391483e+03 1.006928406466512715e+00
4.869573780152815743e+03 9.607390300230946867e-01
4.869601582720240003e+03 1.023094688221708903e+00
4.869629385287665173e+03 1.443418013856812898e+00
4.869657187855089433e+03 1.087759815242494321e+00
4.869684990422513692e+03 1.011547344110854452e+00
4.869712792989937952e+03 1.473441108545034739e+00
4.869740595557362212e+03 1.316397228637413486e+00
4.869768298115552170e+03 1.249422632794457311e+00
4.869796100682976430e+03 1.415704387990762037e+00
4.869823903250400690e+03 1.071593533487297911e+00
4.869851705817824950e+03 1.034642032332563577e+00
4.869879508385249210e+03 1.163972286374133969e+00
4.869907310952674379e+03 1.000000000000000000e+00
4.869935113520098639e+03 1.002309468822170979e+00
4.869962816078287688e+03 9.468822170900692559e-01
4.869990618645711947e+03 9.053117782909930744e-01
4.870018421213136207e+03 1.016166281755196410e+00
4.870046223780561377e+03 1.110854503464203225e+00
4.870074026347985637e+03 1.381062355658198681e+00
4.870101728906173776e+03 1.302540415704388055e+00
4.870129531473598036e+03 1.394919168591224112e+00
4.870157334041023205e+03 1.531177829099307219e+00
4.870185136608447465e+03 1.270207852193995457e+00
4.870212839166636513e+03 1.464203233256351044e+00
4.870240641734060773e+03 1.270207852193995457e+00
4.870268444301485033e+03 1.143187066974595822e+00
4.870296146859674991e+03 1.110854503464203225e+00
4.870323949427099251e+03 1.228637413394919164e+00
4.870351751994523511e+03 7.806004618937644191e-01
4.870379454552713469e+03 1.011547344110854452e+00
4.870407257120137729e+03 9.399538106235565404e-01
4.870435059687561989e+03 1.189376443418013851e+00
4.870462762245750127e+03 1.166281755196304948e+00
4.870490564813175297e+03 1.122401847575057676e+00
4.870518267371364345e+03 9.145496535796766580e-01
4.870546069938788605e+03 9.953810623556581527e-01
4.870573772496977654e+03 1.212471131639722755e+00
4.870601575064402823e+03 1.161662817551962990e+00
4.870629377631827083e+03 1.106235565819861488e+00
4.870657080190015222e+03 1.397228637413394869e+00
4.870684882757439482e+03 1.334872979214780653e+00
4.870712585315629440e+03 1.498845265588914621e+00
4.870740387883053700e+03 1.071593533487297911e+00
4.870768090441242748e+03 1.450346420323325614e+00
4.870795792999431796e+03 1.187066974595842872e+00
4.870823595566856966e+03 1.277136258660508172e+00
4.870851298125045105e+03 1.110854503464203225e+00
4.870879100692469365e+03 1.242494226327944595e+00
4.870906803250659323e+03 1.311778290993071527e+00
4.870934605818083583e+03 1.371824480369514987e+00
4.870962308376272631e+03 1.221709006928406449e+00
4.870990010934461679e+03 9.445727482678983877e-01
4.871017813501885939e+03 1.205542725173210261e+00
4.871045516060074988e+03 1.387990762124711397e+00
4.871073218618264946e+03 1.027713625866050862e+00
4.871101021185689206e+03 1.713625866050808355e+00
4.871128723743877345e+03 1.494226327944572663e+00
4.871156426302067302e+03 1.274826789838337193e+00
4.871184228869491562e+03 1.311778290993071527e+00
4.871211931427680611e+03 1.272517321016166214e+00
4.871239633985869659e+03 1.193995381062355587e+00
4.871267336544058708e+03 1.267898383371824478e+00
4.871295139111482968e+03 1.404157043879907585e+00
4.871322841669672925e+03 1.288683602771362624e+00
4.871350544227861064e+03 1.362586605080831514e+00
4.871378246786050113e+03 1.630484988452655992e+00
4.871405949344240071e+03 1.330254041570438694e+00
4.871433751911664331e+03 1.429561200923787467e+00
4.871461454469852470e+03 1.203233256351039282e+00
4.871489157028042428e+03 1.297921478060046097e+00
4.871516859586231476e+03 1.233256351039260901e+00
4.871544562144420524e+03 1.281755196304849909e+00
4.871572264702609573e+03 1.267898383371824478e+00
4.871599967260798621e+03 1.198614318706697546e+00
4.871627669818987670e+03 1.193995381062355587e+00
4.871655472386411930e+03 1.066974595842956175e+00
4.871683174944600978e+03 9.769053117782909856e-01
4.871710877502790936e+03 1.016166281755196410e+00
4.871738580060979984e+03 1.122401847575057676e+00
4.871766282619169033e+03 1.157043879907621253e+00
4.871793985177358081e+03 1.378752886836027702e+00
4.871821687735547130e+03 1.069284064665126932e+00
4.871849390293736178e+03 1.242494226327944595e+00
4.871877092851925227e+03 1.364896073903002272e+00
4.871904795410115184e+03 1.092378752886836057e+00
4.871932497968303323e+03 1.247113163972286332e+00
4.871960200526492372e+03 1.441108545034642141e+00
4.871987903084682330e+03 1.293302540415704360e+00
4.872015505633635257e+03 1.427251732101616710e+00
4.872043208191825215e+03 1.184757505773672115e+00
4.872070910750013354e+03 1.503464203233256358e+00
4.872098613308203312e+03 1.332563510392609674e+00
4.872126315866392360e+03 1.244803695150115574e+00
4.872154018424580499e+03 1.041570438799076292e+00
4.872181720982770457e+03 1.263279445727482742e+00
4.872209423540959506e+03 9.145496535796766580e-01
4.872237026089913343e+03 1.170900692840646684e+00
4.872264728648101482e+03 1.323325635103926201e+00
4.872292431206291440e+03 1.187066974595842872e+00
4.872320133764480488e+03 1.341801385681293368e+00
4.872347836322668627e+03 1.267898383371824478e+00
4.872375438871623373e+03 1.323325635103926201e+00
4.872403141429811512e+03 1.346420323325635104e+00
4.872430843988001470e+03 1.334872979214780653e+00
4.872458446536954398e+03 1.219399538106235470e+00
4.872486149095144356e+03 1.364896073903002272e+00
4.872513851653333404e+03 1.300230946882217076e+00
4.872541554211522453e+03 1.526558891454965261e+00
4.872569156760476289e+03 1.228637413394919164e+00
4.872596859318665338e+03 1.272517321016166214e+00
4.872624561876854386e+03 1.510392609699769073e+00
4.872652164425808223e+03 1.445727482678983877e+00
4.872679866983997272e+03 1.187066974595842872e+00
4.872707469532951109e+03 1.103926096997690509e+00
4.872735172091140157e+03 1.200923787528868303e+00
4.872762874649329206e+03 1.415704387990762037e+00
4.872790477198283043e+03 1.260969976905311762e+00
4.872818179756472091e+03 1.351039260969976841e+00
4.872845782305425928e+03 1.344110854503464125e+00
4.872873484863614976e+03 1.314087759815242507e+00
4.872901087412568813e+03 1.013856812933025431e+00
4.872928789970757862e+03 1.323325635103926201e+00
4.872956392519711699e+03 1.302540415704388055e+00
4.872984095077900747e+03 1.083140877598152363e+00
4.873011697626854584e+03 1.150115473441108538e+00
