4.849498007491070894e+03 0.000000000000000000e+00
4.849524311280334587e+03 0.000000000000000000e+00
4.849550515055189862e+03 0.000000000000000000e+00
4.849576718830044229e+03 0.000000000000000000e+00
4.849602922604900414e+03 0.000000000000000000e+00
4.849629226394164107e+03 0.000000000000000000e+00
4.849655430169018473e+03 0.000000000000000000e+00
4.849681633943873749e+03 0.000000000000000000e+00
4.849707837718729934e+03 0.000000000000000000e+00
4.849734041493585210e+03 0.000000000000000000e+00
4.849760245268439576e+03 0.000000000000000000e+00
4.849786549057703269e+03 0.000000000000000000e+00
4.849812752832558544e+03 0.000000000000000000e+00
4.849838956607413820e+03 0.000000000000000000e+00
4.849865160382269096e+03 0.000000000000000000e+00
4.849891364157125281e+03 0.000000000000000000e+00
4.849917567931979647e+03 0.000000000000000000e+00
4.849943771706834923e+03 0.000000000000000000e+00
4.849969975481691108e+03 0.000000000000000000e+00
4.849996179256546384e+03 0.000000000000000000e+00
4.850022383031400750e+03 0.000000000000000000e+00
4.850048586806256935e+03 0.000000000000000000e+00
4.850074790581112211e+03 0.000000000000000000e+00
4.850100994355967487e+03 0.000000000000000000e+00
4.850127198130822762e+03 0.000000000000000000e+00
4.850153401905678038e+03 0.000000000000000000e+00
4.850179605680533314e+03 0.000000000000000000e+00
4.850205809455388589e+03 0.000000000000000000e+00
4.850232013230243865e+03 0.000000000000000000e+00
4.850258217005099141e+03 0.000000000000000000e+00
4.850284420779955326e+03 0.000000000000000000e+00
4.850310624554809692e+03 0.000000000000000000e+00
4.850336828329664968e+03 0.000000000000000000e+00
4.850363032104521153e+03 0.000000000000000000e+00
4.850389235879376429e+03 0.000000000000000000e+00
4.850415439654230795e+03 0.000000000000000000e+00
4.850441543414678563e+03 0.000000000000000000e+00
4.850467747189533839e+03 0.000000000000000000e+00
4.850493950964390024e+03 0.000000000000000000e+00
4.850520154739244390e+03 0.000000000000000000e+00
4.850546358514099666e+03 0.000000000000000000e+00
4.850572562288955851e+03 0.000000000000000000e+00
4.850598666049402709e+03 0.000000000000000000e+00
4.850624869824258894e+03 0.000000000000000000e+00
4.850651073599113261e+03 0.000000000000000000e+00
4.850677277373968536e+03 0.000000000000000000e+00
4.850703381134416304e+03 0.000000000000000000e+00
4.850729584909271580e+03 0.000000000000000000e+00
4.850755788684126856e+03 0.000000000000000000e+00
4.850781892444573714e+03 0.000000000000000000e+00
4.850808096219429899e+03 0.000000000000000000e+00
4.850834299994285175e+03 0.000000000000000000e+00
4.850860503769140450e+03 0.000000000000000000e+00
4.850886607529588218e+03 0.000000000000000000e+00
4.850912811304443494e+03 0.000000000000000000e+00
4.850938915064890352e+03 0.000000000000000000e+00
4.850965118839746538e+03 0.000000000000000000e+00
4.850991322614601813e+03 0.000000000000000000e+00
4.851017426375049581e+03 0.000000000000000000e+00
4.851043630149903947e+03 0.000000000000000000e+00
4.851069733910351715e+03 0.000000000000000000e+00
4.851095937685206991e+03 0.000000000000000000e+00
4.851122041445654759e+03 0.000000000000000000e+00
4.851148245220510034e+03 0.000000000000000000e+00
4.851174448995365310e+03 0.000000000000000000e+00
4.851200552755812168e+03 0.000000000000000000e+00
4.851226756530668354e+03 0.000000000000000000e+00
4.851252860291115212e+03 0.000000000000000000e+00
4.851279064065971397e+03 0.000000000000000000e+00
4.851305167826418256e+03 0.000000000000000000e+00
4.851331271586866023e+03 0.000000000000000000e+00
4.851357475361721299e+03 0.000000000000000000e+00
4.851383579122168157e+03 0.000000000000000000e+00
4.851407582580050985e+03 3.914081145584725752e-01
4.851436186700695544e+03 3.704057279236276923e-01
4.851464890835746701e+03 3.474940334128878150e-01
4.851493494956390350e+03 3.241050119331742030e-01
4.851522099077033090e+03 3.174224343675417503e-01
4.851550703197677649e+03 3.016706443914081159e-01
4.851579407332728806e+03 2.787589498806682387e-01
4.851608011453372455e+03 2.692124105011933222e-01
4.851636615574016105e+03 2.720763723150357860e-01
4.851665219694659754e+03 2.677804295942720625e-01
4.851693823815303404e+03 2.897374701670644148e-01
4.851722527950354561e+03 3.059665871121718395e-01
4.851751132070998210e+03 3.570405727923627870e-01
4.851779736191641859e+03 4.114558472553699331e-01
4.851808340312285509e+03 4.916467780429594203e-01
4.851836944432929158e+03 5.608591885441527314e-01
4.851865548553572808e+03 6.563245823389021183e-01
4.851894152674216457e+03 7.431980906921240582e-01
4.851922756794860106e+03 8.114558472553698998e-01
4.851951360915503756e+03 8.902147971360382384e-01
4.851979965036146496e+03 9.307875894988066889e-01
4.852008669171198562e+03 9.761336515513125978e-01
4.852037273291842212e+03 1.038186157517899666e+00
4.852065877412485861e+03 1.061575178997613333e+00
4.852094481533129510e+03 1.082577565632458327e+00
4.852123085653773160e+03 1.108830548926014403e+00
4.852151689774415900e+03 1.108830548926014403e+00
4.852180293895060458e+03 1.114558472553699220e+00
4.852208898015703198e+03 1.096897374701670591e+00
4.852237402121939340e+03 1.066348448687350903e+00
4.852266006242582989e+03 1.039618138424821092e+00
4.852294610363227548e+03 9.933174224343674918e-01
4.852323214483870288e+03 9.565632458233890301e-01
4.852351818604513937e+03 9.384248210023866665e-01
4.852380422725157587e+03 9.073985680190931324e-01
4.852409026845801236e+03 8.897374701670643926e-01
4.852437630966444885e+03 8.625298329355608473e-01
4.852466235087088535e+03 8.105011933174224303e-01
4.852494839207731275e+03 7.489260143198090969e-01
4.852523343313967416e+03 7.059665871121718617e-01
4.852551947434611066e+03 6.568019093078758530e-01
4.852580551555255624e+03 6.348448687350835007e-01
4.852609155675898364e+03 6.233890214797136453e-01
4.852637759796542923e+03 6.539379474940334447e-01
4.852666263902778155e+03 6.868735083532219177e-01
4.852694868023421805e+03 7.479713603818616274e-01
4.852723472144065454e+03 8.233890214797136009e-01
4.852752076264708194e+03 9.045346062052506131e-01
4.852780580370944335e+03 9.861575178997613600e-01
4.852809184491587985e+03 1.060620525059665864e+00
4.852837788612231634e+03 1.097374701670644326e+00
4.852866392732875283e+03 1.099284009546539487e+00
4.852894896839111425e+03 1.082100238663484593e+00
4.852923500959754165e+03 1.047255369928400848e+00
4.852952105080398724e+03 9.971360381861574806e-01
4.852980609186633956e+03 9.379474940334129318e-01
4.853009213307278515e+03 8.682577565632457750e-01
4.853037717413513747e+03 8.267303102625298550e-01
4.853066321534157396e+03 8.009546539379475139e-01
4.853094925654801045e+03 7.852028639618138239e-01
4.853123429761037187e+03 8.042959427207637679e-01
4.853152033881679927e+03 7.914081145584725974e-01
4.853180537987916068e+03 7.918854415274463321e-01
4.853209142108559718e+03 7.608591885441527980e-01
4.853237646214795859e+03 7.446300715990453734e-01
4.853266250335438599e+03 7.050119331742243922e-01
4.853294854456082248e+03 6.615751789976133113e-01
4.853323358562318390e+03 6.286396181384248383e-01
4.853351962682961130e+03 6.124105011933174136e-01
4.853380466789197271e+03 6.229116945107399106e-01
4.853409070909840921e+03 6.343675417661097660e-01
4.853437575016077062e+03 6.496420047732697212e-01
4.853466079122313204e+03 6.806682577565632553e-01
4.853494683242955944e+03 7.136038186157518393e-01
4.853523187349192085e+03 7.288782816229116834e-01
4.853551791469835734e+03 7.436754176610979039e-01
4.853580295576071876e+03 7.646778042959426758e-01
4.853608799682307108e+03 7.775656324582338463e-01
4.853637403802950757e+03 7.842482100238663545e-01
4.853665907909185989e+03 8.028639618138424527e-01
4.853694512029830548e+03 8.090692124105012262e-01
4.853723016136065780e+03 8.343675417661098326e-01
4.853751520242301922e+03 8.563245823389021849e-01
4.853780124362944662e+03 8.706443914081145596e-01
4.853808628469180803e+03 8.854415274463006691e-01
4.853837132575416945e+03 9.264916467780429654e-01
4.853865636681652177e+03 9.513126491646778371e-01
4.853894240802296736e+03 9.427207637231503901e-01
4.853922744908531968e+03 9.608591885441527536e-01
4.853951249014768109e+03 9.890214797136037683e-01
4.853979753121003341e+03 1.007159904534606243e+00
4.854008357241646991e+03 1.043436754176610970e+00
4.854036861347882223e+03 1.044868735083532174e+00
4.854065365454118364e+03 1.055847255369928295e+00
4.854093869560354506e+03 1.043436754176610970e+00
4.854122373666589738e+03 1.021957040572792463e+00
4.854150977787234297e+03 9.990453460620525306e-01
4.854179481893469529e+03 9.642004773269690077e-01
4.854207985999705670e+03 9.073985680190931324e-01
4.854236490105941812e+03 8.515513126491647267e-01
4.854264994212177044e+03 8.009546539379475139e-01
4.854293498318413185e+03 7.474940334128877817e-01
4.854322002424647508e+03 7.155131264916467781e-01
4.854350506530883649e+03 7.136038186157518393e-01
4.854379110651527299e+03 7.346062052505966111e-01
4.854407614757763440e+03 7.661097852028639910e-01
4.854436118863999582e+03 8.147971360381861539e-01
4.854464622970234814e+03 8.639618138424820515e-01
4.854493127076470955e+03 8.668257756563245708e-01
4.854521631182706187e+03 8.467780429594271574e-01
4.854550135288942329e+03 8.004773269689737791e-01
4.854578639395178470e+03 7.269689737470167445e-01
4.854607143501413702e+03 6.520286396181383948e-01
4.854635647607649844e+03 6.062052505966587512e-01
4.854664151713885985e+03 5.560859188544152731e-01
4.854692655820121217e+03 5.365155131264915944e-01
4.854721059911948942e+03 5.198090692124105461e-01
4.854749564018185083e+03 5.207637231503580155e-01
4.854778068124420315e+03 5.212410501193317502e-01
4.854806572230656457e+03 5.312649164677804015e-01
4.854835076336891689e+03 5.513126491646778149e-01
4.854863580443127830e+03 5.732696897374701672e-01
4.854892084549363972e+03 5.957040572792362543e-01
4.854920588655599204e+03 6.023866348448687624e-01
4.854949092761835345e+03 6.391408114558472242e-01
4.854977496853663069e+03 6.596658711217183724e-01
4.855006000959898302e+03 6.768496420047732665e-01
4.855034505066134443e+03 6.849642004773269788e-01
4.855063009172370585e+03 6.758949880668257970e-01
4.855091513278605817e+03 6.711217183770883388e-01
4.855119917370433541e+03 6.424821002386634783e-01
4.855148421476669682e+03 6.114558472553699442e-01
4.855176925582904914e+03 6.014319809069212930e-01
4.855205329674733548e+03 5.847255369928401336e-01
4.855233833780969690e+03 5.880668257756562767e-01
4.855262337887204922e+03 6.224343675417660648e-01
4.855290841993441063e+03 6.553699284009546489e-01
4.855319246085268787e+03 6.620525059665871570e-01
4.855347750191504019e+03 6.758949880668257970e-01
4.855376254297740161e+03 7.002386634844868230e-01
4.855404658389567885e+03 7.336515513126491417e-01
4.855433162495804027e+03 7.823389021479714156e-01
4.855461666602039259e+03 8.295942720763722633e-01
4.855490070693867892e+03 8.381861575178997104e-01
4.855518574800103124e+03 8.601431980906921737e-01
4.855546978891930848e+03 8.357995226730310367e-01
4.855575482998166990e+03 8.033412887828161875e-01
4.855603887089994714e+03 7.522673031026253510e-01
4.855632391196229946e+03 7.389021479713603346e-01
4.855660895302466088e+03 7.651551312649165215e-01
4.855689299394293812e+03 8.066825775656324415e-01
4.855717803500529953e+03 8.601431980906921737e-01
4.855746207592357678e+03 9.011933174224343590e-01
4.855774711698593819e+03 9.097852028639618061e-01
4.855803115790421543e+03 9.274463007159904349e-01
4.855831619896656775e+03 8.835322195704057302e-01
4.855860023988485409e+03 8.262529832935561203e-01
4.855888428080313133e+03 7.708830548926014492e-01
4.855916932186549275e+03 7.198090692124105017e-01
4.855945336278376999e+03 6.887828162291169676e-01
4.855973840384612231e+03 6.887828162291169676e-01
4.856002244476440865e+03 7.245823389021479599e-01
4.856030648568268589e+03 7.680190930787589298e-01
4.856059152674504730e+03 8.128878281622912150e-01
4.856087556766331545e+03 8.773269689737470678e-01
4.856116060872567687e+03 9.226730310262529766e-01
4.856144464964396320e+03 9.646778042959427424e-01
4.856172869056224044e+03 9.966587112171837459e-01
4.856201273148050859e+03 1.008114558472553712e+00
4.856229777254287001e+03 1.033412887828162319e+00
4.856258181346115634e+03 1.056801909307875986e+00
4.856286585437943359e+03 1.066348448687350903e+00
4.856315089544178591e+03 1.084009546539379532e+00
4.856343493636006315e+03 1.106921241050119242e+00
4.856371897727834948e+03 1.131742243436754114e+00
4.856400301819662673e+03 1.165632458233890167e+00
4.856428805925898814e+03 1.201431980906921160e+00
4.856457210017725629e+03 1.225775656324582297e+00
4.856485614109554263e+03 1.263484486873508450e+00
4.856514018201381987e+03 1.270167064439140736e+00
4.856542422293210620e+03 1.262529832935560759e+00
4.856570826385038345e+03 1.240095465393794782e+00
4.856599330491273577e+03 1.199999999999999956e+00
4.856627734583101301e+03 1.160859188544152820e+00
4.856656138674929934e+03 1.134128878281623010e+00
4.856684542766757659e+03 1.133174224343675318e+00
4.856712946858585383e+03 1.157517899761336455e+00
4.856741350950414017e+03 1.191408114558472509e+00
4.856769755042240831e+03 1.240095465393794782e+00
4.856798159134069465e+03 1.287350835322195630e+00
4.856826563225897189e+03 1.326491646778042988e+00
4.856854967317724913e+03 1.352744630071599063e+00
4.856883371409553547e+03 1.359904534606205306e+00
4.856911775501381271e+03 1.329832935560859131e+00
4.856940179593208086e+03 1.315990453460620602e+00
4.856968583685036720e+03 1.276849642004773244e+00
4.856996987776864444e+03 1.215751789976133646e+00
4.857025391868693077e+03 1.147494033412887804e+00
4.857053795960520802e+03 1.099284009546539487e+00
4.857082200052348526e+03 1.083532219570405797e+00
4.857110604144176250e+03 1.096420047732696856e+00
4.857139008236003974e+03 1.102147971360381895e+00
4.857167412327831698e+03 1.117422434367541850e+00
4.857195816419660332e+03 1.117422434367541850e+00
4.857224220511488056e+03 1.111217183770883077e+00
4.857252624603316690e+03 1.090692124105012040e+00
4.857281028695143505e+03 1.056801909307875986e+00
4.857309332772564630e+03 9.952267303102625418e-01
4.857337736864391445e+03 9.527446300715990413e-01
4.857366140956219169e+03 9.121718377088305907e-01
4.857394545048047803e+03 8.973747016706443702e-01
4.857422949139875527e+03 9.188544152744629878e-01
4.857451253217295744e+03 9.627684964200476925e-01
4.857479657309123468e+03 1.012887828162291060e+00
4.857508061400952101e+03 1.095942720763723122e+00
4.857536465492778916e+03 1.166109785202863902e+00
4.857564769570199132e+03 1.235322195704057213e+00
4.857593173662026857e+03 1.294988066825775608e+00
4.857621577753855490e+03 1.360859188544152776e+00
4.857649981845683214e+03 1.420047732696897436e+00
4.857678285923103431e+03 1.461097852028639510e+00
4.857706690014931155e+03 1.470644391408114648e+00
4.857735094106759789e+03 1.457279236276849632e+00
4.857763398184179096e+03 1.447255369928400981e+00
4.857791802276007729e+03 1.402863961813842542e+00
4.857820206367834544e+03 1.306921241050119420e+00
4.857848510445255670e+03 1.199045346062052486e+00
4.857876914537082484e+03 1.115990453460620424e+00
4.857905218614502701e+03 1.039140811455847357e+00
4.857933622706330425e+03 9.880668257756562989e-01
4.857962026798159059e+03 9.646778042959427424e-01
4.857990330875578366e+03 1.004295942720763612e+00
4.858018734967406999e+03 1.038186157517899666e+00
4.858047039044827216e+03 1.085441527446300736e+00
4.858075443136654940e+03 1.112649164677804281e+00
4.858103747214075156e+03 1.117899761336515585e+00
4.858132151305902880e+03 1.128400954653937971e+00
4.858160455383323097e+03 1.110739856801909342e+00
4.858188859475150821e+03 1.081145584725536901e+00
4.858217163552571037e+03 1.050596658711217213e+00
4.858245567644398761e+03 1.003818615751789878e+00
4.858273871721818978e+03 9.732696897374701894e-01
4.858302275813647611e+03 9.427207637231503901e-01
4.858330579891066918e+03 9.398568019093078707e-01
4.858358883968487135e+03 9.551312649164678259e-01
4.858387288060314859e+03 9.852028639618138905e-01
4.858415592137735075e+03 1.047255369928400848e+00
4.858443896215155291e+03 1.126968973747016767e+00
4.858472300306982106e+03 1.172792362768496410e+00
4.858500604384402322e+03 1.221002386634844949e+00
4.858528908461823448e+03 1.274463007159904571e+00
4.858557312553650263e+03 1.269212410501193267e+00
4.858585616631070479e+03 1.234367541766109744e+00
4.858613920708491605e+03 1.169451073985680267e+00
4.858642324800318420e+03 1.086396181384248205e+00
4.858670628877738636e+03 1.008591885441527447e+00
4.858698932955158853e+03 9.751789976133651283e-01
4.858727237032579978e+03 9.384248210023866665e-01
4.858755641124406793e+03 9.031026252983294089e-01
4.858783945201827009e+03 8.768496420047732220e-01
4.858812249279248135e+03 8.291169451073985286e-01
4.858840553356667442e+03 7.594272076372314828e-01
4.858868957448495166e+03 6.835322195704057746e-01
4.858897261525915383e+03 6.181384248210023413e-01
4.858925565603335599e+03 5.871121718377088072e-01
4.858953869680755815e+03 5.622911694510739355e-01
4.858982173758176032e+03 5.708830548926013826e-01
4.859010477835596248e+03 5.999999999999999778e-01
4.859038781913015555e+03 6.310262529832935119e-01
4.859067186004844189e+03 6.491646778042959864e-01
4.859095490082264405e+03 6.673031026252983500e-01
4.859123794159683712e+03 6.988066825775656188e-01
4.859152098237103928e+03 6.997613365155130882e-01
4.859180402314524144e+03 6.883054892601432329e-01
4.859208706391944361e+03 6.964200477326969452e-01
4.859237010469364577e+03 6.825775656324581941e-01
4.859265314546783884e+03 6.859188544152744482e-01
4.859293618624204100e+03 6.668257756563246152e-01
4.859321922701624317e+03 7.007159904534606687e-01
4.859350226779044533e+03 7.336515513126491417e-01
4.859378530856463840e+03 7.871121718377088738e-01
4.859406834933884056e+03 8.124105011933173692e-01
4.859435139011304273e+03 8.229116945107398662e-01
4.859463443088724489e+03 8.100238663484486956e-01
4.859491747166145615e+03 7.727923627684963881e-01
4.859520051243564922e+03 7.293556085918854182e-01
4.859548255306577630e+03 6.935560859188544258e-01
4.859576559383996937e+03 6.649164677804295653e-01
4.859604863461417153e+03 6.439140811455846825e-01
4.859633167538837370e+03 6.143198090692124635e-01
4.859661471616257586e+03 5.976133651551313042e-01
4.859689775693676893e+03 5.794749403341288296e-01
4.859718079771097109e+03 5.756563245823389519e-01
4.859746283834109818e+03 5.909307875894987960e-01
4.859774587911530034e+03 6.038186157517899666e-01
4.859802891988950250e+03 6.553699284009546489e-01
4.859831196066370467e+03 7.107398568019093199e-01
4.859859500143790683e+03 7.675417661097851951e-01
4.859887704206802482e+03 8.424821002386634339e-01
4.859916008284221789e+03 9.307875894988066889e-01
4.859944312361642005e+03 1.017183770883054894e+00
4.859972616439062222e+03 1.088782816229116879e+00
4.860000820502074021e+03 1.135560859188544214e+00
4.860029124579495146e+03 1.170405727923627737e+00
4.860057428656915363e+03 1.218138424821002319e+00
4.860085632719927162e+03 1.241050119331742252e+00
4.860113936797347378e+03 1.283532219570405752e+00
4.860142240874767595e+03 1.325536992840095518e+00
4.860170444937779394e+03 1.354176610978520268e+00
4.860198749015198700e+03 1.390453460620524995e+00
4.860226953078212318e+03 1.384725536992840178e+00
4.860255257155631625e+03 1.395704057279236299e+00
4.860283561233051842e+03 1.389976133651551260e+00
4.860311765296063641e+03 1.399999999999999911e+00
4.860340069373483857e+03 1.380906921241050078e+00
4.860368273436495656e+03 1.350835322195704125e+00
4.860396577513915872e+03 1.340334128878281517e+00
4.860424781576928581e+03 1.333651551312649230e+00
4.860453085654348797e+03 1.365155131264916388e+00
4.860481289717360596e+03 1.428162291169451148e+00
4.860509593794780812e+03 1.478281622911694404e+00
4.860537797857792611e+03 1.544152744630071572e+00
4.860566101935212828e+03 1.603818615751789967e+00
4.860594305998225536e+03 1.675894988066825686e+00
4.860622610075645753e+03 1.734128878281622876e+00
4.860650814138657552e+03 1.779474940334128785e+00
4.860679118216077768e+03 1.809069212410501226e+00
4.860707322279089567e+03 1.822434367541766020e+00
4.860735526342102276e+03 1.823389021479713712e+00
4.860763830419522492e+03 1.853460620525059666e+00
4.860792034482534291e+03 1.920763723150358038e+00
4.860820238545546999e+03 2.027684964200477502e+00
4.860848542622966306e+03 2.207159904534606198e+00
4.860876746685979924e+03 2.428162291169451148e+00
4.860904950748991723e+03 2.713603818615751617e+00
4.860933254826411030e+03 2.984725536992840045e+00
4.860961458889423739e+03 3.258233890214797146e+00
4.860989662952436447e+03 3.457756563245823589e+00
4.861017967029856663e+03 3.610023866348448518e+00
4.861046171092868462e+03 3.666825775656324726e+00
4.861074375155880261e+03 3.689260143198090702e+00
4.861102579218892970e+03 3.640095465393794694e+00
4.861130883296313186e+03 3.574224343675417526e+00
4.861159087359324985e+03 3.497852028639618194e+00
4.861187291422336784e+03 3.403818615751789789e+00
4.861215495485349493e+03 3.307398568019093155e+00
4.861243699548362201e+03 3.232935560859188762e+00
4.861272003625782418e+03 3.162291169451073802e+00
4.861300207688794217e+03 3.105966587112171773e+00
4.861328411751806016e+03 3.026730310262530033e+00
4.861356615814818724e+03 2.950357995226730257e+00
4.861384819877830523e+03 2.889737470167064615e+00
4.861413023940842322e+03 2.793794749403341271e+00
4.861441228003855031e+03 2.684964200477327090e+00
4.861469432066867739e+03 2.547971360381861672e+00
4.861497636129879538e+03 2.449642004773269655e+00
4.861525840192891337e+03 2.297852028639618016e+00
4.861554144270311554e+03 2.166109785202864124e+00
4.861582348333324262e+03 2.057756563245823234e+00
4.861610552396336061e+03 1.963245823389021538e+00
4.861638756459348770e+03 1.881145584725536946e+00
4.861666960522361478e+03 1.817661097852028673e+00
4.861695164585373277e+03 1.756085918854415340e+00
4.861723368648385076e+03 1.690692124105011906e+00
4.861751472696990277e+03 1.612887828162291148e+00
4.861779676760002076e+03 1.549880668257756611e+00
4.861807880823013875e+03 1.505011933174224437e+00
4.861836084886025674e+03 1.463007159904534671e+00
4.861864288949038382e+03 1.435322195704057169e+00
4.861892493012051091e+03 1.429116945107398617e+00
4.861920697075062890e+03 1.430548926014319822e+00
4.861948901138075598e+03 1.460143198090692040e+00
4.861977105201087397e+03 1.492601431980906890e+00
4.862005309264099196e+03 1.490692124105011951e+00
4.862033413312704397e+03 1.491169451073985686e+00
4.862061617375716196e+03 1.480190930787589565e+00
4.862089821438727995e+03 1.465393794749403344e+00
4.862118025501741613e+03 1.416229116945107336e+00
4.862146229564753412e+03 1.387589498806682586e+00
4.862174333613356794e+03 1.356085918854415207e+00
4.862202537676370412e+03 1.342720763723150412e+00
4.862230741739382211e+03 1.324582338902148049e+00
4.862258945802394010e+03 1.344630071599045351e+00
4.862287049850998301e+03 1.352267303102625329e+00
4.862315253914011009e+03 1.361336515513126511e+00
4.862343457977022808e+03 1.352744630071599063e+00
4.862371562025627100e+03 1.334606205250596700e+00
4.862399766088639808e+03 1.294988066825775608e+00
4.862427970151651607e+03 1.211455847255370033e+00
4.862456074200255898e+03 1.102625298329355630e+00
4.862484278263268607e+03 1.014319809069212486e+00
4.862512482326280406e+03 9.322195704057278931e-01
4.862540586374884697e+03 8.878281622911694537e-01
4.862568790437897405e+03 9.069212410501192867e-01
4.862596994500909204e+03 9.513126491646778371e-01
4.862625098549513496e+03 1.031026252983293645e+00
4.862653302612526204e+03 1.127446300715990501e+00
4.862681406661130495e+03 1.212887828162291237e+00
4.862709610724142294e+03 1.285918854415274426e+00
4.862737714772747495e+03 1.345107398568019086e+00
4.862765918835759294e+03 1.377565632458233935e+00
4.862794022884363585e+03 1.389021479713603791e+00
4.862822226947376294e+03 1.378042959427207670e+00
4.862850330995979675e+03 1.357040572792362676e+00
4.862878535058992384e+03 1.330787589498806600e+00
4.862906639107596675e+03 1.304534606205250524e+00
4.862934843170608474e+03 1.280668257756563344e+00
4.862962947219213675e+03 1.230071599045346131e+00
4.862991151282225474e+03 1.156563245823388986e+00
4.863019255330829765e+03 1.116945107398568116e+00
4.863047359379434056e+03 1.062052505966587068e+00
4.863075563442446764e+03 1.036276849642004727e+00
4.863103667491051056e+03 1.026252983293556076e+00
4.863131871554062855e+03 1.019570405727923568e+00
4.863159975602668055e+03 9.918854415274462877e-01
4.863188079651272346e+03 9.894988066825776141e-01
4.863216283714284145e+03 9.699284009546539354e-01
4.863244387762888437e+03 9.813842482100239017e-01
4.863272491811492728e+03 9.766109785202864435e-01
4.863300595860097928e+03 9.809069212410501670e-01
4.863328799923109727e+03 1.016229116945107425e+00
4.863356903971714019e+03 1.035322195704057258e+00
4.863385008020318310e+03 1.068735083532219576e+00
4.863413112068923510e+03 1.110262529832935607e+00
4.863441316131935309e+03 1.130310262529832910e+00
4.863469420180538691e+03 1.133651551312649275e+00
4.863497524229143892e+03 1.090692124105012040e+00
4.863525628277747273e+03 1.042959427207637235e+00
4.863553832340760891e+03 9.642004773269690077e-01
4.863581936389364273e+03 8.739856801909308137e-01
4.863610040437969474e+03 8.143198090692124191e-01
4.863638144486572855e+03 7.904534606205250169e-01
4.863666248535178056e+03 7.809069212410501004e-01
4.863694352583782347e+03 7.942720763723150057e-01
4.863722456632386638e+03 8.343675417661098326e-01
4.863750560680990930e+03 8.610978520286396432e-01
4.863778764744003638e+03 9.007159904534606243e-01
4.863806868792607929e+03 9.212410501193317724e-01
4.863834972841212220e+03 9.770883054892601782e-01
4.863863076889816512e+03 1.021002386634844772e+00
4.863891180938420803e+03 1.061097852028639599e+00
4.863919284987025094e+03 1.119809069212410524e+00
4.863947389035630295e+03 1.183770883054892531e+00
4.863975493084233676e+03 1.206682577565632464e+00
4.864003597132838877e+03 1.224821002386634827e+00
4.864031701181442259e+03 1.210978520286396076e+00
4.864059805230047459e+03 1.153699284009546577e+00
4.864087909278651750e+03 1.077804295942720758e+00
4.864116013327256042e+03 1.012887828162291060e+00
4.864144017361451915e+03 9.532219570405727760e-01
4.864172121410057116e+03 9.455847255369927984e-01
4.864200225458660498e+03 9.637231503579952729e-01
4.864228329507265698e+03 1.009069212410501182e+00
4.864256433555869990e+03 1.067780429594272107e+00
4.864284537604474281e+03 1.127446300715990501e+00
4.864312641653078572e+03 1.204295942720763790e+00
4.864340745701682863e+03 1.278281622911694448e+00
4.864368749735879646e+03 1.326968973747016722e+00
4.864396853784483937e+03 1.342243436754176678e+00
4.864424957833089138e+03 1.306921241050119420e+00
4.864453061881692520e+03 1.259665871121718350e+00
4.864481165930297720e+03 1.165632458233890167e+00
4.864509169964493594e+03 1.036754176610978462e+00
4.864537274013097885e+03 8.997613365155131548e-01
4.864565378061702177e+03 7.451073985680191081e-01
4.864593482110306468e+03 6.190930787589499218e-01
4.864621486144503251e+03 5.431980906921241026e-01
4.864649590193107542e+03 5.112171837708830990e-01
4.864677694241712743e+03 4.997613365155131326e-01
4.864705698275908617e+03 5.083532219570405797e-01
4.864733802324512908e+03 5.226730310262529544e-01
4.864761906373117199e+03 5.226730310262529544e-01
4.864789910407313982e+03 5.126491646778043032e-01
4.864818014455918274e+03 4.897374701670644259e-01
4.864846118504522565e+03 4.529832935560859086e-01
4.864874122538719348e+03 4.458233890214797213e-01
4.864902226587323639e+03 4.367541766109785395e-01
4.864930230621520423e+03 4.300715990453460869e-01
4.864958334670124714e+03 4.329355608591885507e-01
4.864986438718729005e+03 4.420047732696897325e-01
4.865014442752925788e+03 4.859188544152744371e-01
4.865042546801529170e+03 5.460620525059666219e-01
4.865070550835725953e+03 6.262529832935560536e-01
4.865098654884331154e+03 7.016706443914081381e-01
4.865126658918527028e+03 7.541766109785202898e-01
4.865154762967132228e+03 7.971360381861575251e-01
4.865182767001329012e+03 8.257756563245823855e-01
4.865210871049932393e+03 8.572792362768496544e-01
4.865238875084129177e+03 9.045346062052506131e-01
4.865266879118325051e+03 9.775656324582339129e-01
4.865294983166930251e+03 1.082577565632458327e+00
4.865322987201127034e+03 1.159904534606205351e+00
4.865351091249730416e+03 1.249164677804295964e+00
4.865379095283927199e+03 1.322673031026252888e+00
4.865407099318123983e+03 1.361336515513126511e+00
4.865435203366728274e+03 1.363723150357995184e+00
4.865463207400925057e+03 1.311217183770883032e+00
4.865491311449529348e+03 1.222911694510739888e+00
4.865519315483726132e+03 1.131264916467780379e+00
4.865547319517922915e+03 1.035799522673030992e+00
4.865575323552119698e+03 9.751789976133651283e-01
4.865603427600723080e+03 9.642004773269690077e-01
4.865631431634919863e+03 9.952267303102625418e-01
4.865659435669116647e+03 1.060620525059665864e+00
4.865687539717720938e+03 1.140811455847255296e+00
4.865715543751917721e+03 1.219570405727923523e+00
4.865743547786114505e+03 1.287350835322195630e+00
4.865771551820310378e+03 1.333651551312649230e+00
4.865799555854507162e+03 1.354176610978520268e+00
4.865827659903110543e+03 1.336038186157517904e+00
4.865855663937307327e+03 1.294988066825775608e+00
4.865883667971504110e+03 1.183770883054892531e+00
4.865911672005700893e+03 1.073031026252983189e+00
4.865939676039896767e+03 9.379474940334129318e-01
4.865967680074093551e+03 8.167064439140810927e-01
4.865995784122698751e+03 7.312649164677804681e-01
4.866023788156894625e+03 6.926014319809069564e-01
4.866051792191091408e+03 6.892601431980907023e-01
4.866079796225288192e+03 7.326968973747016722e-01
4.866107800259484975e+03 7.546539379474940246e-01
4.866135804293680849e+03 7.933174224343675363e-01
4.866163808327877632e+03 8.147971360381861539e-01
4.866191812362074415e+03 8.186157517899761427e-01
4.866219816396270289e+03 8.257756563245823855e-01
4.866247820430467073e+03 8.286396181384247939e-01
4.866275824464663856e+03 8.400954653937947603e-01
4.866303828498860639e+03 8.463007159904534227e-01
4.866331832533056513e+03 8.620525059665871126e-01
4.866359836567253296e+03 9.026252983293555632e-01
4.866387840601450080e+03 9.264916467780429654e-01
4.866415844635646863e+03 9.828162291169451059e-01
4.866443848669842737e+03 1.034844868735083523e+00
4.866471852704039520e+03 1.052028639618138417e+00
4.866499856738236303e+03 1.079713603818615697e+00
4.866527760758024669e+03 1.043436754176610970e+00
4.866555764792220543e+03 1.014319809069212486e+00
4.866583768826417327e+03 9.226730310262529766e-01
4.866611772860614110e+03 8.381861575178997104e-01
4.866639776894810893e+03 7.809069212410501004e-01
4.866667780929006767e+03 7.422434367541765887e-01
4.866695684948796043e+03 7.632458233890214716e-01
4.866723688982992826e+03 7.990453460620524639e-01
4.866751693017189609e+03 8.653937947494033667e-01
4.866779697051385483e+03 9.460620525059665331e-01
4.866807701085582266e+03 1.028162291169451015e+00
4.866835605105370632e+03 1.127923627684964236e+00
4.866863609139567416e+03 1.201909307875894894e+00
4.866891613173764199e+03 1.255847255369928472e+00
4.866919617207960073e+03 1.276372315035799510e+00
4.866947521227749348e+03 1.284009546539379487e+00
4.866975525261946132e+03 1.269212410501193267e+00
4.867003529296142915e+03 1.264916467780429654e+00
4.867031433315931281e+03 1.296420047732696812e+00
4.867059437350127155e+03 1.345107398568019086e+00
4.867087441384323938e+03 1.448210023866348450e+00
4.867115345404113214e+03 1.553699284009546489e+00
4.867143349438309997e+03 1.652028639618138506e+00
4.867171253458098363e+03 1.694988066825775741e+00
4.867199257492294237e+03 1.735560859188544081e+00
4.867227261526491020e+03 1.755608591885441605e+00
4.867255165546279386e+03 1.727923627684964103e+00
4.867283169580476169e+03 1.696897374701670680e+00
4.867311073600265445e+03 1.674940334128878217e+00
4.867339077634462228e+03 1.600954653937947558e+00
4.867366981654250594e+03 1.491646778042959420e+00
4.867394985688446468e+03 1.368496420047732753e+00
4.867422889708235743e+03 1.249164677804295964e+00
4.867450893742432527e+03 1.124582338902147871e+00
4.867478797762220893e+03 1.027207637231503545e+00
4.867506801796417676e+03 9.770883054892601782e-01
4.867534705816206042e+03 9.412887828162290749e-01
4.867562709850401916e+03 9.503579952267302566e-01
4.867590613870191191e+03 9.818615751789976365e-01
4.867618517889979557e+03 1.004295942720763612e+00
4.867646521924176341e+03 9.904534606205250835e-01
4.867674425943965616e+03 9.298329355608592195e-01
4.867702429978162399e+03 8.706443914081145596e-01
4.867730333997950765e+03 8.004773269689737791e-01
4.867758238017738222e+03 7.374701670644391305e-01
4.867786242051935005e+03 7.016706443914081381e-01
4.867814146071724281e+03 7.073985680190930658e-01
4.867842050091512647e+03 7.346062052505966111e-01
4.867869954111301922e+03 7.742243436754177033e-01
4.867897958145498706e+03 8.200477326968973468e-01
4.867925862165287072e+03 8.906921241050119731e-01
4.867953766185075438e+03 9.551312649164678259e-01
4.867981770219271311e+03 9.980906921241050611e-01
4.868009674239060587e+03 1.047732696897374804e+00
4.868037578258848953e+03 1.032935560859188584e+00
4.868065482278638228e+03 1.011933174224343590e+00
4.868093386298426594e+03 9.789976133651551171e-01
4.868121390332623378e+03 9.174224343675417837e-01
4.868149294352412653e+03 8.763723150357994873e-01
4.868177198372201019e+03 8.295942720763722633e-01
4.868205102391989385e+03 8.009546539379475139e-01
4.868233006411778661e+03 7.942720763723150057e-01
4.868260910431567027e+03 7.866348448687350281e-01
4.868288814451356302e+03 8.124105011933173692e-01
4.868316818485552176e+03 8.100238663484486956e-01
4.868344722505340542e+03 8.429594272076372796e-01
4.868372626525128908e+03 8.840095465393794649e-01
4.868400530544918183e+03 9.579952267303102342e-01
4.868428434564706549e+03 1.016706443914081159e+00
4.868456338584495825e+03 1.082100238663484593e+00
4.868484242604284191e+03 1.140334128878281561e+00
4.868512146624072557e+03 1.191408114558472509e+00
4.868540050643861832e+03 1.200954653937947425e+00
4.868567954663650198e+03 1.216229116945107380e+00
4.868595858683439474e+03 1.234367541766109744e+00
4.868623762703227840e+03 1.265393794749403389e+00
4.868651666723016206e+03 1.286873508353221895e+00
4.868679570742805481e+03 1.342720763723150412e+00
4.868707474762593847e+03 1.396658711217183768e+00
4.868735378782383123e+03 1.445346062052506042e+00
4.868763182787763981e+03 1.494988066825775563e+00
4.868791086807552347e+03 1.530310262529833043e+00
4.868818990827340713e+03 1.568019093078758974e+00
4.868846894847129988e+03 1.568496420047732709e+00
4.868874798866918354e+03 1.571360381861575117e+00
4.868902702886707630e+03 1.554176610978520223e+00
4.868930606906495996e+03 1.540334128878281694e+00
4.868958410911876854e+03 1.514558472553699353e+00
4.868986314931665220e+03 1.435799522673031126e+00
4.869014218951454495e+03 1.346539379474940290e+00
4.869042122971242861e+03 1.219570405727923523e+00
4.869070026991030318e+03 1.113603818615751750e+00
4.869097830996412085e+03 1.014319809069212486e+00
4.869125735016201361e+03 9.856801909307876253e-01
4.869153639035989727e+03 9.789976133651551171e-01
4.869181543055778093e+03 9.976133651551312154e-01
4.869209347061158951e+03 1.055847255369928295e+00
4.869237251080948226e+03 1.132696897374701583e+00
4.869265155100736592e+03 1.189021479713603835e+00
4.869292959106117451e+03 1.266825775656324593e+00
4.869320863125905817e+03 1.294033412887828138e+00
4.869348767145695092e+03 1.315990453460620602e+00
4.869376571151075950e+03 1.289737470167064526e+00
4.869404475170864316e+03 1.287828162291169365e+00
4.869432279176245174e+03 1.291646778042959465e+00
4.869460183196033540e+03 1.309785202863961828e+00
4.869488087215822816e+03 1.330787589498806600e+00
4.869515891221202764e+03 1.394749403341288829e+00
4.869543795240992040e+03 1.458711217183770836e+00
4.869571599246372898e+03 1.519809069212410435e+00
4.869599503266161264e+03 1.547016706443913980e+00
4.869627307271542122e+03 1.581384248210023769e+00
4.869655211291330488e+03 1.569928400954653913e+00
4.869683015296711346e+03 1.563245823389021405e+00
4.869710919316499712e+03 1.535560859188544125e+00
4.869738723321881480e+03 1.527923627684964147e+00
4.869766627341669846e+03 1.526014319809069208e+00
4.869794431347051614e+03 1.539379474940334225e+00
4.869822335366839980e+03 1.535560859188544125e+00
4.869850139372220838e+03 1.505489260143198171e+00
4.869877943377601696e+03 1.427207637231503679e+00
4.869905847397390062e+03 1.350835322195704125e+00
4.869933651402770920e+03 1.248687350835322230e+00
4.869961555422559286e+03 1.137470167064439153e+00
4.869989359427940144e+03 1.020047732696897302e+00
4.870017163433321002e+03 9.374701670644390861e-01
4.870045067453109368e+03 9.155131264916467337e-01
4.870072871458490226e+03 9.221957040572792419e-01
4.870100675463871994e+03 9.613365155131264883e-01
4.870128579483660360e+03 1.042482100238663500e+00
4.870156383489041218e+03 1.129832935560859175e+00
4.870184187494422076e+03 1.231980906921241070e+00
4.870211991499802934e+03 1.325536992840095518e+00
4.870239895519591300e+03 1.386634844868735117e+00
4.870267699524972159e+03 1.472553699284009587e+00
4.870295503530353017e+03 1.511694510739856723e+00
4.870323307535734784e+03 1.539379474940334225e+00
4.870351211555523150e+03 1.568019093078758974e+00
4.870379015560904008e+03 1.588066825775656277e+00
4.870406819566284867e+03 1.606682577565632375e+00
4.870434623571664815e+03 1.622911694510739800e+00
4.870462427577045673e+03 1.645823389021479732e+00
4.870490231582426532e+03 1.673031026252983278e+00
4.870518035587808299e+03 1.670167064439140869e+00
4.870545939607596665e+03 1.665871121718377035e+00
4.870573743612977523e+03 1.645823389021479732e+00
4.870601547618358381e+03 1.576610978520286421e+00
4.870629351623739240e+03 1.489737470167064481e+00
4.870657155629120098e+03 1.389498806682577525e+00
4.870684959634500046e+03 1.289260143198090791e+00
4.870712763639881814e+03 1.151789976133651638e+00
4.870740567645262672e+03 1.069689737470167046e+00
4.870768371650643530e+03 9.904534606205250835e-01
4.870796175656024388e+03 9.637231503579952729e-01
4.870823979661404337e+03 1.020047732696897302e+00
4.870851783666785195e+03 1.072076372315035719e+00
4.870879587672166963e+03 1.169451073985680267e+00
4.870907391677547821e+03 1.246300715990453556e+00
4.870935195682928679e+03 1.353221957040572798e+00
4.870962999688309537e+03 1.413365155131264927e+00
4.870990803693689486e+03 1.440095465393794738e+00
4.871018607699070344e+03 1.451073985680190859e+00
4.871046411704452112e+03 1.412410501193317458e+00
4.871074115695424553e+03 1.340334128878281517e+00
4.871101919700805411e+03 1.261097852028639554e+00
4.871129723706186269e+03 1.160381861575179085e+00
4.871157527711568036e+03 1.011455847255369855e+00
4.871185331716947985e+03 9.035799522673031436e-01
4.871213135722328843e+03 8.000000000000000444e-01
4.871240839713302194e+03 7.245823389021479599e-01
4.871268643718682142e+03 7.021479713603818729e-01
4.871296447724063910e+03 6.897374701670644370e-01
4.871324251729444768e+03 6.983293556085918841e-01
4.871352055734825626e+03 7.384248210023865999e-01
4.871379759725798067e+03 7.961813842482100556e-01
4.871407563731179835e+03 8.610978520286396432e-01
4.871435367736560693e+03 9.513126491646778371e-01
4.871463071727533134e+03 1.053460620525059621e+00
4.871490875732913992e+03 1.116945107398568116e+00
4.871518679738293940e+03 1.189498806682577570e+00
4.871546383729268200e+03 1.224821002386634827e+00
4.871574187734649058e+03 1.239140811455847313e+00
4.871601991740029007e+03 1.248210023866348495e+00
4.871629695731003267e+03 1.274940334128878305e+00
4.871657499736383215e+03 1.314558472553699175e+00
4.871685303741764073e+03 1.372792362768496366e+00
4.871713007732736514e+03 1.413842482100238662e+00
4.871740811738118282e+03 1.431026252983293556e+00
4.871768515729090723e+03 1.397136038186157503e+00
4.871796319734471581e+03 1.326968973747016722e+00
4.871824023725444931e+03 1.222434367541766154e+00
4.871851827730825789e+03 1.119809069212410524e+00
4.871879631736206647e+03 1.024343675417661137e+00
4.871907335727179088e+03 9.241050119331741808e-01
4.871935139732559946e+03 8.625298329355608473e-01
4.871962843723533297e+03 7.985680190930787292e-01
4.871990547714506647e+03 7.484486873508353622e-01
4.872018351719886596e+03 7.107398568019093199e-01
4.872046055710860855e+03 6.883054892601432329e-01
4.872073859716240804e+03 6.706443914081146040e-01
4.872101563707214154e+03 6.706443914081146040e-01
4.872129367712595013e+03 6.873508353221956524e-01
4.872157071703568363e+03 7.331742243436754070e-01
4.872184775694540804e+03 8.124105011933173692e-01
4.872212579699921662e+03 8.854415274463006691e-01
4.872240283690895012e+03 9.770883054892601782e-01
4.872267987681867453e+03 1.041050119331742296e+00
4.872295791687248311e+03 1.067303102625298372e+00
4.872323495678221661e+03 1.072553699284009454e+00
4.872351199669194102e+03 1.054415274463007091e+00
4.872379003674574960e+03 1.000954653937947469e+00
4.872406707665549220e+03 9.603818615751790189e-01
4.872434411656521661e+03 9.780429594272076477e-01
4.872462215661902519e+03 1.013365155131265016e+00
4.872489919652875869e+03 1.103102625298329365e+00
4.872517623643848310e+03 1.230548926014319866e+00
4.872545327634821660e+03 1.359427207637231572e+00
4.872573131640202519e+03 1.460143198090692040e+00
4.872600835631174959e+03 1.521241050119331639e+00
4.872628539622147400e+03 1.568973747016706444e+00
4.872656243613121660e+03 1.589498806682577481e+00
4.872683947604094101e+03 1.621002386634844861e+00
4.872711651595067451e+03 1.599045346062052397e+00
4.872739455600448309e+03 1.559904534606205262e+00
4.872767159591420750e+03 1.502625298329355541e+00
4.872794863582394100e+03 1.449642004773269655e+00
4.872822567573367451e+03 1.377088305489260200e+00
4.872850271564339891e+03 1.349403341288782920e+00
4.872877975555313242e+03 1.348448687350835229e+00
4.872905679546285683e+03 1.366587112171837815e+00
4.872933383537259942e+03 1.401909307875895072e+00
4.872961087528232383e+03 1.427207637231503679e+00
4.872988791519204824e+03 1.457279236276849632e+00
4.873016495510178174e+03 1.443914081145584616e+00
4.873044199501150615e+03 1.452028639618138328e+00
