4.849321532476266839e+03 5.310274669379451140e-01
4.849350237037867373e+03 6.022380467955239514e-01
4.849378941599467908e+03 5.879959308240081395e-01
4.849407546145174820e+03 6.571719226856561624e-01
4.849436250706774445e+03 6.429298067141403505e-01
4.849464955268374979e+03 6.531027466937945336e-01
4.849493559814081891e+03 6.093591047812817463e-01
4.849522264375682425e+03 6.205493387589012810e-01
4.849550868921388428e+03 5.615462868769074412e-01
4.849579573482988962e+03 5.757884028484231420e-01
4.849608278044589497e+03 5.676500508646998844e-01
4.849636882590296409e+03 5.757884028484231420e-01
4.849665587151896034e+03 5.737538148524923276e-01
4.849694191697602037e+03 6.052899287894201175e-01
4.849722896259203480e+03 6.236012207527975582e-01
4.849751500804909483e+03 5.717192268565615132e-01
4.849780205366510017e+03 5.696846388606306988e-01
4.849808809912216930e+03 5.483214649033570920e-01
4.849837514473817464e+03 6.052899287894201175e-01
4.849866119019523467e+03 6.022380467955239514e-01
4.849894823581123092e+03 5.757884028484231420e-01
4.849923428126830913e+03 5.534079348931841835e-01
4.849952132688430538e+03 5.930824008138352310e-01
4.849980737234136541e+03 5.432349949135300005e-01
4.850009441795737075e+03 5.818921668362156963e-01
4.850038046341443987e+03 5.544252288911495352e-01
4.850066650887149990e+03 6.144455747711088378e-01
4.850095355448750524e+03 6.083418107833163946e-01
4.850123959994457437e+03 6.215666327568667437e-01
4.850152664556057971e+03 5.778229908443540674e-01
4.850181269101763974e+03 5.605289928789419784e-01
4.850209873647470886e+03 5.493387589013224437e-01
4.850238578209071420e+03 5.249237029501525598e-01
4.850267182754777423e+03 5.625635808748727928e-01
4.850295787300484335e+03 5.289928789420141886e-01
4.850324391846190338e+03 5.412004069175991861e-01
4.850353096407789963e+03 5.493387589013224437e-01
4.850381700953496875e+03 5.717192268565615132e-01
4.850410305499202877e+03 5.666327568667345327e-01
4.850438910044908880e+03 6.002034587995931370e-01
4.850467614606510324e+03 4.994913530010172686e-01
4.850496219152216327e+03 5.371312309257375572e-01
4.850524823697922329e+03 5.269582909460833742e-01
4.850553428243629241e+03 4.883011190233977894e-01
4.850582032789335244e+03 5.544252288911495352e-01
4.850610737350935779e+03 6.164801627670396522e-01
4.850639341896642691e+03 5.462868769074262776e-01
4.850667946442348693e+03 6.022380467955239514e-01
4.850696550988054696e+03 5.900305188199389539e-01
4.850725155533761608e+03 5.768056968463886047e-01
4.850753760079467611e+03 6.449643947100711650e-01
4.850782364625174523e+03 6.327568667344862785e-01
4.850811069186775057e+03 5.879959308240081395e-01
4.850839673732481060e+03 7.283825025432349998e-01
4.850868278278187972e+03 6.734486266531027887e-01
4.850896882823893975e+03 7.141403865717191879e-01
4.850925487369599978e+03 6.958290946083418582e-01
4.850954091915306890e+03 6.612410986775177912e-01
4.850982696461012893e+03 6.317395727365208158e-01
4.851011301006719805e+03 5.849440488301118624e-01
4.851039905552425807e+03 6.398779247202441844e-01
4.851068510098131810e+03 6.012207527975584886e-01
4.851097114643838722e+03 5.727365208545269759e-01
4.851125719189545634e+03 5.981688708036622115e-01
4.851154323735252547e+03 5.452695829094608149e-01
4.851182928280958549e+03 5.951169888097660454e-01
4.851211432810770930e+03 5.869786368260426768e-01
4.851240037356476932e+03 5.645981688708036073e-01
4.851268641902182935e+03 6.073245167853509319e-01
4.851297246447889847e+03 6.541200406917598853e-01
4.851325850993595850e+03 6.297049847405900014e-01
4.851354455539302762e+03 6.459816887080366277e-01
4.851383060085008765e+03 5.910478128179044166e-01
4.851411664630714768e+03 5.239064089521872081e-01
4.851440169160527148e+03 4.394710071210579660e-01
4.851468773706233151e+03 3.652085452695829071e-01
4.851497378251940972e+03 3.591047812817904639e-01
4.851525982797646975e+03 2.919633774160732553e-01
4.851554587343353887e+03 2.777212614445574990e-01
4.851583091873165358e+03 2.288911495422177034e-01
4.851611696418872270e+03 2.309257375381485178e-01
4.851640300964578273e+03 2.421159715157680525e-01
4.851668905510284276e+03 2.492370295015259307e-01
4.851697410040096656e+03 2.919633774160732553e-01
4.851726014585802659e+03 4.313326551373347084e-01
4.851754619131509571e+03 4.516785350966429080e-01
4.851783123661321952e+03 4.984740590030518614e-01
4.851811728207028864e+03 5.890132248219736022e-01
4.851840332752734867e+03 6.714140386571719743e-01
4.851868837282547247e+03 6.358087487283825556e-01
4.851897441828253250e+03 6.103763987792472090e-01
4.851926046373960162e+03 6.225839267548320954e-01
4.851954550903771633e+03 6.429298067141403505e-01
4.851983155449478545e+03 6.439471007121058133e-01
4.852011659979290926e+03 6.317395727365208158e-01
4.852040264524997838e+03 5.920651068158697683e-01
4.852068769054809309e+03 6.012207527975584886e-01
4.852097373600516221e+03 6.113936927772125607e-01
4.852125978146222224e+03 5.544252288911495352e-01
4.852154482676035514e+03 5.513733468972532581e-01
4.852183087221741516e+03 6.215666327568667437e-01
4.852211591751553897e+03 6.256358087487283726e-01
4.852240196297259899e+03 6.266531027466938353e-01
4.852268700827072280e+03 6.531027466937945336e-01
4.852297305372778283e+03 6.551373346897253480e-01
4.852325809902591573e+03 6.327568667344862785e-01
4.852354314432403044e+03 7.029501525940996531e-01
4.852382918978109956e+03 7.578840284842319752e-01
4.852411423507921427e+03 7.131230925737538362e-01
4.852440028053628339e+03 7.049847405900304675e-01
4.852468532583440719e+03 6.581892166836215141e-01
4.852497037113253100e+03 6.174974567650051149e-01
4.852525641658959103e+03 6.236012207527975582e-01
4.852554146188771483e+03 6.164801627670396522e-01
4.852582750734477486e+03 6.246185147507630209e-01
4.852611255264290776e+03 5.818921668362156963e-01
4.852639759794102247e+03 6.297049847405900014e-01
4.852668264323914627e+03 6.083418107833163946e-01
4.852696868869620630e+03 5.890132248219736022e-01
4.852725373399433920e+03 5.879959308240081395e-01
4.852753877929246300e+03 6.490335707019329048e-01
4.852782482474952303e+03 6.317395727365208158e-01
4.852810987004764684e+03 6.368260427263479073e-01
4.852839491534577064e+03 6.429298067141403505e-01
4.852867996064389445e+03 6.683621566632756972e-01
4.852896600610095447e+03 6.642929806714140684e-01
4.852925105139907828e+03 6.826042726347915091e-01
4.852953609669720208e+03 6.419125127161749989e-01
4.852982114199532589e+03 7.273652085452695371e-01
4.853010618729344969e+03 6.958290946083418582e-01
4.853039123259156440e+03 7.304170905391658142e-01
4.853067727804863353e+03 7.670396744659206956e-01
4.853096232334675733e+03 8.209562563580874439e-01
4.853124736864488113e+03 7.497456765005086066e-01
4.853153241394300494e+03 7.599186164801627896e-01
4.853181745924112874e+03 7.222787385554425565e-01
4.853210250453925255e+03 7.121057985757883735e-01
4.853238754983737635e+03 6.856561546286876752e-01
4.853267259513550016e+03 7.355035605289929057e-01
4.853295764043362396e+03 7.243133265513733710e-01
4.853324268573173867e+03 7.416073245167853489e-01
4.853352773102987157e+03 7.263479145473041854e-01
4.853381277632799538e+03 7.629704984740589557e-01
4.853409782162611009e+03 7.578840284842319752e-01
4.853438286692424299e+03 7.131230925737538362e-01
4.853466791222235770e+03 7.405900305188198862e-01
4.853495295752048150e+03 7.131230925737538362e-01
4.853523800281860531e+03 7.131230925737538362e-01
4.853552304811672911e+03 6.724313326551373260e-01
4.853580809341485292e+03 6.174974567650051149e-01
4.853609313871297672e+03 6.236012207527975582e-01
4.853637818401110053e+03 5.534079348931841835e-01
4.853666322930922433e+03 6.419125127161749989e-01
4.853694827460733904e+03 6.225839267548320954e-01
4.853723231974652663e+03 6.907426246185147667e-01
4.853751736504465043e+03 7.578840284842319752e-01
4.853780241034277424e+03 7.456765005086469777e-01
4.853808745564089804e+03 8.585961342828076770e-01
4.853837250093902185e+03 8.819938962360122092e-01
4.853865754623713656e+03 8.779247202441505804e-01
4.853894159137632414e+03 8.687690742624618601e-01
4.853922663667444795e+03 9.267548321464903482e-01
4.853951168197257175e+03 8.626653102746694168e-01
4.853979672727069556e+03 8.708036622583926745e-01
4.854008077240988314e+03 8.738555442522889516e-01
4.854036581770799785e+03 7.965412004069175600e-01
4.854065086300612165e+03 7.680569684638860473e-01
4.854093590830424546e+03 7.202441505595117421e-01
4.854121995344343304e+03 6.174974567650051149e-01
4.854150499874154775e+03 6.541200406917598853e-01
4.854179004403968065e+03 6.103763987792472090e-01
4.854207408917885914e+03 6.581892166836215141e-01
4.854235913447698294e+03 7.355035605289929057e-01
4.854264417977510675e+03 7.232960325534079082e-01
4.854292822491428524e+03 8.097660223804679092e-01
4.854321327021240904e+03 8.524923702950152338e-01
4.854349731535158753e+03 8.270600203458799982e-01
4.854378236064972043e+03 8.728382502543234889e-01
4.854406740594783514e+03 8.189216683621566295e-01
4.854435145108702272e+03 8.382502543234995329e-01
4.854463649638514653e+03 7.761953204476093049e-01
4.854492054152433411e+03 7.843336724313326735e-01
4.854520558682244882e+03 7.609359104781281413e-01
4.854548963196162731e+03 7.721261444557476761e-01
4.854577467725976021e+03 7.924720244150559312e-01
4.854605872239893870e+03 7.975584944048830227e-01
4.854634376769706250e+03 7.385554425228890718e-01
4.854662781283624099e+03 7.914547304170905795e-01
4.854691285813437389e+03 7.934893184130213939e-01
4.854719690327354328e+03 7.812817904374363964e-01
4.854748094841273087e+03 6.907426246185147667e-01
4.854776599371085467e+03 6.205493387589012810e-01
4.854805003885004226e+03 7.090539165818922074e-01
4.854833508414815697e+03 6.683621566632756972e-01
4.854861912928733545e+03 7.019328585961343014e-01
4.854890317442652304e+03 7.650050864699898812e-01
4.854918821972464684e+03 7.527975584944048837e-01
4.854947226486382533e+03 8.036622583926754659e-01
4.854975631000301291e+03 8.535096642929806965e-01
4.855004135530113672e+03 9.175991861648016279e-01
4.855032540044031521e+03 8.850457782299084863e-01
4.855060944557950279e+03 9.074262461851475559e-01
4.855089449087761750e+03 8.351983723296032558e-01
4.855117853601680508e+03 7.945066124109867456e-01
4.855146258115599267e+03 7.975584944048830227e-01
4.855174662629517115e+03 8.209562563580874439e-01
4.855203167159328586e+03 7.141403865717191879e-01
4.855231571673247345e+03 6.836215666327568607e-01
4.855259976187166103e+03 6.459816887080366277e-01
4.855288380701083952e+03 6.551373346897253480e-01
4.855316885230897242e+03 7.232960325534079082e-01
4.855345289744814181e+03 7.436419125127161633e-01
4.855373694258732939e+03 7.283825025432349998e-01
4.855402098772650788e+03 7.802644964394710447e-01
4.855430503286569547e+03 8.392675483214648846e-01
4.855458907800487395e+03 8.758901322482197660e-01
4.855487312314406154e+03 8.718209562563581372e-01
4.855515716828324003e+03 8.860630722278738380e-01
4.855544221358136383e+03 8.982706002034588355e-01
4.855572625872055141e+03 9.420142421159715118e-01
4.855601030385972990e+03 9.237029501525940711e-01
4.855629434899891749e+03 8.494404883011190677e-01
4.855657839413808688e+03 8.250254323499491838e-01
4.855686243927727446e+03 7.070193285859613930e-01
4.855714648441645295e+03 7.527975584944048837e-01
4.855743052955564053e+03 6.785350966429297692e-01
4.855771457469482812e+03 7.639877924720244184e-01
4.855799861983400660e+03 7.324516785350966286e-01
4.855828266497318509e+03 7.304170905391658142e-01
4.855856671011236358e+03 6.703967446592065116e-01
4.855885075525155116e+03 6.856561546286876752e-01
4.855913480039073875e+03 7.355035605289929057e-01
4.855941884552991723e+03 7.690742624618515100e-01
4.855970189051015950e+03 7.263479145473041854e-01
4.855998593564934708e+03 7.751780264496439532e-01
4.856026998078851648e+03 8.504577822990844194e-01
4.856055402592770406e+03 8.738555442522889516e-01
4.856083807106688255e+03 9.104781281790437220e-01
4.856112211620607013e+03 9.450661241098677889e-01
4.856140616134525771e+03 8.880976602238046524e-01
4.856168920632549089e+03 8.657171922685655829e-01
4.856197325146467847e+03 9.165818921668361652e-01
4.856225729660386605e+03 8.677517802644963973e-01
4.856254134174303545e+03 9.023397761953204643e-01
4.856282538688222303e+03 8.891149542217701152e-01
4.856310843186246530e+03 8.758901322482197660e-01
4.856339247700164378e+03 9.114954221770091847e-01
4.856367652214083137e+03 8.921668362156662813e-01
4.856396056728000985e+03 9.003051881993896499e-01
4.856424361226025212e+03 8.382502543234995329e-01
4.856452765739943970e+03 7.792472024415055820e-01
4.856481170253861819e+03 7.416073245167853489e-01
4.856509474751886046e+03 7.202441505595117421e-01
4.856537879265803895e+03 7.650050864699898812e-01
4.856566283779721743e+03 7.385554425228890718e-01
4.856594588277745970e+03 7.782299084435402303e-01
4.856622992791664728e+03 7.507629704984740693e-01
4.856651397305582577e+03 7.700915564598168617e-01
4.856679701803606804e+03 7.527975584944048837e-01
4.856708106317525562e+03 7.334689725330620913e-01
4.856736410815549789e+03 7.517802644964394210e-01
4.856764815329467638e+03 7.446592065106816261e-01
4.856793219843386396e+03 7.446592065106816261e-01
4.856821524341410623e+03 7.934893184130213939e-01
4.856849928855328471e+03 8.606307222787386024e-01
4.856878233353352698e+03 9.043743641912512787e-01
4.856906637867270547e+03 9.694811800610376729e-01
4.856934942365295683e+03 9.684638860630722101e-01
4.856963346879212622e+03 1.044760935910478139e+00
4.856991651377236849e+03 1.048830111902339768e+00
4.857020055891155607e+03 1.003051881993896277e+00
4.857048360389179834e+03 1.028484231943031624e+00
4.857076664887204061e+03 1.004069175991861629e+00
4.857105069401121909e+03 9.694811800610376729e-01
4.857133373899146136e+03 8.819938962360122092e-01
4.857161778413064894e+03 8.168870803662258151e-01
4.857190082911088211e+03 7.161749745676500023e-01
4.857218387409112438e+03 7.589013224821973269e-01
4.857246791923031196e+03 7.355035605289929057e-01
4.857275096421055423e+03 7.904374364191251168e-01
4.857303400919079650e+03 7.446592065106816261e-01
4.857331805432997498e+03 8.545269582909460482e-01
4.857360109931021725e+03 9.389623601220752347e-01
4.857388414429045952e+03 9.847405900305188364e-01
4.857416818942963801e+03 9.816887080366225593e-01
4.857445123440988027e+03 1.083418107833163724e+00
4.857473427939012254e+03 1.155645981688708135e+00
4.857501832452931012e+03 1.221770091556459770e+00
4.857530136950955239e+03 1.162767039674465819e+00
4.857558441448979465e+03 1.137334689725330694e+00
4.857586745947002782e+03 1.061037639877924654e+00
4.857615050445027009e+03 1.024415055951169995e+00
4.857643454958945767e+03 1.012207527975584886e+00
4.857671759456969994e+03 9.654120040691760440e-01
4.857700063954994221e+03 9.745676500508646534e-01
4.857728368453017538e+03 9.013224821973550016e-01
4.857756672951041764e+03 8.962360122075280211e-01
4.857784977449065991e+03 7.334689725330620913e-01
4.857813281947090218e+03 7.487283825025432549e-01
4.857841686461008976e+03 7.273652085452695371e-01
4.857869990959032293e+03 7.477110885045777922e-01
4.857898295457056520e+03 7.507629704984740693e-01
4.857926599955080746e+03 8.107833163784333719e-01
4.857954904453104973e+03 7.894201424211597651e-01
4.857983208951130109e+03 7.405900305188198862e-01
4.858011513449154336e+03 7.517802644964394210e-01
4.858039817947178562e+03 7.477110885045777922e-01
4.858068122445202789e+03 7.477110885045777922e-01
4.858096426943226106e+03 7.344862665310274430e-01
4.858124731441250333e+03 6.571719226856561624e-01
4.858153035939274559e+03 7.029501525940996531e-01
4.858181340437298786e+03 7.192268565615462794e-01
4.858209644935323013e+03 6.897253306205493040e-01
4.858237949433347239e+03 6.571719226856561624e-01
4.858266253931371466e+03 7.100712105798575591e-01
4.858294558429394783e+03 6.917599186164801184e-01
4.858322862927419010e+03 7.080366225839267447e-01
4.858351067409549614e+03 6.958290946083418582e-01
4.858379371907573841e+03 7.548321464903356981e-01
4.858407676405598068e+03 8.036622583926754659e-01
4.858435980903622294e+03 7.589013224821973269e-01
4.858464285401646521e+03 7.141403865717191879e-01
4.858492589899670747e+03 7.293997965412003515e-01
4.858520794381800442e+03 7.914547304170905795e-01
4.858549098879824669e+03 8.006103763987792998e-01
4.858577403377848896e+03 7.863682604272634880e-01
4.858605707875872213e+03 8.433367243133265134e-01
4.858634012373896439e+03 7.884028484231943024e-01
4.858662216856027044e+03 7.639877924720244184e-01
4.858690521354051270e+03 8.118006103763988346e-01
4.858718825852075497e+03 9.033570701932858160e-01
4.858747130350099724e+03 9.328585961342827915e-01
4.858775334832229419e+03 9.715157680569684873e-01
4.858803639330253645e+03 9.175991861648016279e-01
4.858831943828277872e+03 9.104781281790437220e-01
4.858860148310408476e+03 9.033570701932858160e-01
4.858888452808432703e+03 1.002034587995930925e+00
4.858916757306456930e+03 8.952187182095625584e-01
4.858944961788586625e+03 8.962360122075280211e-01
4.858973266286610851e+03 8.850457782299084863e-01
4.859001470768740546e+03 8.097660223804679092e-01
4.859029775266764773e+03 8.118006103763988346e-01
4.859058079764788999e+03 7.843336724313326735e-01
4.859086284246919604e+03 7.914547304170905795e-01
4.859114588744943831e+03 7.802644964394710447e-01
4.859142793227073525e+03 7.538148524923703464e-01
4.859171097725097752e+03 7.538148524923703464e-01
4.859199302207227447e+03 7.131230925737538362e-01
4.859227606705251674e+03 6.836215666327568607e-01
4.859255811187382278e+03 7.202441505595117421e-01
4.859284115685406505e+03 7.599186164801627896e-01
4.859312320167536200e+03 8.067141403865717431e-01
4.859340624665560426e+03 8.708036622583926745e-01
4.859368829147690121e+03 8.870803662258393008e-01
4.859397133645714348e+03 8.931841302136317440e-01
4.859425338127844952e+03 9.145473041709053508e-01
4.859453542609974647e+03 9.643947100712105813e-01
4.859481847107998874e+03 9.552390640895218610e-01
4.859510051590128569e+03 1.041709053916581862e+00
4.859538356088152796e+03 1.051881993896236045e+00
4.859566560570283400e+03 1.089521871820956278e+00
4.859594765052413095e+03 9.542217700915565093e-01
4.859623069550437322e+03 1.009155645981688609e+00
4.859651274032567017e+03 8.646998982706002312e-01
4.859679478514697621e+03 8.972533062054933728e-01
4.859707783012721848e+03 9.145473041709053508e-01
4.859735987494851543e+03 8.555442522889115109e-01
4.859764191976981238e+03 8.606307222787386024e-01
4.859792396459112751e+03 8.535096642929806965e-01
4.859820700957136069e+03 9.318413021363174398e-01
4.859848905439266673e+03 8.311291963377416270e-01
4.859877109921396368e+03 8.779247202441505804e-01
4.859905314403526063e+03 7.731434384537131388e-01
4.859933618901551199e+03 7.945066124109867456e-01
4.859961823383680894e+03 7.639877924720244184e-01
4.859990027865810589e+03 7.629704984740589557e-01
4.860018232347940284e+03 8.056968463886062803e-01
4.860046436830070888e+03 7.538148524923703464e-01
4.860074641312200583e+03 8.718209562563581372e-01
4.860102945810224810e+03 9.776195320447609305e-01
4.860131150292354505e+03 9.247202441505595338e-01
4.860159354774486019e+03 1.055951169888097674e+00
4.860187559256615714e+03 9.928789420142420941e-01
4.860215763738745409e+03 9.694811800610376729e-01
4.860243968220875104e+03 9.694811800610376729e-01
4.860272172703005708e+03 9.481180061037639550e-01
4.860300377185135403e+03 1.037639877924720233e+00
4.860328581667265098e+03 9.857578840284841881e-01
4.860356786149396612e+03 9.664292980671413957e-01
4.860384990631526307e+03 1.045778229908443491e+00
4.860413195113656002e+03 1.046795523906408842e+00
4.860441399595785697e+03 1.112919633774160699e+00
4.860469604077916301e+03 1.100712105798575813e+00
4.860497808560045996e+03 1.031536113936927679e+00
4.860526013042175691e+03 1.066124109867751857e+00
4.860554217524306296e+03 1.074262461851475114e+00
4.860582422006436900e+03 1.000000000000000000e+00
4.860610626488566595e+03 1.004069175991861629e+00
4.860638830970696290e+03 1.000000000000000000e+00
4.860667035452826894e+03 9.430315361139369745e-01
4.860695139919062058e+03 1.037639877924720233e+00
4.860723344401192662e+03 9.979654120040691856e-01
4.860751548883323267e+03 9.704984740590030245e-01
4.860779753365452962e+03 9.501525940996947694e-01
4.860807957847582657e+03 9.440488301119023262e-01
4.860836162329713261e+03 9.511698880976602322e-01
4.860864266795949334e+03 9.471007121057986033e-01
4.860892471278079029e+03 9.623601220752797669e-01
4.860920675760209633e+03 1.015259409969481164e+00
4.860948880242339328e+03 1.124109867751780234e+00
4.860976984708574491e+03 1.090539165818921630e+00
4.861005189190706005e+03 1.232960325534079304e+00
4.861033393672835700e+03 1.215666327568667437e+00
4.861061598154965395e+03 1.213631739572736512e+00
4.861089702621201468e+03 1.299084435401831161e+00
4.861117907103331163e+03 1.362156663275686741e+00
4.861146111585461767e+03 1.536113936927772095e+00
4.861174216051697840e+03 1.584944048830111862e+00
4.861202420533827535e+03 1.437436419125127207e+00
4.861230625015957230e+03 1.332655137334689766e+00
4.861258729482194212e+03 1.206510681586978606e+00
4.861286933964323907e+03 1.108850457782299070e+00
4.861315038430559980e+03 1.076297049847405818e+00
4.861343242912689675e+03 1.082400813835198372e+00
4.861371447394819370e+03 1.014242115971515812e+00
4.861399551861056352e+03 9.989827060020345373e-01
4.861427756343186047e+03 1.082400813835198372e+00
4.861455860809422120e+03 1.052899287894201397e+00
4.861484065291552724e+03 1.072227873855544189e+00
4.861512169757787888e+03 1.018311291963377441e+00
4.861540374239918492e+03 9.806714140386572076e-01
4.861568478706154565e+03 1.050864699898270693e+00
4.861596683188284260e+03 1.072227873855544189e+00
4.861624787654520333e+03 1.060020345879959303e+00
4.861652992136650028e+03 1.047812817904374416e+00
4.861681096602887010e+03 1.055951169888097674e+00
4.861709301085016705e+03 1.089521871820956278e+00
4.861737405551252778e+03 1.112919633774160699e+00
4.861765510017488850e+03 1.113936927772126051e+00
4.861793714499618545e+03 1.189216683621566739e+00
4.861821818965854618e+03 1.186164801627670462e+00
4.861850023447984313e+03 1.252288911495422097e+00
4.861878127914221295e+03 1.287894201424211627e+00
4.861906232380456458e+03 1.215666327568667437e+00
4.861934436862586153e+03 1.156663275686673487e+00
4.861962541328823136e+03 1.182095625635808833e+00
4.861990645795058299e+03 1.068158697863682560e+00
4.862018850277188903e+03 1.122075279755849531e+00
4.862046954743424976e+03 1.049847405900305120e+00
4.862075059209661049e+03 1.144455747711088600e+00
4.862103163675897122e+03 1.125127161749745586e+00
4.862131368158027726e+03 1.163784333672431393e+00
4.862159472624262889e+03 1.218718209562563493e+00
4.862187577090498962e+03 1.195320447609359071e+00
4.862215681556735035e+03 1.207527975584943958e+00
4.862243786022971108e+03 1.198372329603255348e+00
4.862271990505100803e+03 1.091556459816886981e+00
4.862300094971336875e+03 1.110885045778229996e+00
4.862328199437572948e+03 1.069175991861647912e+00
4.862356303903809021e+03 1.054933875890132322e+00
4.862384408370045094e+03 9.237029501525940711e-01
4.862412512836281167e+03 9.074262461851475559e-01
4.862440617302517239e+03 9.745676500508646534e-01
4.862468821784646934e+03 9.704984740590030245e-01
4.862496926250883917e+03 9.247202441505595338e-01
4.862525030717119080e+03 9.430315361139369745e-01
4.862553135183355153e+03 9.888097660223804652e-01
4.862581239649591225e+03 1.084435401831129298e+00
4.862609344115827298e+03 1.112919633774160699e+00
4.862637448582063371e+03 1.180061037639877908e+00
4.862665553048299444e+03 1.195320447609359071e+00
4.862693657514534607e+03 1.127161749745676511e+00
4.862721761980771589e+03 1.156663275686673487e+00
4.862749866447006752e+03 1.075279755849440466e+00
4.862777970913243735e+03 1.073245167853509763e+00
4.862806075379478898e+03 1.093591047812817907e+00
4.862834179845714971e+03 1.120040691759918605e+00
4.862862284311951043e+03 1.121057985757883957e+00
4.862890388778187116e+03 1.133265513733469065e+00
4.862918393228528657e+03 1.078331637843336743e+00
4.862946497694764730e+03 1.070193285859613486e+00
4.862974602161000803e+03 1.080366225839267447e+00
4.863002706627236876e+03 1.022380467955239070e+00
4.863030811093472948e+03 1.026449643947100698e+00
4.863058915559709021e+03 9.379450661241098830e-01
4.863087020025945094e+03 8.728382502543234889e-01
4.863115024476286635e+03 8.677517802644963973e-01
4.863143128942523617e+03 8.657171922685655829e-01
4.863171233408758781e+03 8.657171922685655829e-01
4.863199337874994853e+03 8.545269582909460482e-01
4.863227442341230926e+03 9.471007121057986033e-01
4.863255446791573377e+03 8.982706002034588355e-01
4.863283551257808540e+03 9.135300101729399991e-01
4.863311655724044613e+03 8.972533062054933728e-01
4.863339660174387063e+03 9.511698880976602322e-01
4.863367764640622227e+03 9.186164801627670906e-01
4.863395869106859209e+03 9.562563580874873237e-01
4.863423973573094372e+03 1.001017293997965352e+00
4.863451978023436823e+03 9.216683621566632567e-01
4.863480082489671986e+03 9.318413021363174398e-01
4.863508186955908968e+03 9.491353001017294178e-01
4.863536191406251419e+03 9.766022380467955788e-01
4.863564295872486582e+03 9.511698880976602322e-01
4.863592300322829033e+03 9.633774160732451186e-01
4.863620404789064196e+03 1.064089521871820931e+00
4.863648509255300269e+03 1.076297049847405818e+00
4.863676513705642719e+03 1.084435401831129298e+00
4.863704618171878792e+03 1.135300101729399769e+00
4.863732622622220333e+03 1.144455747711088600e+00
4.863760727088456406e+03 1.167853509664293021e+00
4.863788731538797947e+03 1.159715157680569764e+00
4.863816836005034929e+03 1.096642929806714184e+00
4.863844840455375561e+03 1.158697863682604190e+00
4.863872944921612543e+03 1.160732451678535115e+00
4.863900949371954994e+03 1.160732451678535115e+00
4.863929053838190157e+03 1.121057985757883957e+00
4.863957058288532608e+03 1.057985757884028377e+00
4.863985162754767771e+03 1.018311291963377441e+00
4.864013167205110221e+03 1.017293997965412089e+00
4.864041171655452672e+03 9.796541200406917449e-01
4.864069276121687835e+03 1.044760935910478139e+00
4.864097280572030286e+03 1.013224821973550460e+00
4.864125385038266359e+03 1.011190233977619535e+00
4.864153389488607900e+03 1.108850457782299070e+00
4.864181393938949441e+03 1.191251271617497443e+00
4.864209498405185514e+03 1.156663275686673487e+00
4.864237502855527964e+03 1.039674465920651159e+00
4.864265507305869505e+03 1.057985757884028377e+00
4.864293511756211956e+03 1.004069175991861629e+00
4.864321616222447119e+03 1.003051881993896277e+00
4.864349620672789570e+03 1.055951169888097674e+00
4.864377625123132020e+03 1.165818921668362096e+00
4.864405729589367184e+03 1.172939979654120002e+00
4.864433734039709634e+03 1.228891149542217676e+00
4.864461738490052085e+03 1.273652085452695815e+00
4.864489742940392716e+03 1.392675483214649068e+00
4.864517747390735167e+03 1.302136317395727438e+00
4.864545851856971240e+03 1.369277721261444647e+00
4.864573856307312781e+03 1.396744659206510697e+00
4.864601860757655231e+03 1.344862665310274652e+00
4.864629865207996772e+03 1.248219735503560468e+00
4.864657869658338313e+03 1.092573753814852555e+00
4.864685874108680764e+03 1.022380467955239070e+00
4.864713878559022305e+03 8.494404883011190677e-01
4.864741983025258378e+03 6.581892166836215141e-01
4.864769987475600828e+03 5.839267548321465107e-01
4.864797991925942370e+03 4.638860630722278500e-01
4.864825996376284820e+03 4.374364191251271516e-01
4.864854000826626361e+03 3.407934893184130232e-01
4.864882005276967902e+03 4.496439471007120936e-01
4.864910009727310353e+03 5.055951169888097674e-01
4.864938014177652803e+03 5.116988809766022106e-01
4.864966018627993435e+03 7.222787385554425565e-01
4.864994023078335886e+03 7.772126144455747676e-01
4.865022027528678336e+03 9.471007121057986033e-01
4.865050031979018968e+03 1.000000000000000000e+00
4.865078036429361418e+03 1.047812817904374416e+00
4.865106040879703869e+03 1.094608341810783259e+00
4.865134045330046320e+03 1.057985757884028377e+00
4.865162049780386951e+03 1.084435401831129298e+00
4.865189954214834870e+03 1.123092573753814882e+00
4.865217958665177321e+03 1.177009155645981631e+00
4.865245963115519771e+03 1.202441505595116977e+00
4.865273967565860403e+03 1.269582909460834186e+00
4.865301972016202853e+03 1.351983723296032558e+00
4.865329976466545304e+03 1.302136317395727438e+00
4.865357980916886845e+03 1.354018311291963483e+00
4.865385885351334764e+03 1.258392675483214651e+00
4.865413889801676305e+03 1.246185147507629765e+00
4.865441894252018756e+03 1.190233977619532091e+00
4.865469898702360297e+03 1.109867751780264422e+00
4.865497903152702747e+03 1.196337741607324423e+00
4.865525807587149757e+03 1.192268565615462794e+00
4.865553812037492207e+03 1.299084435401831161e+00
4.865581816487833748e+03 1.276703967446592092e+00
4.865609820938176199e+03 1.340793489318413023e+00
4.865637725372624118e+03 1.395727365208545345e+00
4.865665729822965659e+03 1.430315361139369301e+00
4.865693734273307200e+03 1.318413021363173954e+00
4.865721638707755119e+03 1.295015259409969532e+00
4.865749643158097570e+03 1.186164801627670462e+00
4.865777647608439111e+03 1.096642929806714184e+00
4.865805552042887030e+03 1.041709053916581862e+00
4.865833556493229480e+03 1.051881993896236045e+00
4.865861460927676490e+03 1.036622583926754881e+00
4.865889465378018940e+03 1.056968463886063025e+00
4.865917469828361391e+03 1.106815869786368367e+00
4.865945374262809310e+03 1.140386571719226749e+00
4.865973378713150851e+03 1.140386571719226749e+00
4.866001283147597860e+03 1.138351983723296046e+00
4.866029287597940311e+03 1.165818921668362096e+00
4.866057192032388230e+03 1.172939979654120002e+00
4.866085196482730680e+03 1.206510681586978606e+00
4.866113100917178599e+03 1.172939979654120002e+00
4.866141105367519231e+03 1.224821973550356047e+00
4.866169009801967150e+03 1.263479145473041632e+00
4.866197014252309600e+03 1.153611393692777209e+00
4.866224918686757519e+03 1.225839267548321398e+00
4.866252923137099970e+03 1.286876907426246275e+00
4.866280827571547889e+03 1.260427263479145576e+00
4.866308732005995807e+03 1.389623601220752791e+00
4.866336736456336439e+03 1.295015259409969532e+00
4.866364640890784358e+03 1.304170905391658142e+00
4.866392645341126808e+03 1.250254323499491393e+00
4.866420549775574727e+03 1.257375381485249299e+00
4.866448454210022646e+03 1.304170905391658142e+00
4.866476458660365097e+03 1.342828077314343949e+00
4.866504363094813016e+03 1.257375381485249299e+00
4.866532267529260025e+03 1.310274669379450696e+00
4.866560271979601566e+03 1.266531027466937909e+00
4.866588176414049485e+03 1.170905391658189298e+00
4.866616080848497404e+03 1.187182095625635814e+00
4.866643985282945323e+03 1.120040691759918605e+00
4.866671989733287774e+03 1.096642929806714184e+00
4.866699894167735692e+03 1.120040691759918605e+00
4.866727798602183611e+03 1.094608341810783259e+00
4.866755703036631530e+03 1.144455747711088600e+00
4.866783607471079449e+03 1.090539165818921630e+00
4.866811611921420990e+03 1.021363173957273718e+00
4.866839516355868000e+03 1.061037639877924654e+00
4.866867420790315919e+03 1.050864699898270693e+00
4.866895325224763837e+03 1.009155645981688609e+00
4.866923229659211756e+03 1.111902339776195348e+00
4.866951134093659675e+03 1.080366225839267447e+00
4.866979138544002126e+03 1.196337741607324423e+00
4.867007042978450045e+03 1.277721261444557443e+00
4.867034947412897964e+03 1.276703967446592092e+00
4.867062851847345883e+03 1.343845371312309300e+00
4.867090756281793801e+03 1.347914547304170929e+00
4.867118660716241720e+03 1.283825025432349998e+00
4.867146565150688730e+03 1.361139369277721167e+00
4.867174469585136649e+03 1.331637843336724414e+00
4.867202374019584568e+03 1.361139369277721167e+00
4.867230278454032486e+03 1.370295015259409999e+00
4.867258182888480405e+03 1.339776195320447671e+00
4.867286087322928324e+03 1.317395727365208602e+00
4.867313991757376243e+03 1.398779247202441400e+00
4.867341896191824162e+03 1.381485249237029533e+00
4.867369800626272081e+03 1.312309257375381399e+00
4.867397705060720000e+03 1.351983723296032558e+00
4.867425609495167919e+03 1.400813835198372326e+00
4.867453413913721306e+03 1.443540183112919539e+00
4.867481318348169225e+03 1.527975584944048837e+00
4.867509222782617144e+03 1.486266531027466975e+00
4.867537127217065063e+03 1.471007121057985811e+00
4.867565031651512982e+03 1.495422177009155584e+00
4.867592936085960901e+03 1.402848423194303251e+00
4.867620840520408819e+03 1.285859613428280701e+00
4.867648644938962207e+03 1.161749745676500467e+00
4.867676549373410126e+03 1.220752797558494418e+00
4.867704453807858044e+03 1.181078331637843259e+00
4.867732358242305963e+03 1.132248219735503492e+00
4.867760262676753882e+03 1.202441505595116977e+00
4.867788067095307269e+03 1.278738555442522795e+00
4.867815971529755188e+03 1.257375381485249299e+00
4.867843875964203107e+03 1.313326551373346973e+00
4.867871780398651026e+03 1.250254323499491393e+00
4.867899584817204413e+03 1.149542217700915581e+00
4.867927489251652332e+03 1.172939979654120002e+00
4.867955393686100251e+03 1.115971515768056976e+00
4.867983198104653638e+03 1.080366225839267447e+00
4.868011102539101557e+03 1.066124109867751857e+00
4.868039006973549476e+03 1.110885045778229996e+00
4.868066811392102863e+03 1.222787385554425121e+00
4.868094715826550782e+03 1.196337741607324423e+00
4.868122520245105079e+03 1.210579857578840235e+00
4.868150424679552998e+03 1.307222787385554419e+00
4.868178329114000917e+03 1.307222787385554419e+00
4.868206133532554304e+03 1.282807731434384646e+00
4.868234037967002223e+03 1.407934893184130232e+00
4.868261842385555610e+03 1.281790437436419072e+00
4.868289746820003529e+03 1.301119023397761865e+00
4.868317551238557826e+03 1.240081383519837210e+00
4.868345455673005745e+03 1.276703967446592092e+00
4.868373260091559132e+03 1.325534079348931860e+00
4.868401164526007051e+03 1.293997965412003959e+00
4.868428968944561348e+03 1.313326551373346973e+00
4.868456873379009267e+03 1.376398779247202331e+00
4.868484677797562654e+03 1.387589013224821866e+00
4.868512582232010573e+03 1.413021363173957212e+00
4.868540386650563960e+03 1.368260427263479073e+00
4.868568191069117347e+03 1.365208545269583018e+00
4.868596095503565266e+03 1.286876907426246275e+00
4.868623899922119563e+03 1.195320447609359071e+00
4.868651804356567482e+03 1.096642929806714184e+00
4.868679608775121778e+03 1.158697863682604190e+00
4.868707413193675166e+03 1.209562563580874883e+00
4.868735317628123084e+03 1.317395727365208602e+00
4.868763122046676472e+03 1.435401831129196282e+00
4.868790926465229859e+03 1.466937945066124183e+00
4.868818730883784156e+03 1.454730417090539074e+00
4.868846635318232074e+03 1.501525940996948139e+00
4.868874439736785462e+03 1.463886063072227905e+00
4.868902244155338849e+03 1.409969481180060935e+00
4.868930148589786768e+03 1.419125127161749766e+00
4.868957953008341065e+03 1.406917599186164880e+00
4.868985757426895361e+03 1.396744659206510697e+00
4.869013561845448748e+03 1.455747711088504648e+00
4.869041366264002136e+03 1.466937945066124183e+00
4.869069270698450055e+03 1.437436419125127207e+00
4.869097075117003442e+03 1.367243133265513721e+00
4.869124879535557739e+03 1.366225839267548370e+00
4.869152683954112035e+03 1.480162767039674421e+00
4.869180488372665423e+03 1.585961342828077214e+00
4.869208292791218810e+03 1.635808748728382556e+00
4.869236097209773106e+03 1.576805696846388605e+00
4.869263901628326494e+03 1.466937945066124183e+00
4.869291806062774413e+03 1.387589013224821866e+00
4.869319610481327800e+03 1.327568667344862563e+00
4.869347414899882097e+03 1.237029501525940933e+00
4.869375219318435484e+03 1.189216683621566739e+00
4.869403023736989780e+03 1.166836215666327670e+00
4.869430828155543168e+03 1.296032553407934884e+00
4.869458632574096555e+03 1.260427263479145576e+00
4.869486436992649942e+03 1.336724313326551394e+00
4.869514241411205148e+03 1.331637843336724414e+00
4.869542045829758536e+03 1.272634791454730463e+00
4.869569850248311923e+03 1.293997965412003959e+00
4.869597654666865310e+03 1.277721261444557443e+00
4.869625459085419607e+03 1.218718209562563493e+00
4.869653263503972994e+03 1.277721261444557443e+00
4.869680967906632759e+03 1.286876907426246275e+00
4.869708772325187056e+03 1.305188199389623493e+00
4.869736576743740443e+03 1.425228891149542321e+00
4.869764381162293830e+03 1.390640895218718143e+00
4.869792185580848127e+03 1.420142421159715118e+00
4.869819989999402424e+03 1.485249237029501623e+00
4.869847794417955811e+03 1.458799593082400703e+00
4.869875498820614666e+03 1.426246185147507672e+00
4.869903303239168963e+03 1.425228891149542321e+00
4.869931107657723260e+03 1.364191251271617444e+00
4.869958912076276647e+03 1.311291963377416048e+00
4.869986716494830034e+03 1.175991861648016279e+00
4.870014420897489799e+03 1.154628687690742561e+00
4.870042225316044096e+03 1.139369277721261398e+00
4.870070029734597483e+03 1.197355035605289997e+00
4.870097834153151780e+03 1.252288911495422097e+00
4.870125538555810635e+03 1.285859613428280701e+00
4.870153342974364023e+03 1.405900305188199306e+00
4.870181147392919229e+03 1.375381485249236979e+00
4.870208851795578084e+03 1.361139369277721167e+00
4.870236656214131472e+03 1.390640895218718143e+00
4.870264460632685768e+03 1.253306205493387671e+00
4.870292165035345533e+03 1.337741607324516746e+00
4.870319969453898921e+03 1.300101729399796513e+00
4.870347773872453217e+03 1.335707019328586043e+00
4.870375478275112982e+03 1.223804679552390695e+00
4.870403282693666370e+03 1.312309257375381399e+00
4.870430987096326135e+03 1.299084435401831161e+00
4.870458791514879522e+03 1.283825025432349998e+00
4.870486495917540196e+03 1.229908443540183027e+00
4.870514300336093584e+03 1.229908443540183027e+00
4.870542004738753349e+03 1.252288911495422097e+00
4.870569809157306736e+03 1.308240081383519771e+00
4.870597513559966501e+03 1.296032553407934884e+00
4.870625317978520798e+03 1.245167853509664191e+00
4.870653022381179653e+03 1.275686673448626740e+00
4.870680826799733950e+03 1.300101729399796513e+00
4.870708531202393715e+03 1.232960325534079304e+00
4.870736335620947102e+03 1.381485249237029533e+00
4.870764040023606867e+03 1.393692777212614420e+00
4.870791844442161164e+03 1.429298067141403950e+00
4.870819548844820019e+03 1.575788402848423253e+00
4.870847253247479784e+03 1.652085452695829071e+00
4.870875057666034081e+03 1.542217700915564649e+00
4.870902762068693846e+03 1.606307222787385580e+00
4.870930566487247233e+03 1.530010172939979762e+00
4.870958270889906998e+03 1.495422177009155584e+00
4.870985975292566764e+03 1.485249237029501623e+00
4.871013679695225619e+03 1.531027466937945114e+00
4.871041484113780825e+03 1.452695829094608371e+00
4.871069188516439681e+03 1.503560528992878842e+00
4.871096892919099446e+03 9.277721261444556999e-01
4.871124697337653743e+03 1.376398779247202331e+00
4.871152401740312598e+03 1.506612410986775119e+00
4.871180106142972363e+03 1.484231943031536050e+00
4.871207810545633038e+03 1.065106815869786283e+00
4.871235614964186425e+03 1.168870803662258373e+00
4.871263319366845280e+03 1.284842319430315349e+00
4.871291023769505955e+03 1.302136317395727438e+00
4.871318728172164811e+03 1.353001017293997910e+00
4.871346432574824576e+03 1.326551373346897211e+00
4.871374136977484341e+03 1.369277721261444647e+00
4.871401941396038637e+03 1.412004069175991861e+00
4.871429645798697493e+03 1.559511698880976516e+00
4.871457350201358167e+03 1.608341810783316284e+00
4.871485054604017023e+03 1.549338758901322555e+00
4.871512759006677697e+03 1.547304170905391629e+00
4.871540463409336553e+03 1.637843336724313259e+00
4.871568167811996318e+03 1.621566632756866744e+00
4.871595872214656083e+03 1.613428280773143486e+00
4.871623576617315848e+03 1.520854526958290931e+00
4.871651281019975613e+03 1.444557477110885113e+00
4.871678985422635378e+03 1.435401831129196282e+00
4.871706689825294234e+03 1.397761953204476049e+00
4.871734394227954908e+03 1.351983723296032558e+00
4.871762098630613764e+03 1.264496439471007205e+00
4.871789803033274438e+03 1.236012207527975582e+00
4.871817507435933294e+03 1.237029501525940933e+00
4.871845211838593059e+03 1.277721261444557443e+00
4.871872916241252824e+03 1.423194303153611395e+00
4.871900620643912589e+03 1.397761953204476049e+00
4.871928325046572354e+03 1.514750762970498377e+00
4.871956029449232119e+03 1.665310274669379531e+00
4.871983733851891884e+03 1.636826042726347907e+00
4.872011438254551649e+03 1.560528992878942089e+00
4.872039042641316883e+03 1.523906408952187208e+00
4.872066747043976648e+03 1.549338758901322555e+00
4.872094451446636413e+03 1.518819938962360228e+00
4.872122155849296178e+03 1.557477110885045812e+00
4.872149860251955943e+03 1.563580874872838145e+00
4.872177564654614798e+03 1.630722278738555353e+00
4.872205169041380941e+03 1.561546286876907441e+00
4.872232873444040706e+03 1.571719226856561624e+00
4.872260577846700471e+03 1.490335707019328604e+00
4.872288282249360236e+03 1.343845371312309300e+00
4.872315886636126379e+03 1.345879959308240004e+00
4.872343591038785235e+03 1.311291963377416048e+00
4.872371295441445909e+03 1.457782299084435351e+00
4.872398899828210233e+03 1.513733468972533025e+00
4.872426604230870907e+03 1.620549338758901392e+00
4.872454308633529763e+03 1.717192268565615354e+00
4.872481913020295906e+03 1.768056968463886047e+00
4.872509617422955671e+03 1.685656154628687675e+00
4.872537321825614526e+03 1.552390640895218610e+00
4.872564926212380669e+03 1.534079348931841391e+00
4.872592630615040434e+03 1.553407934893184184e+00
4.872620335017700199e+03 1.603255340793489303e+00
4.872647939404465433e+03 1.653102746693794423e+00
4.872675643807125198e+03 1.714140386571719299e+00
4.872703248193890431e+03 1.819938962360122092e+00
4.872730952596551106e+03 1.866734486266530935e+00
4.872758556983316339e+03 1.742624618514750701e+00
4.872786261385976104e+03 1.653102746693794423e+00
4.872813865772741337e+03 1.517802644964394654e+00
4.872841570175401102e+03 1.400813835198372326e+00
4.872869174562166336e+03 1.433367243133265578e+00
4.872896878964827010e+03 1.416073245167853489e+00
4.872924483351592244e+03 1.514750762970498377e+00
4.872952187754252009e+03 1.544252288911495352e+00
4.872979792141017242e+03 1.555442522889114887e+00
4.873007496543677007e+03 1.557477110885045812e+00
