4.849332962197469897e+03 5.223630710356373941e-01
4.849361665172112225e+03 5.266682611815355353e-01
4.849390368146754554e+03 5.247548433389140898e-01
4.849419071121396883e+03 5.625448457306864158e-01
4.849447674085673498e+03 5.673283903372399184e-01
4.849476377060316736e+03 5.835924419995216494e-01
4.849505080034958155e+03 6.017699115044248259e-01
4.849533783009600484e+03 5.692418081798612528e-01
4.849562385973878008e+03 5.639799091126524999e-01
4.849591088948519428e+03 5.802439607749342310e-01
4.849619791923162666e+03 5.701985171011719755e-01
4.849648394887439281e+03 5.515426931356134377e-01
4.849677097862081609e+03 5.343219325520210949e-01
4.849705800836723029e+03 5.434106673044726277e-01
4.849734403801001463e+03 5.381487682372637638e-01
4.849763106775643791e+03 5.156661085864625571e-01
4.849791709739920407e+03 4.994020569241808261e-01
4.849820412714562735e+03 5.194929442717053369e-01
4.849849115689205064e+03 5.247548433389140898e-01
4.849877718653482589e+03 5.137526907438412227e-01
4.849906421628124917e+03 4.946185123176273790e-01
4.849935024592402442e+03 5.142310452044965841e-01
4.849963727567044771e+03 5.242764888782588395e-01
4.849992330531321386e+03 5.204496531930160597e-01
4.850021033505963715e+03 5.080124372159769974e-01
4.850049636470241239e+03 5.391054771585744865e-01
4.850078339444883568e+03 5.233197799569481168e-01
4.850106942409161093e+03 5.453240851470939621e-01
4.850135645383802512e+03 5.247548433389140898e-01
4.850164248348080946e+03 5.266682611815355353e-01
4.850192951322722365e+03 4.989237024635254647e-01
4.850221554286999890e+03 4.974886390815594361e-01
4.850250157251277415e+03 4.520449653193016060e-01
4.850278860225919743e+03 4.764410428127242025e-01
4.850307463190197268e+03 4.592202822291318043e-01
4.850336166164839597e+03 4.668739535996173085e-01
4.850364769129117121e+03 4.635254723750298900e-01
4.850393372093393737e+03 4.630471179143745286e-01
4.850422075068036975e+03 4.702224348242047269e-01
4.850450678032314499e+03 4.501315474766802160e-01
4.850479280996591115e+03 4.836163597225544009e-01
4.850507983971233443e+03 5.137526907438412227e-01
4.850536586935510968e+03 4.898349677110739320e-01
4.850565189899788493e+03 4.979669935422147975e-01
4.850593792864066018e+03 4.936618033963166563e-01
4.850622495838708346e+03 5.171011719684286412e-01
4.850651098802985871e+03 5.300167424061229537e-01
4.850679701767263396e+03 5.185362353503946142e-01
4.850708304731540920e+03 5.324085147093996495e-01
4.850737007706182339e+03 5.701985171011719755e-01
4.850765610670460774e+03 5.247548433389140898e-01
4.850794213634737389e+03 5.826357330782109267e-01
4.850822816599014914e+03 5.477158574503707689e-01
4.850851419563293348e+03 5.668500358765845570e-01
4.850880122537934767e+03 6.070318105716335788e-01
4.850908725502212292e+03 6.099019373355656359e-01
4.850937328466489816e+03 5.711552260224826982e-01
4.850965931430767341e+03 5.749820617077254781e-01
4.850994534395044866e+03 5.701985171011719755e-01
4.851023137359322391e+03 5.367137048552977907e-01
4.851051740323599915e+03 5.644582635733078613e-01
4.851080343287877440e+03 5.572829466634776630e-01
4.851108946252154965e+03 5.491509208323367419e-01
4.851137649226796384e+03 5.505859842143028260e-01
4.851166252191074818e+03 5.276249701028462580e-01
4.851194855155352343e+03 5.448457306864386007e-01
4.851223458119628958e+03 5.491509208323367419e-01
4.851252061083907392e+03 5.037072470700789673e-01
4.851280664048184008e+03 4.687873714422386984e-01
4.851309267012462442e+03 4.683090169815833370e-01
4.851337869976739057e+03 4.080363549390098044e-01
4.851366472941016582e+03 3.649844534800287255e-01
4.851395075905295016e+03 3.094953360440085843e-01
4.851423578859206827e+03 2.827074862473092365e-01
4.851452181823485262e+03 2.386988758670174626e-01
4.851480784787761877e+03 2.382205214063621013e-01
4.851509387752040311e+03 2.391772303276727962e-01
4.851537990716316926e+03 2.568763453719206113e-01
4.851566593680594451e+03 2.602248265965080298e-01
4.851595196644872885e+03 2.798373594833771794e-01
4.851623799609149501e+03 3.047117914374551373e-01
4.851652402573427935e+03 3.104520449653193070e-01
4.851680905527339746e+03 3.549390098062664700e-01
4.851709508491618180e+03 3.965558478832815203e-01
4.851738111455895705e+03 4.262138244439129253e-01
4.851766714420172320e+03 4.477397751734034648e-01
4.851795317384450755e+03 5.094475005979430815e-01
4.851823820338362566e+03 5.386271226979191251e-01
4.851852423302641000e+03 5.510643386749581873e-01
4.851881026266917615e+03 5.577613011241330243e-01
4.851909629231196050e+03 5.654149724946184730e-01
4.851938132185108770e+03 6.012915570437694646e-01
4.851966735149386295e+03 5.984214302798374074e-01
4.851995338113663820e+03 6.079885194929443015e-01
4.852023941077940435e+03 6.137287730208084158e-01
4.852052444031854066e+03 6.357330782109543721e-01
4.852081046996130681e+03 5.893326955273857637e-01
4.852109649960409115e+03 6.079885194929443015e-01
4.852138152914321836e+03 5.998564936618033805e-01
4.852166755878599361e+03 6.448218129634059048e-01
4.852195358842876885e+03 6.682611815355178342e-01
4.852223861796789606e+03 6.247309256158813939e-01
4.852252464761067131e+03 6.357330782109543721e-01
4.852280967714979852e+03 6.491270031093040460e-01
4.852309570679257376e+03 6.543889021765127989e-01
4.852338073633171007e+03 6.481702941879933233e-01
4.852366676597447622e+03 6.955273857928725434e-01
4.852395279561726056e+03 7.108347285338435517e-01
4.852423782515637868e+03 6.993542214781153232e-01
4.852452385479916302e+03 6.993542214781153232e-01
4.852480888433828113e+03 6.993542214781153232e-01
4.852509491398106547e+03 6.543889021765127989e-01
4.852537994352019268e+03 6.553456110978235216e-01
4.852566597316296793e+03 6.433867495814398207e-01
4.852595100270209514e+03 6.271226979191580897e-01
4.852623703234487039e+03 5.988997847404926578e-01
4.852652206188399759e+03 6.051183927290122444e-01
4.852680709142313390e+03 5.941162401339392662e-01
4.852709312106590005e+03 5.965080124372159620e-01
4.852737815060503635e+03 5.835924419995216494e-01
4.852766418024780251e+03 5.912461133700072091e-01
4.852794920978693881e+03 5.812006696962449537e-01
4.852823423932605692e+03 5.802439607749342310e-01
4.852852026896884126e+03 5.802439607749342310e-01
4.852880529850796847e+03 5.735469983257593940e-01
4.852909032804709568e+03 6.089452284142549132e-01
4.852937635768987093e+03 6.161205453240851115e-01
4.852966138722899814e+03 6.046400382683568830e-01
4.852994641676813444e+03 6.553456110978235216e-01
4.853023244641090059e+03 6.759148529060033939e-01
4.853051747595003690e+03 6.740014350633819484e-01
4.853080250548916410e+03 7.079646017699114946e-01
4.853108753502829131e+03 7.223152355895718912e-01
4.853137356467106656e+03 7.294905524994020896e-01
4.853165859421019377e+03 7.189667543649844728e-01
4.853194362374933007e+03 7.137048552977756088e-01
4.853222865328844819e+03 6.716096627601052527e-01
4.853251468293123253e+03 6.716096627601052527e-01
4.853279971247035974e+03 6.821334608945228695e-01
4.853308474200948694e+03 6.701745993781391686e-01
4.853336977154861415e+03 6.625209280076537199e-01
4.853365480108774136e+03 6.907438411863190408e-01
4.853393983062687767e+03 6.558239655584788830e-01
4.853422486016599578e+03 6.759148529060033939e-01
4.853451088980878012e+03 6.510404209519253804e-01
4.853479591934790733e+03 6.122937096388423317e-01
4.853508094888703454e+03 6.237742166945706712e-01
4.853536597842617084e+03 6.170772542453958343e-01
4.853565100796528895e+03 6.127720640994976931e-01
4.853593603750442526e+03 5.864625687634537066e-01
4.853622106704354337e+03 5.998564936618033805e-01
4.853650609658267967e+03 5.969863668978713234e-01
4.853679112612181598e+03 5.941162401339392662e-01
4.853707615566093409e+03 6.261659889978473670e-01
4.853736118520007039e+03 6.577373834011002174e-01
4.853764621473918851e+03 6.921789045682851249e-01
4.853793124427832481e+03 7.117914374551542744e-01
4.853821627381745202e+03 7.691939727337957500e-01
4.853850130335657923e+03 8.160727098780196087e-01
4.853878633289571553e+03 7.849796699354221197e-01
4.853907136243484274e+03 8.175077732599856928e-01
4.853935639197396995e+03 8.390337239894761767e-01
4.853964142151309716e+03 8.361635972255441196e-01
4.853992645105222437e+03 8.165510643386749701e-01
4.854021048048770353e+03 7.897632145419756222e-01
4.854049551002683984e+03 7.974168859124611819e-01
4.854078053956596705e+03 7.481463764649605164e-01
4.854106556910509426e+03 7.443195407797177365e-01
4.854135059864423056e+03 7.084429562305668560e-01
4.854163562818334867e+03 7.017459937813920190e-01
4.854191965761883694e+03 7.232719445108826140e-01
4.854220468715796414e+03 7.098780196125329400e-01
4.854248971669709135e+03 7.084429562305668560e-01
4.854277474623622766e+03 7.323606792633341467e-01
4.854305977577535486e+03 7.462329586223391820e-01
4.854334380521083403e+03 7.572351112174120491e-01
4.854362883474996124e+03 7.782827074862472827e-01
4.854391386428909755e+03 7.821095431714900625e-01
4.854419789372457672e+03 8.065056206649127146e-01
4.854448292326370392e+03 7.452762497010284592e-01
4.854476795280284023e+03 7.223152355895718912e-01
4.854505298234195834e+03 7.299689069600574509e-01
4.854533701177744661e+03 7.223152355895718912e-01
4.854562204131657381e+03 7.160966276010524156e-01
4.854590707085570102e+03 6.936139679502510980e-01
4.854619110029118019e+03 7.165749820617077770e-01
4.854647612983031649e+03 7.060511839272901602e-01
4.854676015926580476e+03 6.806983975125567854e-01
4.854704518880492287e+03 6.754364984453480325e-01
4.854733021834405918e+03 6.983975125568046005e-01
4.854761424777953835e+03 6.615642190863429972e-01
4.854789927731866555e+03 6.754364984453480325e-01
4.854818330675414472e+03 6.577373834011002174e-01
4.854846833629328103e+03 6.563023200191341333e-01
4.854875236572876929e+03 6.524754843338914645e-01
4.854903739526788740e+03 6.864386510404208996e-01
4.854932142470337567e+03 7.027027027027027417e-01
4.854960645424250288e+03 7.605835924419994676e-01
4.854989048367799114e+03 7.390576417125089836e-01
4.855017551321710926e+03 7.562784022961014374e-01
4.855045954265259752e+03 7.577134656780674105e-01
4.855074457219173382e+03 7.486247309256158777e-01
4.855102860162721299e+03 7.184883999043291114e-01
4.855131363116634020e+03 6.850035876584549266e-01
4.855159766060181937e+03 6.629992824683089703e-01
4.855188169003730764e+03 6.304711791437455082e-01
4.855216671957642575e+03 6.304711791437455082e-01
4.855245074901191401e+03 6.529538387945467148e-01
4.855273477844739318e+03 6.414733317388184863e-01
4.855301980798652949e+03 6.888304233436977064e-01
4.855330383742201775e+03 6.687395359961731955e-01
4.855358786685748782e+03 6.936139679502510980e-01
4.855387289639662413e+03 7.443195407797177365e-01
4.855415692583210330e+03 7.409710595551303181e-01
4.855444095526759156e+03 7.447978952403730979e-01
4.855472598480670968e+03 7.825878976321454239e-01
4.855501001424219794e+03 8.117675197321214675e-01
4.855529404367768620e+03 7.926333413059076793e-01
4.855557807311316537e+03 8.261181535517818642e-01
4.855586310265229258e+03 8.026787849796699348e-01
4.855614713208777175e+03 8.007653671370486004e-01
4.855643116152326002e+03 8.017220760583592121e-01
4.855671519095873919e+03 7.701506816551064727e-01
4.855699922039422745e+03 7.945467591485290137e-01
4.855728424993335466e+03 7.739775173403492525e-01
4.855756827936883383e+03 7.476680220043051550e-01
4.855785230880432209e+03 7.404927050944749567e-01
4.855813633823980126e+03 7.538866299928246306e-01
4.855842036767528953e+03 7.830662520928007853e-01
4.855870439711076870e+03 7.103563740731881904e-01
4.855898842654624787e+03 7.648887825878976088e-01
4.855927345608538417e+03 6.936139679502510980e-01
4.855955748552086334e+03 6.945706768715618207e-01
4.855984151495635160e+03 7.046161205453240761e-01
4.856012554439183077e+03 6.988758670174599619e-01
4.856040957382730994e+03 7.041377660846687148e-01
4.856069360326278911e+03 7.007892848600812963e-01
4.856097763269827738e+03 7.141832097584309702e-01
4.856126166213375654e+03 7.089213106912222173e-01
4.856154569156924481e+03 7.275771346567806441e-01
4.856182972100473307e+03 7.534082755321693803e-01
4.856211375044020315e+03 7.400143506338197064e-01
4.856239777987569141e+03 7.758909351829705869e-01
4.856268180931117058e+03 7.668022004305190542e-01
4.856296583874665885e+03 8.112891652714661062e-01
4.856324986818213802e+03 8.093757474288447717e-01
4.856353289751397824e+03 8.270748624730925869e-01
4.856381692694946651e+03 8.399904329107868994e-01
4.856410095638494568e+03 8.495575221238937935e-01
4.856438498582042484e+03 8.629514470222434674e-01
4.856466901525590401e+03 8.452523319779956523e-01
4.856495304469139228e+03 8.098541018895001331e-01
4.856523707412687145e+03 7.993303037550825163e-01
4.856552110356235971e+03 8.289882803157139213e-01
4.856580413289419994e+03 8.404687873714422608e-01
4.856608816232967911e+03 8.275532169337479482e-01
4.856637219176515828e+03 7.902415690026309836e-01
4.856665622120063745e+03 8.299449892370246440e-01
4.856693925053247767e+03 8.304233436976800053e-01
4.856722327996795684e+03 8.385553695288208154e-01
4.856750730940344511e+03 8.543410667304472961e-01
4.856779133883893337e+03 8.079406840468786877e-01
4.856807436817076450e+03 8.438172685960296793e-01
4.856835839760625277e+03 8.648648648648649129e-01
4.856864242704173193e+03 8.897392968189428153e-01
4.856892645647721110e+03 8.945228414254963178e-01
4.856920948580905133e+03 9.016981583353265162e-01
4.856949351524453050e+03 9.284860081320258640e-01
4.856977754468000967e+03 9.519253767041377934e-01
4.857006057401184989e+03 9.720162640516623043e-01
4.857034460344733816e+03 9.519253767041377934e-01
4.857062763277916929e+03 9.940205692418081496e-01
4.857091166221465755e+03 9.667543649844534404e-01
4.857119569165013672e+03 9.394881607270987312e-01
4.857147872098197695e+03 9.270509447500597799e-01
4.857176275041745612e+03 9.045682850992585733e-01
4.857204577974929634e+03 8.725185362353503615e-01
4.857232980918478461e+03 8.758670174599377800e-01
4.857261283851661574e+03 8.323367615403013398e-01
4.857289686795210400e+03 8.289882803157139213e-01
4.857317989728393513e+03 8.385553695288208154e-01
4.857346392671941430e+03 8.447739775173404020e-01
4.857374695605124543e+03 8.849557522123894238e-01
4.857403098548673370e+03 9.280076536713705027e-01
4.857431401481856483e+03 9.442717053336522337e-01
4.857459804425405309e+03 1.027505381487682445e+00
4.857488107358589332e+03 1.013633102128677299e+00
4.857516510302137249e+03 1.048074623295862207e+00
4.857544813235321271e+03 1.082994498923702364e+00
4.857573116168504384e+03 1.093996651518775343e+00
4.857601519112053211e+03 1.108347285338435739e+00
4.857629822045236324e+03 1.062903611576177854e+00
4.857658224988785150e+03 1.020808419038507608e+00
4.857686527921969173e+03 1.018895001195886163e+00
4.857714830855152286e+03 9.256158813680938069e-01
4.857743233798701112e+03 8.859124611337000355e-01
4.857771536731884225e+03 8.596029657976560490e-01
4.857799839665068248e+03 8.146376464960535246e-01
4.857828242608616165e+03 7.959818225304950978e-01
4.857856545541800187e+03 7.868930877780435651e-01
4.857884848474983301e+03 7.940684046878737634e-01
4.857913151408167323e+03 7.778043530255919213e-01
4.857941554351716150e+03 8.022004305190145734e-01
4.857969857284899263e+03 7.998086582157378777e-01
4.857998160218083285e+03 8.179861277206409431e-01
4.858026463151266398e+03 8.160727098780196087e-01
4.858054766084450421e+03 8.179861277206409431e-01
4.858083169027998338e+03 8.213346089452283616e-01
4.858111471961182360e+03 7.672805548911744156e-01
4.858139774894366383e+03 7.404927050944749567e-01
4.858168077827549496e+03 7.610619469026548289e-01
4.858196380760733518e+03 7.845013154747667583e-01
4.858224683693916631e+03 7.189667543649844728e-01
4.858253086637465458e+03 7.534082755321693803e-01
4.858281389570648571e+03 7.424061229370964021e-01
4.858309692503832594e+03 7.395359961731643450e-01
4.858337995437015707e+03 7.696723271944511113e-01
4.858366298370199729e+03 7.768476441042813097e-01
4.858394601303383752e+03 7.778043530255919213e-01
4.858422904236567774e+03 7.787610619469026441e-01
4.858451207169751797e+03 8.165510643386749701e-01
4.858479510102934910e+03 8.146376464960535246e-01
4.858507813036118932e+03 8.256397990911265028e-01
4.858536115969302045e+03 8.141592920353982743e-01
4.858564418902486068e+03 8.409471418320976221e-01
4.858592721835670091e+03 8.079406840468786877e-01
4.858621024768853204e+03 8.639081559435541902e-01
4.858649327702037226e+03 8.706051183927290271e-01
4.858677630635220339e+03 8.605596747189667717e-01
4.858705933568404362e+03 8.969146137287730136e-01
4.858734236501587475e+03 9.763214541975604455e-01
4.858762539434771497e+03 9.605357569959339648e-01
4.858790742357590716e+03 9.461851231762735681e-01
4.858819045290774739e+03 9.591006936139679917e-01
4.858847348223958761e+03 9.614924659172446875e-01
4.858875651157141874e+03 9.543171490074144891e-01
4.858903954090325897e+03 9.237024635254723615e-01
4.858932257023509010e+03 8.768237263812485027e-01
4.858960559956693032e+03 8.514709399665152390e-01
4.858988762879511341e+03 8.165510643386749701e-01
4.859017065812695364e+03 7.610619469026548289e-01
4.859045368745878477e+03 7.299689069600574509e-01
4.859073671679062500e+03 7.280554891174360055e-01
4.859101874601882628e+03 6.840468787371442039e-01
4.859130177535065741e+03 6.352547237502990107e-01
4.859158480468249763e+03 6.323845969863668426e-01
4.859186783401432876e+03 6.142071274814637771e-01
4.859214986324252095e+03 6.543889021765127989e-01
4.859243289257435208e+03 6.682611815355178342e-01
4.859271592190619231e+03 6.902654867256636795e-01
4.859299795113439359e+03 7.381009327911982609e-01
4.859328098046622472e+03 7.892848600813202609e-01
4.859356400979806494e+03 8.294666347763692826e-01
4.859384603902624804e+03 8.749103085386271683e-01
4.859412906835808826e+03 9.390098062664434808e-01
4.859441209768991939e+03 9.528820856254484051e-01
4.859469412691811158e+03 1.003587658454915044e+00
4.859497715624994271e+03 1.012676393207366576e+00
4.859525918547814399e+03 1.027983735948337696e+00
4.859554221480998422e+03 1.029418799330303669e+00
4.859582424403816731e+03 1.014111456589332771e+00
4.859610727337000753e+03 9.701028462090408588e-01
4.859639030270183866e+03 9.399665151877540925e-01
4.859667233193003085e+03 9.332695527385792555e-01
4.859695536126186198e+03 8.839990432910787010e-01
4.859723739049006326e+03 8.878258789763214809e-01
4.859752041982189439e+03 8.835206888304233397e-01
4.859780244905008658e+03 8.380770150681655650e-01
4.859808447827827877e+03 7.940684046878737634e-01
4.859836750761010990e+03 7.744558718010045029e-01
4.859864953683831118e+03 7.878497966993541768e-01
4.859893256617014231e+03 7.553216933747907147e-01
4.859921459539833450e+03 7.615403013633101903e-01
4.859949762473016563e+03 7.098780196125329400e-01
4.859977965395835781e+03 7.390576417125089836e-01
4.860006168318655000e+03 7.620186558239655517e-01
4.860034471251839022e+03 7.658454915092083315e-01
4.860062674174658241e+03 7.964601769911504592e-01
4.860090877097476550e+03 8.490791676632384322e-01
4.860119180030660573e+03 9.595790480746232420e-01
4.860147382953479791e+03 1.046161205453240761e+00
4.860175585876299010e+03 1.078689308777804445e+00
4.860203888809482123e+03 1.118871083472853467e+00
4.860232091732301342e+03 1.192537670413776674e+00
4.860260294655120560e+03 1.181057163358048223e+00
4.860288497577939779e+03 1.282946663477636973e+00
4.860316800511123802e+03 1.285816790241568919e+00
4.860345003433942111e+03 1.294427170533365201e+00
4.860373206356761330e+03 1.307342740971059625e+00
4.860401409279580548e+03 1.331260464003826804e+00
4.860429612202399767e+03 1.329347046161205359e+00
4.860457915135582880e+03 1.311169576656302294e+00
4.860486118058402099e+03 1.357091604879215430e+00
4.860514320981221317e+03 1.375269074384118717e+00
4.860542523904040536e+03 1.380530973451327359e+00
4.860570726826859755e+03 1.458024396077493456e+00
4.860598929749678973e+03 1.482420473570916108e+00
4.860627132672498192e+03 1.474288447739775076e+00
4.860655435605681305e+03 1.543171490074144891e+00
4.860683638528500524e+03 1.575221238938053103e+00
4.860711841451318833e+03 1.614924659172446875e+00
4.860740044374138961e+03 1.680459220282229049e+00
4.860768247296957270e+03 1.740731882324802582e+00
4.860796450219776489e+03 1.794307581918201278e+00
4.860824653142596617e+03 1.925376704137766071e+00
4.860852856065414926e+03 1.999521645539344750e+00
4.860881058988234145e+03 2.110499880411385032e+00
4.860909261911052454e+03 2.352547237502989663e+00
4.860937464833872582e+03 2.562544845730686305e+00
4.860965667756690891e+03 2.784501315474766869e+00
4.860993870679510110e+03 2.959100693613967881e+00
4.861022073602329328e+03 3.124611337000717359e+00
4.861050276525148547e+03 3.217890456828509826e+00
4.861078479447967766e+03 3.254245395838316401e+00
4.861106582360422180e+03 3.300167424061229315e+00
4.861134785283241399e+03 3.292513752690743978e+00
4.861162988206059708e+03 3.281511600095671000e+00
4.861191191128878927e+03 3.241808179861277228e+00
4.861219394051698146e+03 3.112174121023678630e+00
4.861247596974517364e+03 2.977278163118870946e+00
4.861275799897335673e+03 2.814159292035398163e+00
4.861303902809790998e+03 2.709878019612532718e+00
4.861332105732610216e+03 2.587419277684764207e+00
4.861360308655428526e+03 2.518057880889739142e+00
4.861388511578248654e+03 2.523798134417603478e+00
4.861416714501066963e+03 2.577373834011002174e+00
4.861444817413521378e+03 2.567806744797895391e+00
4.861473020336340596e+03 2.665869409232241249e+00
4.861501223259159815e+03 2.783066252092800674e+00
4.861529426181978124e+03 2.851470939966515239e+00
4.861557529094433448e+03 3.004066012915570294e+00
4.861585732017252667e+03 3.042334369767997870e+00
4.861613934940070976e+03 3.069600574025352913e+00
4.861642037852526300e+03 3.107390576417125239e+00
4.861670240775344610e+03 3.106433867495814294e+00
4.861698443698163828e+03 3.020808419038507608e+00
4.861726546610618243e+03 2.917962209997608358e+00
4.861754749533437462e+03 2.805548911743601881e+00
4.861782852445891876e+03 2.634298014828988066e+00
4.861811055368711095e+03 2.462568763453719001e+00
4.861839258291530314e+03 2.292274575460416131e+00
4.861867361203984728e+03 2.136809375747428685e+00
4.861895564126803947e+03 2.004783544606553392e+00
4.861923667039258362e+03 1.900980626644343419e+00
4.861951869962077581e+03 1.787610619469026441e+00
4.861979972874531086e+03 1.706768715618273147e+00
4.862008175797351214e+03 1.640755800047835500e+00
4.862036278709804719e+03 1.604879215498684619e+00
4.862064481632623938e+03 1.546998325759387782e+00
4.862092584545079262e+03 1.560392250657737456e+00
4.862120787467897571e+03 1.521645539344654408e+00
4.862148890380352896e+03 1.578091365701985271e+00
4.862177093303171205e+03 1.588615163836402777e+00
4.862205196215626529e+03 1.581918201387227940e+00
4.862233399138444838e+03 1.564219086342980125e+00
4.862261502050899253e+03 1.514470222434824098e+00
4.862289604963353668e+03 1.447978952403731201e+00
4.862317807886172886e+03 1.386271226979191473e+00
4.862345910798627301e+03 1.285338435780913668e+00
4.862374113721446520e+03 1.303994259746472206e+00
4.862402216633900935e+03 1.231762736187514973e+00
4.862430319546355349e+03 1.180578808897392973e+00
4.862458522469174568e+03 1.157617794785936294e+00
4.862486625381628983e+03 1.104520449653193070e+00
4.862514728294083397e+03 1.127959818225305000e+00
4.862542831206537812e+03 1.141353743123654674e+00
4.862571034129357031e+03 1.145658933269552815e+00
4.862599137041811446e+03 1.122219564697440886e+00
4.862627239954265860e+03 1.135613489595790560e+00
4.862655342866721185e+03 1.142788806505620647e+00
4.862683545789539494e+03 1.143267160966276119e+00
4.862711648701993909e+03 1.112174121023678630e+00
4.862739751614448323e+03 1.098780196125328956e+00
4.862767854526902738e+03 1.065295383879454771e+00
4.862795957439357153e+03 1.045682850992585511e+00
4.862824160362176372e+03 1.065295383879454771e+00
4.862852263274630786e+03 1.082516144463047114e+00
4.862880366187085201e+03 1.074862473092561554e+00
4.862908469099540525e+03 1.044726142071274788e+00
4.862936572011994031e+03 1.065773738340110022e+00
4.862964674924449355e+03 1.047596268835206956e+00
4.862992777836902860e+03 1.049509686677828180e+00
4.863020880749358184e+03 1.002630949533604321e+00
4.863048983661811690e+03 9.710595551303515816e-01
4.863077186584630908e+03 9.332695527385792555e-01
4.863105289497085323e+03 9.437933508729968723e-01
4.863133392409539738e+03 9.217890456828510271e-01
4.863161495321994153e+03 8.921310691222195111e-01
4.863189598234448567e+03 8.854341066730446741e-01
4.863217701146903892e+03 8.739535996173164456e-01
4.863245804059357397e+03 8.739535996173164456e-01
4.863273906971812721e+03 8.662999282468308859e-01
4.863302009884267136e+03 8.777804353025592254e-01
4.863330012786356747e+03 8.935661325041855951e-01
4.863358115698811162e+03 9.083951207845013531e-01
4.863386218611265576e+03 8.883042334369768422e-01
4.863414321523719991e+03 9.303994259746471984e-01
4.863442424436174406e+03 9.079167663238459918e-01
4.863470527348629730e+03 9.131786653910547447e-01
4.863498630261083235e+03 9.404448696484094539e-01
4.863526733173538560e+03 9.739296818942836387e-01
4.863554836085992065e+03 9.753647452762497227e-01
4.863582838988082585e+03 9.916287969385314538e-01
4.863610941900537000e+03 1.001195886151638348e+00
4.863639044812991415e+03 9.873236067926333126e-01
4.863667147725445830e+03 9.901937335565653697e-01
4.863695250637900244e+03 1.021765127959818331e+00
4.863723253539989855e+03 1.004066012915570516e+00
4.863751356452444270e+03 1.005022721836881239e+00
4.863779459364899594e+03 1.019851710117196886e+00
4.863807562277353099e+03 1.016981583353264718e+00
4.863835565179443620e+03 1.025113609184405750e+00
4.863863668091898035e+03 1.005501076297536489e+00
4.863891771004352449e+03 1.021765127959818331e+00
4.863919873916806864e+03 1.048074623295862207e+00
4.863947876818896475e+03 1.024156900263095027e+00
4.863975979731350890e+03 1.017938292274575440e+00
4.864003982633440501e+03 1.063860320497488576e+00
4.864032085545894915e+03 1.040899306386032119e+00
4.864060188458349330e+03 1.048074623295862207e+00
4.864088191360439851e+03 1.077732599856493723e+00
4.864116294272894265e+03 1.053336522363071071e+00
4.864144397185348680e+03 1.032767280554891087e+00
4.864172400087438291e+03 1.055249940205692516e+00
4.864200502999892706e+03 1.034680698397512533e+00
4.864228505901982317e+03 1.040899306386032119e+00
4.864256608814437641e+03 1.031332217172925114e+00
4.864284611716526342e+03 1.021765127959818331e+00
4.864312714628981666e+03 1.022721836881128832e+00
4.864340717531071277e+03 1.043769433149964065e+00
4.864368820443525692e+03 1.019851710117196886e+00
4.864396823345616212e+03 1.099736905046639457e+00
4.864424926258069718e+03 1.146615642190863538e+00
4.864452929160160238e+03 1.181057163358048223e+00
4.864481032072614653e+03 1.154747668022004348e+00
4.864509034974704264e+03 1.180100454436737722e+00
4.864537137887158678e+03 1.104520449653193070e+00
4.864565140789249199e+03 1.003587658454915044e+00
4.864593143691337900e+03 9.337479071992346169e-01
4.864621246603793224e+03 7.787610619469026441e-01
4.864649249505883745e+03 6.333413059076775653e-01
4.864677352418337250e+03 5.328868691700550109e-01
4.864705355320427770e+03 4.869648409471418193e-01
4.864733358222517381e+03 4.252571155226022581e-01
4.864761461134971796e+03 4.563501554651996917e-01
4.864789464037061407e+03 4.400861038029179606e-01
4.864817466939151018e+03 4.266921789045682867e-01
4.864845469841240629e+03 4.630471179143745286e-01
4.864873572753695953e+03 4.907916766323845992e-01
4.864901575655784654e+03 5.414972494618511822e-01
4.864929578557875175e+03 5.998564936618033805e-01
4.864957581459965695e+03 6.515187754125807418e-01
4.864985684372419200e+03 7.433628318584071248e-01
4.865013687274509721e+03 8.022004305190145734e-01
4.865041690176599332e+03 8.883042334369768422e-01
4.865069693078689852e+03 9.720162640516623043e-01
4.865097695980778553e+03 9.763214541975604455e-01
4.865125798893233878e+03 1.011241329825400603e+00
4.865153801795323488e+03 1.060511839272901158e+00
4.865181804697413099e+03 1.105477158574503793e+00
4.865209807599502710e+03 1.126524754843338805e+00
4.865237810501593231e+03 1.175795264290839581e+00
4.865265813403682841e+03 1.206409949772781598e+00
4.865293816305772452e+03 1.211193494379334989e+00
4.865321819207862973e+03 1.256158813680937625e+00
4.865349822109952584e+03 1.221238938053097245e+00
4.865377925022406998e+03 1.242764888782587951e+00
4.865405927924496609e+03 1.240373116479311255e+00
4.865433930826587130e+03 1.266204257354699880e+00
4.865461933728675831e+03 1.210715139918679739e+00
4.865489936630766351e+03 1.210236785458024489e+00
4.865517939532855962e+03 1.210715139918679739e+00
4.865545942434946483e+03 1.212628557761301185e+00
4.865573945337035184e+03 1.215498684525233131e+00
4.865601948239125704e+03 1.234632862951446919e+00
4.865629851130851421e+03 1.284860081320258418e+00
4.865657854032941032e+03 1.267160966276010603e+00
4.865685856935030642e+03 1.301602487443195511e+00
4.865713859837120253e+03 1.265247548433389158e+00
4.865741862739210774e+03 1.243243243243243201e+00
4.865769865641300385e+03 1.231762736187514973e+00
4.865797868543389995e+03 1.171011719684285968e+00
4.865825871445479606e+03 1.161922984931834435e+00
4.865853874347570127e+03 1.163836402774455880e+00
4.865881777239294934e+03 1.162401339392489907e+00
4.865909780141384545e+03 1.148050705572829511e+00
4.865937783043475065e+03 1.142310452044965396e+00
4.865965785945564676e+03 1.132265008371203141e+00
4.865993788847655196e+03 1.092561588136809370e+00
4.866021691739380003e+03 1.110739057641712435e+00
4.866049694641469614e+03 1.070557282946663413e+00
4.866077697543559225e+03 1.055249940205692516e+00
4.866105700445649745e+03 1.052379813441760348e+00
4.866133603337374552e+03 1.022721836881128832e+00
4.866161606239464163e+03 9.921071513991868152e-01
4.866189609141553774e+03 1.012198038746711326e+00
4.866217512033279490e+03 9.863668978713227009e-01
4.866245514935370011e+03 9.705812006696962202e-01
4.866273517837459622e+03 1.007414494140157935e+00
4.866301420729185338e+03 1.039942597464721397e+00
4.866329423631274040e+03 1.046639559913896234e+00
4.866357426533364560e+03 1.086821334608945255e+00
4.866385329425089367e+03 1.107868930877780489e+00
4.866413332327179887e+03 1.129873236067926223e+00
4.866441335229268589e+03 1.145180578808897343e+00
4.866469238120994305e+03 1.186319062425257087e+00
4.866497241023083916e+03 1.193016024874431924e+00
4.866525143914809632e+03 1.186797416885912559e+00
4.866553146816899243e+03 1.176273618751494832e+00
4.866581049708624960e+03 1.155704376943315070e+00
4.866609052610714571e+03 1.134656780674479837e+00
4.866636955502439378e+03 1.102128677349916375e+00
4.866664958404529898e+03 1.060033484812245907e+00
4.866692861296254705e+03 1.039942597464721397e+00
4.866720864198345225e+03 1.019373355656541413e+00
4.866748767090070032e+03 9.921071513991868152e-01
4.866776769992159643e+03 9.629275292992106605e-01
4.866804672883884450e+03 1.001195886151638348e+00
4.866832575775610167e+03 9.409232241090648152e-01
4.866860578677699777e+03 9.806266443434584756e-01
4.866888481569425494e+03 9.739296818942836387e-01
4.866916484471516014e+03 9.777565175795264185e-01
4.866944387363240821e+03 1.000239177230327625e+00
4.866972290254966538e+03 1.032767280554891087e+00
4.867000293157055239e+03 1.068643865104042190e+00
4.867028196048780956e+03 1.163358048313800630e+00
4.867056098940505763e+03 1.182492226740014418e+00
4.867084101842596283e+03 1.262855776130112462e+00
4.867112004734321090e+03 1.283425017938292223e+00
4.867139907626046806e+03 1.392489834967711060e+00
4.867167810517771613e+03 1.370485529777565104e+00
4.867195813419862134e+03 1.444152116718488310e+00
4.867223716311586941e+03 1.427888065056206690e+00
4.867251619203311748e+03 1.426931356134895967e+00
4.867279522095037464e+03 1.392489834967711060e+00
4.867307524997127075e+03 1.386271226979191473e+00
4.867335427888852792e+03 1.416885912461133712e+00
4.867363330780577598e+03 1.419277684764410408e+00
4.867391233672303315e+03 1.430758191820138636e+00
4.867419136564028122e+03 1.459937813920114902e+00
4.867447039455753838e+03 1.513035159052858125e+00
4.867475042357843449e+03 1.497727816311887006e+00
4.867502945249569166e+03 1.518775412580722239e+00
4.867530848141293973e+03 1.494857689547955060e+00
4.867558751033018780e+03 1.435541736426692250e+00
4.867586653924743587e+03 1.399186797416885897e+00
4.867614556816469303e+03 1.341305907677589060e+00
4.867642459708195020e+03 1.281511600095671000e+00
4.867670362599919827e+03 1.217412102367854576e+00
4.867698265491645543e+03 1.207366658694092321e+00
4.867726168383370350e+03 1.198756278402296038e+00
4.867754071275096067e+03 1.157139440325281043e+00
4.867781974166820874e+03 1.160966276010523712e+00
4.867809877058546590e+03 1.123654628079406859e+00
4.867837779950271397e+03 1.118392729012197995e+00
4.867865682841997113e+03 1.050944750059794375e+00
4.867893585733721920e+03 1.052858167902415598e+00
4.867921488625447637e+03 1.008371203061468657e+00
4.867949391517172444e+03 9.997608227696723748e-01
4.867977294408898160e+03 9.739296818942836387e-01
4.868005197300623877e+03 9.480985410188950135e-01
4.868033100192348684e+03 9.801482898828031143e-01
4.868061003084074400e+03 9.935422147811527882e-01
4.868088805965434403e+03 1.016024874431953995e+00
4.868116708857160120e+03 1.042334369767998092e+00
4.868144611748884927e+03 1.125089691461372832e+00
4.868172514640610643e+03 1.107868930877780489e+00
4.868200417532335450e+03 1.124611337000717581e+00
4.868228320424061167e+03 1.123654628079406859e+00
4.868256123305421170e+03 1.117436020090887272e+00
4.868284026197146886e+03 1.122697919158096136e+00
4.868311929088871693e+03 1.095431714900741538e+00
4.868339831980597410e+03 1.074862473092561554e+00
4.868367634861958322e+03 1.077254245395838250e+00
4.868395537753683129e+03 1.060511839272901158e+00
4.868423440645408846e+03 1.051423104520449625e+00
4.868451343537133653e+03 1.082516144463047114e+00
4.868479146418494565e+03 1.077254245395838250e+00
4.868507049310219372e+03 1.082994498923702364e+00
4.868534952201945089e+03 1.086342980148289783e+00
4.868562755083305092e+03 1.102607031810571625e+00
4.868590657975030808e+03 1.117436020090887272e+00
4.868618460856390811e+03 1.164314757235111131e+00
4.868646363748116528e+03 1.140875388662999201e+00
4.868674266639841335e+03 1.230327672805549000e+00
4.868702069521202247e+03 1.281989954556326250e+00
4.868729972412927964e+03 1.298254006218608092e+00
4.868757775294287967e+03 1.372398947620186549e+00
4.868785678186013683e+03 1.436976799808658223e+00
4.868813581077738490e+03 1.445108825639799033e+00
4.868841383959099403e+03 1.509208323367615456e+00
4.868869286850824210e+03 1.516861994738101016e+00
4.868897089732185123e+03 1.554173642669217870e+00
4.868924992623909930e+03 1.497727816311887006e+00
4.868952795505270842e+03 1.489595790480746196e+00
4.868980698396995649e+03 1.499641234154508451e+00
4.869008501278357471e+03 1.454197560392250566e+00
4.869036304159717474e+03 1.398708442956230646e+00
4.869064207051443191e+03 1.381009327911982831e+00
4.869092009932803194e+03 1.375269074384118717e+00
4.869119912824528910e+03 1.325998564936617941e+00
4.869147715705889823e+03 1.312126285577613016e+00
4.869175518587249826e+03 1.345611097823487201e+00
4.869203421478975542e+03 1.330782109543171554e+00
4.869231224360335545e+03 1.333652236307103500e+00
4.869259127252061262e+03 1.305429323128438179e+00
4.869286930133421265e+03 1.304950968667782929e+00
4.869314733014783087e+03 1.295383879454675924e+00
4.869342535896143090e+03 1.242764888782587951e+00
4.869370438787868807e+03 1.248505142310452065e+00
4.869398241669228810e+03 1.243721597703898674e+00
4.869426044550589722e+03 1.245156661085864647e+00
4.869453947442314529e+03 1.254723750298971430e+00
4.869481750323675442e+03 1.258072231523558848e+00
4.869509553205036354e+03 1.271944510882563995e+00
4.869537356086397267e+03 1.292513752690743756e+00
4.869565158967758180e+03 1.274336283185840690e+00
4.869593061859482987e+03 1.322650083712030522e+00
4.869620864740843899e+03 1.334130590767758973e+00
4.869648667622203902e+03 1.348481224587419369e+00
4.869676470503564815e+03 1.367615403013633157e+00
4.869704273384924818e+03 1.421669457067687103e+00
4.869732076266286640e+03 1.471896675436498381e+00
4.869759979158010538e+03 1.432193255202104831e+00
4.869787782039372360e+03 1.434106673044726055e+00
4.869815584920732363e+03 1.395359961731643228e+00
4.869843387802093275e+03 1.368572111934943880e+00
4.869871190683453278e+03 1.386271226979191473e+00
4.869898993564814191e+03 1.340827553216933810e+00
4.869926796446176013e+03 1.351829705812006788e+00
4.869954599327536016e+03 1.302080841903850761e+00
4.869982402208896929e+03 1.255202104759626902e+00
4.870010205090256932e+03 1.233197799569480946e+00
4.870038007971617844e+03 1.198277923941640788e+00
4.870065810852977847e+03 1.140875388662999201e+00
4.870093613734339669e+03 1.140397034202343951e+00
4.870121416615699673e+03 1.102128677349916375e+00
4.870149219497060585e+03 1.075340827553217027e+00
4.870177022378420588e+03 1.067208801722075995e+00
4.870204825259781501e+03 1.056206649127003017e+00
4.870232628141141504e+03 1.060990193733556630e+00
4.870260431022503326e+03 1.052858167902415598e+00
4.870288133893498525e+03 1.051423104520449625e+00
4.870315936774859438e+03 1.067208801722075995e+00
4.870343739656220350e+03 1.104042095192537598e+00
4.870371542537580353e+03 1.144223869887586620e+00
4.870399345418942175e+03 1.151399186797416929e+00
4.870427148300302179e+03 1.166706529538388049e+00
4.870454951181663091e+03 1.186319062425257087e+00
4.870482654052658290e+03 1.235589571872757642e+00
4.870510456934020112e+03 1.270031093039942549e+00
4.870538259815380115e+03 1.309256158813680848e+00
4.870566062696741028e+03 1.321693374790720021e+00
4.870593765567736227e+03 1.425974647213585245e+00
4.870621568449097140e+03 1.438890217651279668e+00
4.870649371330458052e+03 1.428366419516861940e+00
4.870677174211818965e+03 1.413059076775891043e+00
4.870704877082814164e+03 1.451805788088973870e+00
4.870732679964175077e+03 1.477158574503707245e+00
4.870760482845536899e+03 1.477636928964362495e+00
4.870788185716532098e+03 1.497727816311887006e+00
4.870815988597893011e+03 1.463286295144702320e+00
4.870843791479253014e+03 1.496292752929921033e+00
4.870871494350250032e+03 1.429801482898828136e+00
4.870899297231610035e+03 1.406840468787371456e+00
4.870927000102606144e+03 1.397751734034919924e+00
4.870954802983966147e+03 1.383401100215259527e+00
4.870982605865327969e+03 1.418799330303755157e+00
4.871010308736323168e+03 1.388184644821812919e+00
4.871038111617684081e+03 1.312126285577613016e+00
4.871065814488680189e+03 1.411145658933269598e+00
4.871093617370041102e+03 1.501554651997129897e+00
4.871121320241036301e+03 1.487682372638124750e+00
4.871149123122397214e+03 1.207366658694092321e+00
4.871176825993393322e+03 1.411624013393924848e+00
4.871204628874754235e+03 1.447978952403731201e+00
4.871232331745750344e+03 1.414972494618512266e+00
4.871260134627110347e+03 1.286295144702224391e+00
4.871287837498107365e+03 1.321215020330064549e+00
4.871315540369102564e+03 1.336522363071035668e+00
4.871343343250463477e+03 1.297297297297297369e+00
4.871371046121459585e+03 1.287730208084190364e+00
4.871398849002820498e+03 1.311647931116957766e+00
4.871426551873815697e+03 1.282468309016981500e+00
4.871454254744812715e+03 1.311647931116957766e+00
4.871482057626172718e+03 1.327433628318584136e+00
4.871509760497168827e+03 1.344176034441521228e+00
4.871537463368164936e+03 1.294427170533365201e+00
4.871565266249525848e+03 1.253767041377660929e+00
4.871592969120521047e+03 1.255680459220282152e+00
4.871620671991518066e+03 1.276249701028462136e+00
4.871648474872878069e+03 1.283425017938292223e+00
4.871676177743874177e+03 1.237024635254723837e+00
4.871703880614871196e+03 1.319301602487443104e+00
4.871731583485866395e+03 1.298254006218608092e+00
4.871759386367227307e+03 1.298732360679263342e+00
4.871787089238223416e+03 1.348481224587419369e+00
4.871814792109219525e+03 1.366658694092322435e+00
4.871842494980214724e+03 1.370485529777565104e+00
4.871870197851211742e+03 1.413059076775891043e+00
4.871898000732571745e+03 1.509208323367615456e+00
4.871925703603567854e+03 1.486725663716814250e+00
4.871953406474563963e+03 1.524515666108586354e+00
4.871981109345560071e+03 1.501554651997129897e+00
4.872008812216556180e+03 1.517340349198756266e+00
4.872036515087552289e+03 1.513513513513513598e+00
4.872064217958547488e+03 1.513991867974168848e+00
4.872091920829544506e+03 1.452762497010284592e+00
4.872119623700539705e+03 1.459459459459459429e+00
4.872147326571536723e+03 1.448457306864386451e+00
4.872175029442532832e+03 1.414972494618512266e+00
4.872202832323892835e+03 1.381009327911982831e+00
4.872230535194889853e+03 1.353264769193972761e+00
4.872258238065885052e+03 1.320258311408753826e+00
4.872285940936881161e+03 1.337479071992346391e+00
4.872313643807877270e+03 1.259985649366180294e+00
4.872341246668508575e+03 1.202583114087538929e+00
4.872368949539504683e+03 1.244678306625209174e+00
4.872396652410500792e+03 1.270031093039942549e+00
4.872424355281496901e+03 1.265725902894044408e+00
4.872452058152493009e+03 1.338914135374312364e+00
4.872479761023488209e+03 1.411145658933269598e+00
4.872507463894485227e+03 1.447022243482420478e+00
4.872535166765480426e+03 1.483377182492226831e+00
4.872562869636476535e+03 1.524994020569241826e+00
4.872590572507472643e+03 1.573786175556087130e+00
4.872618175368103948e+03 1.635015546519971386e+00
4.872645878239100057e+03 1.658454915092083315e+00
4.872673581110096166e+03 1.716814159292035402e+00
4.872701283981093184e+03 1.761779478593637815e+00
4.872728986852088383e+03 1.760822769672327093e+00
4.872756589712720597e+03 1.746950490313322168e+00
4.872784292583715796e+03 1.751734034919875560e+00
4.872811995454711905e+03 1.689069600574025332e+00
4.872839698325708014e+03 1.589571872757713500e+00
4.872867301186340228e+03 1.534561109782348831e+00
4.872895004057335427e+03 1.551303515905285924e+00
4.872922706928331536e+03 1.548911743602009006e+00
4.872950409799327645e+03 1.557522123893805288e+00
4.872978012659958949e+03 1.536952882085625527e+00
4.873005715530955058e+03 1.523080602726620381e+00
4.873033418401951167e+03 1.572351112174120935e+00
