4.849347303020529580e+03 0.000000000000000000e+00
4.849373505743834357e+03 0.000000000000000000e+00
4.849399608456744318e+03 0.000000000000000000e+00
4.849415910151014941e+03 6.282894736842105088e-01
4.849444613134177416e+03 6.077302631578946901e-01
4.849473316117339891e+03 6.439144736842105088e-01
4.849501919090107549e+03 6.373355263157894912e-01
4.849530622073270024e+03 6.447368421052631637e-01
4.849559325056432499e+03 6.233552631578946901e-01
4.849587928029201066e+03 6.208881578947368363e-01
4.849616631012362632e+03 6.373355263157894912e-01
4.849645333995525107e+03 6.324013157894736725e-01
4.849673936968292765e+03 6.192434210526315264e-01
4.849702639951456149e+03 6.184210526315789824e-01
4.849731342934617714e+03 6.299342105263158187e-01
4.849759945907385372e+03 6.430921052631578538e-01
4.849788648890547847e+03 6.381578947368421462e-01
4.849817251863316415e+03 6.258223684210526550e-01
4.849845954846478890e+03 6.208881578947368363e-01
4.849874557819246547e+03 6.439144736842105088e-01
4.849903260802408113e+03 6.373355263157894912e-01
4.849931863775177590e+03 6.217105263157894912e-01
4.849960566758339155e+03 6.175986842105263275e-01
4.849989169731106813e+03 6.044407894736841813e-01
4.850017872714270197e+03 6.011513157894736725e-01
4.850046475687037855e+03 6.093750000000000000e-01
4.850075178670200330e+03 6.175986842105263275e-01
4.850103781642968897e+03 6.192434210526315264e-01
4.850132484626130463e+03 6.291118421052631637e-01
4.850161087598898121e+03 6.093750000000000000e-01
4.850189790582060596e+03 6.159539473684210176e-01
4.850218393554829163e+03 6.250000000000000000e-01
4.850246996527596821e+03 6.060855263157894912e-01
4.850275699510759296e+03 6.126644736842105088e-01
4.850304302483527863e+03 6.266447368421053099e-01
4.850333005466689428e+03 6.266447368421053099e-01
4.850361608439457086e+03 6.472039473684210176e-01
4.850390211412225653e+03 6.636513157894736725e-01
4.850418914395388128e+03 6.669407894736841813e-01
4.850447517368155786e+03 6.726973684210526550e-01
4.850476120340924354e+03 6.603618421052631637e-01
4.850504723313692011e+03 6.661184210526315264e-01
4.850533426296854486e+03 6.932565789473684736e-01
4.850562029269622144e+03 6.529605263157894912e-01
4.850590632242390711e+03 6.603618421052631637e-01
4.850619235215158369e+03 6.504934210526315264e-01
4.850647938198320844e+03 6.554276315789473450e-01
4.850676541171089411e+03 6.143092105263158187e-01
4.850705144143857069e+03 6.348684210526315264e-01
4.850733747116625636e+03 6.208881578947368363e-01
4.850762350089393294e+03 6.151315789473684736e-01
4.850791053072554860e+03 6.200657894736841813e-01
4.850819656045323427e+03 6.208881578947368363e-01
4.850848259018091085e+03 6.151315789473684736e-01
4.850876861990858743e+03 6.060855263157894912e-01
4.850905464963627310e+03 6.233552631578946901e-01
4.850934067936395877e+03 6.373355263157894912e-01
4.850962670909164444e+03 6.291118421052631637e-01
4.850991273881932102e+03 6.611842105263158187e-01
4.851019976865093668e+03 6.883223684210526550e-01
4.851048579837862235e+03 6.726973684210526550e-01
4.851077182810629893e+03 6.570723684210526550e-01
4.851105785783397550e+03 6.620065789473684736e-01
4.851134388756166118e+03 6.175986842105263275e-01
4.851162991728933775e+03 5.756578947368421462e-01
4.851191594701701433e+03 5.419407894736841813e-01
4.851220197674470000e+03 5.246710526315789824e-01
4.851248800647237658e+03 5.098684210526315264e-01
4.851277403620006226e+03 4.917763157894736725e-01
4.851306006592773883e+03 5.106907894736841813e-01
4.851334609565542451e+03 5.024671052631578538e-01
4.851363212538311018e+03 4.810855263157894912e-01
4.851391715500683858e+03 4.860197368421052544e-01
4.851420318473452426e+03 4.358552631578947456e-01
4.851448921446220083e+03 3.799342105263157632e-01
4.851477524418988651e+03 3.363486842105263275e-01
4.851506127391756308e+03 3.092105263157894912e-01
4.851534730364523966e+03 2.952302631578947456e-01
4.851563333337292534e+03 2.993421052631579093e-01
4.851591936310060191e+03 2.976973684210526550e-01
4.851620439272433941e+03 3.083881578947368363e-01
4.851649042245201599e+03 3.001644736842105088e-01
4.851677645217971076e+03 3.396381578947368363e-01
4.851706248190738734e+03 3.741776315789473450e-01
4.851734851163506391e+03 3.963815789473684181e-01
4.851763354125880142e+03 4.720394736842105088e-01
4.851791957098647799e+03 5.065789473684210176e-01
4.851820560071416367e+03 5.542763157894736725e-01
4.851849163044184024e+03 6.126644736842105088e-01
4.851877666006557774e+03 6.340460526315789824e-01
4.851906268979325432e+03 6.809210526315789824e-01
4.851934871952093999e+03 7.138157894736841813e-01
4.851963374914467749e+03 7.310855263157894912e-01
4.851991977887236317e+03 7.187500000000000000e-01
4.852020580860003975e+03 7.467105263157894912e-01
4.852049083822377725e+03 7.467105263157894912e-01
4.852077686795145382e+03 7.565789473684210176e-01
4.852106289767913040e+03 7.894736842105263275e-01
4.852134792730287700e+03 8.133223684210526550e-01
4.852163395703055357e+03 8.018092105263158187e-01
4.852191898665429107e+03 8.256578947368421462e-01
4.852220501638196765e+03 7.812500000000000000e-01
4.852249104610965333e+03 7.623355263157894912e-01
4.852277607573339083e+03 7.417763157894736725e-01
4.852306210546107650e+03 7.203947368421053099e-01
4.852334713508480490e+03 7.171052631578946901e-01
4.852363316481249058e+03 7.245065789473684736e-01
4.852391819443621898e+03 6.965460526315789824e-01
4.852420422416390466e+03 7.064144736842105088e-01
4.852448925378764216e+03 6.751644736842105088e-01
4.852477528351532783e+03 6.875000000000000000e-01
4.852506031313905623e+03 6.463815789473684736e-01
4.852534634286674191e+03 6.578947368421053099e-01
4.852563137249047941e+03 6.398026315789473450e-01
4.852591640211421691e+03 6.578947368421053099e-01
4.852620243184189349e+03 6.891447368421053099e-01
4.852648746146563099e+03 7.055921052631578538e-01
4.852677349119331666e+03 7.294407894736841813e-01
4.852705852081705416e+03 7.327302631578946901e-01
4.852734355044079166e+03 7.935855263157894912e-01
4.852762958016846824e+03 7.804276315789473450e-01
4.852791460979221483e+03 7.935855263157894912e-01
4.852819963941594324e+03 8.289473684210526550e-01
4.852848566914362891e+03 8.182565789473684736e-01
4.852877069876735732e+03 8.421052631578946901e-01
4.852905572839110391e+03 8.001644736842105088e-01
4.852934075801484141e+03 7.820723684210526550e-01
4.852962678774251799e+03 7.368421052631578538e-01
4.852991181736625549e+03 7.195723684210526550e-01
4.853019684698999299e+03 7.162828947368421462e-01
4.853048187661373049e+03 7.088815789473684736e-01
4.853076790634140707e+03 7.491776315789473450e-01
4.853105293596515367e+03 7.335526315789473450e-01
4.853133796558888207e+03 7.269736842105263275e-01
4.853162299521261957e+03 7.335526315789473450e-01
4.853190802483636617e+03 7.162828947368421462e-01
4.853219405456404274e+03 6.940789473684210176e-01
4.853247908418778024e+03 6.702302631578946901e-01
4.853276411381151775e+03 6.809210526315789824e-01
4.853304914343525525e+03 6.800986842105263275e-01
4.853333417305899275e+03 6.792763157894736725e-01
4.853361920268273025e+03 6.661184210526315264e-01
4.853390423230646775e+03 6.891447368421053099e-01
4.853418926193019615e+03 6.694078947368421462e-01
4.853447429155394275e+03 6.694078947368421462e-01
4.853476032128161933e+03 6.891447368421053099e-01
4.853504535090535683e+03 7.113486842105263275e-01
4.853533038052910342e+03 7.105263157894736725e-01
4.853561541015283183e+03 7.787828947368421462e-01
4.853590043977656933e+03 7.779605263157894912e-01
4.853618546940030683e+03 7.779605263157894912e-01
4.853647049902404433e+03 7.713815789473684736e-01
4.853675552864778183e+03 7.944078947368421462e-01
4.853704055827151933e+03 8.116776315789473450e-01
4.853732458779131775e+03 8.116776315789473450e-01
4.853760961741505525e+03 7.944078947368421462e-01
4.853789464703878366e+03 7.796052631578946901e-01
4.853817967666253026e+03 7.754934210526315264e-01
4.853846470628626776e+03 7.680921052631578538e-01
4.853874973590999616e+03 7.639802631578946901e-01
4.853903476553374276e+03 7.524671052631578538e-01
4.853931979515747116e+03 7.598684210526315264e-01
4.853960482478121776e+03 7.746710526315789824e-01
4.853988885430100709e+03 8.133223684210526550e-01
4.854017388392475368e+03 8.379934210526315264e-01
4.854045891354848209e+03 8.815789473684210176e-01
4.854074394317221959e+03 8.782894736842105088e-01
4.854102897279595709e+03 8.470394736842105088e-01
4.854131300231575551e+03 8.240131578947368363e-01
4.854159803193949301e+03 7.894736842105263275e-01
4.854188306156322142e+03 7.500000000000000000e-01
4.854216809118696801e+03 7.138157894736841813e-01
4.854245212070675734e+03 7.253289473684210176e-01
4.854273715033050394e+03 7.129934210526315264e-01
4.854302217995423234e+03 7.220394736842105088e-01
4.854330720957797894e+03 7.310855263157894912e-01
4.854359123909776827e+03 7.582236842105263275e-01
4.854387626872150577e+03 7.870065789473684736e-01
4.854416129834524327e+03 8.470394736842105088e-01
4.854444532786504169e+03 8.050986842105263275e-01
4.854473035748877010e+03 7.804276315789473450e-01
4.854501438700856852e+03 7.804276315789473450e-01
4.854529941663230602e+03 7.574013157894736725e-01
4.854558444625604352e+03 7.080592105263158187e-01
4.854586847577583285e+03 6.858552631578946901e-01
4.854615350539957944e+03 6.726973684210526550e-01
4.854643753491937787e+03 6.842105263157894912e-01
4.854672256454310627e+03 6.858552631578946901e-01
4.854700759416684377e+03 6.899671052631578538e-01
4.854729162368664220e+03 7.146381578947368363e-01
4.854757665331037060e+03 7.047697368421053099e-01
4.854786068283016903e+03 7.360197368421053099e-01
4.854814571245390653e+03 7.475328947368421462e-01
4.854842974197370495e+03 7.648026315789473450e-01
4.854871477159744245e+03 8.075657894736841813e-01
4.854899880111723178e+03 7.927631578947368363e-01
4.854928283063703020e+03 7.722039473684210176e-01
4.854956786026076770e+03 7.212171052631578538e-01
4.854985188978055703e+03 6.891447368421053099e-01
4.855013691940430363e+03 6.833881578947368363e-01
4.855042094892409295e+03 6.850328947368421462e-01
4.855070497844389138e+03 6.784539473684210176e-01
4.855099000806761978e+03 6.833881578947368363e-01
4.855127403758741821e+03 6.768092105263158187e-01
4.855155906721116480e+03 6.595394736842105088e-01
4.855184309673095413e+03 6.718750000000000000e-01
4.855212712625074346e+03 6.710526315789473450e-01
4.855241115577054188e+03 7.047697368421053099e-01
4.855269618539427938e+03 7.187500000000000000e-01
4.855298021491407781e+03 7.113486842105263275e-01
4.855326424443387623e+03 7.467105263157894912e-01
4.855354927405760463e+03 7.343750000000000000e-01
4.855383330357740306e+03 7.689144736842105088e-01
4.855411733309719239e+03 7.656250000000000000e-01
4.855440136261699081e+03 7.993421052631578538e-01
4.855468639224071921e+03 8.149671052631578538e-01
4.855497042176051764e+03 8.281250000000000000e-01
4.855525445128031606e+03 8.116776315789473450e-01
4.855553848080011448e+03 8.116776315789473450e-01
4.855582251031990381e+03 7.796052631578946901e-01
4.855610653983970224e+03 7.722039473684210176e-01
4.855639156946343974e+03 7.845394736842105088e-01
4.855667559898322907e+03 7.779605263157894912e-01
4.855695962850302749e+03 7.927631578947368363e-01
4.855724365802282591e+03 8.075657894736841813e-01
4.855752768754260615e+03 7.927631578947368363e-01
4.855781171706240457e+03 8.141447368421053099e-01
4.855809574658220299e+03 8.001644736842105088e-01
4.855837977610200141e+03 8.018092105263158187e-01
4.855866380562179074e+03 7.861842105263158187e-01
4.855894783514158917e+03 8.018092105263158187e-01
4.855923186466138759e+03 7.927631578947368363e-01
4.855951589418117692e+03 8.108552631578946901e-01
4.855979992370096625e+03 8.273026315789473450e-01
4.856008395322076467e+03 9.004934210526315264e-01
4.856036798274056309e+03 9.646381578947368363e-01
4.856065201226035242e+03 9.777960526315789824e-01
4.856093604178015084e+03 9.506578947368421462e-01
4.856122007129994017e+03 9.292763157894736725e-01
4.856150410081973860e+03 8.873355263157894912e-01
4.856178813033952792e+03 8.569078947368421462e-01
4.856207215985932635e+03 8.059210526315789824e-01
4.856235618937912477e+03 8.223684210526315264e-01
4.856264021889892319e+03 8.322368421052631637e-01
4.856292424841870343e+03 8.429276315789473450e-01
4.856320727783455368e+03 8.758223684210526550e-01
4.856349130735435210e+03 8.700657894736841813e-01
4.856377533687415053e+03 9.062500000000000000e-01
4.856405936639394895e+03 9.210526315789473450e-01
4.856434339591373828e+03 9.498355263157894912e-01
4.856462742543353670e+03 9.646381578947368363e-01
4.856491045484938695e+03 9.391447368421053099e-01
4.856519448436918537e+03 9.564144736842105088e-01
4.856547851388897470e+03 9.062500000000000000e-01
4.856576254340876403e+03 8.832236842105263275e-01
4.856604557282461428e+03 8.873355263157894912e-01
4.856632960234441271e+03 8.840460526315789824e-01
4.856661363186421113e+03 8.791118421052631637e-01
4.856689666128006138e+03 8.939144736842105088e-01
4.856718069079985980e+03 9.490131578947368363e-01
4.856746472031964913e+03 9.851973684210526550e-01
4.856774874983944756e+03 1.070723684210526327e+00
4.856803177925529781e+03 1.089638157894736947e+00
4.856831580877508713e+03 1.129111842105263053e+00
4.856859883819094648e+03 1.133223684210526327e+00
4.856888286771073581e+03 1.100328947368421018e+00
4.856916689723053423e+03 1.055098684210526327e+00
4.856944992664638448e+03 1.008223684210526327e+00
4.856973395616617381e+03 9.555921052631578538e-01
4.857001698558202406e+03 9.300986842105263275e-01
4.857030101510182249e+03 8.939144736842105088e-01
4.857058404451767274e+03 8.930921052631578538e-01
4.857086807403747116e+03 8.807565789473684736e-01
4.857115210355726958e+03 8.906250000000000000e-01
4.857143513297311983e+03 9.399671052631578538e-01
4.857171916249291826e+03 9.777960526315789824e-01
4.857200219190876851e+03 1.017269736842105310e+00
4.857228522132461876e+03 1.030427631578947345e+00
4.857256925084440809e+03 1.039473684210526327e+00
4.857285228026026743e+03 9.942434210526315264e-01
4.857313630978004767e+03 9.613486842105263275e-01
4.857341933919590701e+03 9.177631578947368363e-01
4.857370336871569634e+03 9.029605263157894912e-01
4.857398639813154659e+03 8.848684210526315264e-01
4.857426942754740594e+03 9.062500000000000000e-01
4.857455345706719527e+03 9.004934210526315264e-01
4.857483648648304552e+03 9.120065789473684736e-01
4.857512051600284394e+03 8.980263157894736725e-01
4.857540354541869419e+03 8.922697368421053099e-01
4.857568657483454444e+03 9.177631578947368363e-01
4.857597060435434287e+03 9.531250000000000000e-01
4.857625363377019312e+03 1.039473684210526327e+00
4.857653666318604337e+03 1.086348684210526327e+00
4.857681969260189362e+03 1.134046052631578982e+00
4.857710372212169204e+03 1.096217105263157965e+00
4.857738675153754230e+03 1.088815789473684292e+00
4.857766978095339255e+03 1.037828947368421018e+00
4.857795281036924280e+03 1.002467105263157965e+00
4.857823683988904122e+03 9.629934210526315264e-01
4.857851986930489147e+03 9.070723684210526550e-01
4.857880289872074172e+03 8.791118421052631637e-01
4.857908592813659197e+03 8.643092105263158187e-01
4.857936895755244223e+03 8.462171052631578538e-01
4.857965198696830157e+03 8.412828947368421462e-01
4.857993601648809090e+03 8.856907894736841813e-01
4.858021904590394115e+03 9.268092105263158187e-01
4.858050207531980050e+03 9.629934210526315264e-01
4.858078510473565075e+03 9.827302631578946901e-01
4.858106813415150100e+03 9.991776315789473450e-01
4.858135116356735125e+03 9.860197368421053099e-01
4.858163419298320150e+03 9.580592105263158187e-01
4.858191722239905175e+03 9.226973684210526550e-01
4.858220025181490200e+03 9.243421052631578538e-01
4.858248328123076135e+03 9.259868421052631637e-01
4.858276631064661160e+03 9.078947368421053099e-01
4.858304934006246185e+03 8.930921052631578538e-01
4.858333236947831210e+03 8.659539473684210176e-01
4.858361539889416235e+03 8.799342105263158187e-01
4.858389842831001260e+03 9.062500000000000000e-01
4.858418145772586286e+03 9.572368421052631637e-01
4.858446448714171311e+03 1.010690789473684292e+00
4.858474751655756336e+03 1.082236842105263053e+00
4.858503054597341361e+03 1.107730263157894690e+00
4.858531357538927296e+03 1.115953947368421018e+00
4.858559660480513230e+03 1.083881578947368363e+00
4.858587963422098255e+03 1.041118421052631637e+00
4.858616266363683280e+03 1.023848684210526327e+00
4.858644569305268305e+03 9.967105263157894912e-01
4.858672772236458513e+03 9.498355263157894912e-01
4.858701075178043538e+03 9.284539473684210176e-01
4.858729378119628564e+03 9.062500000000000000e-01
4.858757681061213589e+03 8.675986842105263275e-01
4.858785984002799523e+03 8.379934210526315264e-01
4.858814286944384548e+03 7.820723684210526550e-01
4.858842489875575666e+03 7.532894736842105088e-01
4.858870792817160691e+03 7.417763157894736725e-01
4.858899095758745716e+03 7.277960526315789824e-01
4.858927398700330741e+03 7.220394736842105088e-01
4.858955601631521859e+03 7.631578947368421462e-01
4.858983904573106884e+03 7.870065789473684736e-01
4.859012207514691909e+03 8.593750000000000000e-01
4.859040410445883026e+03 8.898026315789473450e-01
4.859068713387468051e+03 9.120065789473684736e-01
4.859097016329053986e+03 8.675986842105263275e-01
4.859125319270639011e+03 8.322368421052631637e-01
4.859153522201829219e+03 7.812500000000000000e-01
4.859181825143414244e+03 7.261513157894736725e-01
4.859210028074605361e+03 7.228618421052631637e-01
4.859238331016190386e+03 7.097039473684210176e-01
4.859266633957775412e+03 7.261513157894736725e-01
4.859294836888966529e+03 7.319078947368421462e-01
4.859323139830551554e+03 7.434210526315789824e-01
4.859351342761742671e+03 8.100328947368421462e-01
4.859379645703327697e+03 8.174342105263158187e-01
4.859407848634517904e+03 8.445723684210526550e-01
4.859436151576102930e+03 8.412828947368421462e-01
4.859464454517688864e+03 8.495065789473684736e-01
4.859492657448879982e+03 8.544407894736841813e-01
4.859520960390465007e+03 8.741776315789473450e-01
4.859549163321655215e+03 8.881578947368421462e-01
4.859577366252846332e+03 8.626644736842105088e-01
4.859605669194432267e+03 8.363486842105263275e-01
4.859633872125622474e+03 8.190789473684210176e-01
4.859662175067207500e+03 7.902960526315789824e-01
4.859690377998398617e+03 7.927631578947368363e-01
4.859718680939983642e+03 8.018092105263158187e-01
4.859746883871173850e+03 8.199013157894736725e-01
4.859775086802365877e+03 8.708881578947368363e-01
4.859803389743950902e+03 8.865131578947368363e-01
4.859831592675141110e+03 9.366776315789473450e-01
4.859859795606332227e+03 9.843750000000000000e-01
4.859888098547917252e+03 1.010690789473684292e+00
4.859916301479108370e+03 1.027138157894736947e+00
4.859944504410299487e+03 1.025493421052631637e+00
4.859972807351884512e+03 1.045230263157894690e+00
4.860001010283074720e+03 1.039473684210526327e+00
4.860029213214266747e+03 1.053453947368421018e+00
4.860057516155851772e+03 1.047697368421052655e+00
4.860085719087041980e+03 1.058388157894736947e+00
4.860113922018233097e+03 1.074013157894736947e+00
4.860142124949424215e+03 1.106907894736842035e+00
4.860170327880615332e+03 1.126644736842105310e+00
4.860198630822200357e+03 1.189144736842105310e+00
4.860226833753390565e+03 1.152138157894736947e+00
4.860255036684580773e+03 1.166940789473684292e+00
4.860283239615772800e+03 1.180098684210526327e+00
4.860311442546963008e+03 1.184210526315789380e+00
4.860339645478154125e+03 1.183388157894736947e+00
4.860367948419739150e+03 1.170230263157894690e+00
4.860396151350930268e+03 1.185032894736842035e+00
4.860424354282121385e+03 1.198190789473684292e+00
4.860452557213311593e+03 1.242598684210526327e+00
4.860480760144503620e+03 1.246710526315789380e+00
4.860508963075693828e+03 1.275493421052631637e+00
4.860537166006884036e+03 1.295230263157894690e+00
4.860565368938075153e+03 1.328125000000000000e+00
4.860593571869266270e+03 1.365131578947368363e+00
4.860621774800457388e+03 1.468750000000000000e+00
4.860649977731647596e+03 1.590460526315789380e+00
4.860678180662839623e+03 1.716282894736842035e+00
4.860706383594029830e+03 1.828125000000000000e+00
4.860734586525220948e+03 1.926809210526315708e+00
4.860762789456411156e+03 2.040296052631578760e+00
4.860790992387602273e+03 2.220394736842105310e+00
4.860819195318793390e+03 2.504934210526315930e+00
4.860847398249983598e+03 2.866776315789473895e+00
4.860875601181174716e+03 3.314144736842105310e+00
4.860903804112365833e+03 3.805098684210526105e+00
4.860932007043556951e+03 4.254111842105262831e+00
4.860960109964353251e+03 4.740953947368421240e+00
4.860988312895544368e+03 5.060855263157894690e+00
4.861016515826734576e+03 5.361019736842105310e+00
4.861044718757925693e+03 5.526315789473684070e+00
4.861072921689116811e+03 5.675164473684210620e+00
4.861101124620307928e+03 5.669407894736842479e+00
4.861129227541103319e+03 5.642269736842105310e+00
4.861157430472295346e+03 5.573190789473684070e+00
4.861185633403485554e+03 5.410361842105262831e+00
4.861213836334676671e+03 5.246710526315789380e+00
4.861242039265867788e+03 5.071546052631578760e+00
4.861270142186664089e+03 4.980263157894737169e+00
4.861298345117854296e+03 4.935855263157894690e+00
4.861326548049046323e+03 4.886513157894737169e+00
4.861354650969842623e+03 4.860197368421052211e+00
4.861382853901032831e+03 4.840460526315789380e+00
4.861411056832223949e+03 4.788651315789473450e+00
4.861439159753020249e+03 4.792763157894737169e+00
4.861467362684212276e+03 4.707236842105262831e+00
4.861495565615402484e+03 4.618421052631578760e+00
4.861523668536198784e+03 4.488486842105262831e+00
4.861551871467389901e+03 4.290296052631578760e+00
4.861580074398581019e+03 4.053453947368421240e+00
4.861608177319377319e+03 3.775493421052631415e+00
4.861636380250568436e+03 3.500822368421052655e+00
4.861664483171364736e+03 3.221217105263157965e+00
4.861692686102554944e+03 2.929276315789473895e+00
4.861720789023352154e+03 2.736019736842105310e+00
4.861748991954542362e+03 2.449835526315789380e+00
4.861777094875339571e+03 2.295230263157894690e+00
4.861805297806530689e+03 2.120065789473684070e+00
4.861833400727326989e+03 1.957236842105263053e+00
4.861861603658518106e+03 1.875000000000000000e+00
4.861889706579314407e+03 1.767269736842105310e+00
4.861917909510505524e+03 1.703947368421052655e+00
4.861946012431301824e+03 1.638980263157894690e+00
4.861974215362492032e+03 1.524671052631578982e+00
4.862002318283289242e+03 1.440789473684210620e+00
4.862030521214480359e+03 1.384868421052631637e+00
4.862058624135276659e+03 1.333059210526315708e+00
4.862086727056072959e+03 1.282072368421052655e+00
4.862114929987264986e+03 1.224506578947368363e+00
4.862143032908060377e+03 1.198190789473684292e+00
4.862171135828857587e+03 1.194078947368421018e+00
4.862199338760048704e+03 1.168585526315789380e+00
4.862227441680844095e+03 1.125822368421052655e+00
4.862255544601641304e+03 1.129111842105263053e+00
4.862283747532832422e+03 1.125000000000000000e+00
4.862311850453628722e+03 1.159539473684210620e+00
4.862339953374425022e+03 1.143092105263157965e+00
4.862368056295222232e+03 1.134046052631578982e+00
4.862396259226412440e+03 1.131578947368421018e+00
4.862424362147208740e+03 1.102796052631578982e+00
4.862452465068005949e+03 1.042763157894736947e+00
4.862480567988802250e+03 9.851973684210526550e-01
4.862508770919993367e+03 9.638157894736841813e-01
4.862536873840789667e+03 9.490131578947368363e-01
4.862564976761586877e+03 1.004934210526315708e+00
4.862593079682383177e+03 1.031250000000000000e+00
4.862621182603179477e+03 1.083881578947368363e+00
4.862649285523975777e+03 1.101973684210526327e+00
4.862677488455167804e+03 1.087171052631578982e+00
4.862705591375963195e+03 1.097861842105263053e+00
4.862733694296760405e+03 1.080592105263157965e+00
4.862761797217556705e+03 1.088815789473684292e+00
4.862789900138353914e+03 1.077302631578947345e+00
4.862818003059150215e+03 1.066611842105263053e+00
4.862846105979946515e+03 1.037006578947368363e+00
4.862874208900742815e+03 1.024671052631578982e+00
4.862902311821540025e+03 1.020559210526315708e+00
4.862930414742336325e+03 9.728618421052631637e-01
4.862958517663133534e+03 9.720394736842105088e-01
4.862986620583928925e+03 9.194078947368421462e-01
4.863014723504726135e+03 9.325657894736841813e-01
4.863042826425522435e+03 9.391447368421053099e-01
4.863070929346319645e+03 9.366776315789473450e-01
4.863099032267115945e+03 9.720394736842105088e-01
4.863127135187912245e+03 9.654605263157894912e-01
4.863155238108708545e+03 9.572368421052631637e-01
4.863183341029505755e+03 9.679276315789473450e-01
4.863211443950302055e+03 9.597039473684210176e-01
4.863239546871098355e+03 9.506578947368421462e-01
4.863267549781500747e+03 9.449013157894736725e-01
4.863295652702297048e+03 9.481907894736841813e-01
4.863323755623093348e+03 9.695723684210526550e-01
4.863351858543890557e+03 1.005756578947368363e+00
4.863379961464686858e+03 1.018914473684210620e+00
4.863408064385484067e+03 1.010690789473684292e+00
4.863436067295886460e+03 1.047697368421052655e+00
4.863464170216682760e+03 1.003289473684210620e+00
4.863492273137479060e+03 1.007401315789473673e+00
4.863520376058275360e+03 9.876644736842105088e-01
4.863548378968677753e+03 9.605263157894736725e-01
4.863576481889474053e+03 9.588815789473684736e-01
4.863604584810271263e+03 9.588815789473684736e-01
4.863632687731067563e+03 9.498355263157894912e-01
4.863660690641469955e+03 9.753289473684210176e-01
4.863688793562267165e+03 9.810855263157894912e-01
4.863716896483062555e+03 9.917763157894736725e-01
4.863744899393464948e+03 1.004934210526315708e+00
4.863773002314261248e+03 9.967105263157894912e-01
4.863801105235058458e+03 9.769736842105263275e-01
4.863829108145460850e+03 9.876644736842105088e-01
4.863857211066257150e+03 1.007401315789473673e+00
4.863885213976659543e+03 1.041118421052631637e+00
4.863913316897455843e+03 1.068256578947368363e+00
4.863941419818253053e+03 1.106907894736842035e+00
4.863969422728655445e+03 1.143914473684210620e+00
4.863997525649451745e+03 1.111019736842105310e+00
4.864025528559854138e+03 1.091282894736842035e+00
4.864053631480650438e+03 1.032072368421052655e+00
4.864081634391052830e+03 1.022203947368421018e+00
4.864109737311850040e+03 1.009046052631578982e+00
4.864137740222251523e+03 1.047697368421052655e+00
4.864165843143047823e+03 1.070723684210526327e+00
4.864193846053450216e+03 1.112664473684210620e+00
4.864221948974246516e+03 1.138980263157894690e+00
4.864249951884649818e+03 1.180098684210526327e+00
4.864278054805445208e+03 1.192434210526315708e+00
4.864306057715847601e+03 1.212171052631578982e+00
4.864334060626250903e+03 1.225328947368421018e+00
4.864362163547046293e+03 1.228618421052631637e+00
4.864390166457449595e+03 1.138157894736842035e+00
4.864418269378244986e+03 1.069078947368421018e+00
4.864446272288647378e+03 1.055098684210526327e+00
4.864474275199050680e+03 9.942434210526315264e-01
4.864502378119846071e+03 8.865131578947368363e-01
4.864530381030249373e+03 7.837171052631578538e-01
4.864558383940651765e+03 7.212171052631578538e-01
4.864586486861448066e+03 6.315789473684210176e-01
4.864614489771850458e+03 5.937500000000000000e-01
4.864642492682252850e+03 5.945723684210526550e-01
4.864670495592655243e+03 5.904605263157894912e-01
4.864698598513451543e+03 5.937500000000000000e-01
4.864726601423853936e+03 6.011513157894736725e-01
4.864754604334255419e+03 5.699013157894736725e-01
4.864782607244657811e+03 5.090460526315789824e-01
4.864810610155060203e+03 5.254934210526315264e-01
4.864838713075856504e+03 5.123355263157894912e-01
4.864866715986258896e+03 5.172697368421053099e-01
4.864894718896661288e+03 5.386513157894736725e-01
4.864922721807064590e+03 5.542763157894736725e-01
4.864950724717466073e+03 5.896381578947368363e-01
4.864978727627868466e+03 6.291118421052631637e-01
4.865006730538270858e+03 7.286184210526315264e-01
4.865034833459067158e+03 8.199013157894736725e-01
4.865062836369469551e+03 9.087171052631578538e-01
4.865090839279871943e+03 9.506578947368421462e-01
4.865118842190273426e+03 9.917763157894736725e-01
4.865146845100675819e+03 9.597039473684210176e-01
4.865174848011078211e+03 9.605263157894736725e-01
4.865202850921481513e+03 9.514802631578946901e-01
4.865230853831882996e+03 9.605263157894736725e-01
4.865258856742285388e+03 1.028782894736842035e+00
4.865286859652687781e+03 1.118421052631578982e+00
4.865314862563090173e+03 1.166118421052631637e+00
4.865342865473491656e+03 1.245065789473684292e+00
4.865370868383894049e+03 1.296052631578947345e+00
4.865398871294297351e+03 1.319901315789473673e+00
4.865426874204699743e+03 1.296875000000000000e+00
4.865454877115101226e+03 1.319078947368421018e+00
4.865482780015108801e+03 1.226151315789473673e+00
4.865510782925512103e+03 1.162828947368421018e+00
4.865538785835914496e+03 1.064144736842105310e+00
4.865566788746315979e+03 1.032894736842105310e+00
4.865594791656718371e+03 1.059210526315789380e+00
4.865622794567120764e+03 1.094572368421052655e+00
4.865650797477523156e+03 1.143914473684210620e+00
4.865678700377531641e+03 1.189967105263157965e+00
4.865706703287933124e+03 1.177631578947368363e+00
4.865734706198335516e+03 1.172697368421052655e+00
4.865762709108737909e+03 1.165296052631578982e+00
4.865790712019139391e+03 1.111019736842105310e+00
4.865818614919147876e+03 1.107730263157894690e+00
4.865846617829550269e+03 1.124177631578947345e+00
4.865874620739952661e+03 1.129934210526315708e+00
4.865902623650355054e+03 1.070723684210526327e+00
4.865930526550363538e+03 1.023026315789473673e+00
4.865958529460765021e+03 9.983552631578946901e-01
4.865986532371167414e+03 9.629934210526315264e-01
4.866014435271175898e+03 1.027960526315789380e+00
4.866042438181578291e+03 1.086348684210526327e+00
4.866070441091979774e+03 1.123355263157894690e+00
4.866098343991987349e+03 1.148026315789473673e+00
4.866126346902389741e+03 1.120888157894736947e+00
4.866154249802398226e+03 1.078125000000000000e+00
4.866182252712800619e+03 1.036184210526315708e+00
4.866210255623202102e+03 1.016447368421052655e+00
4.866238158523210586e+03 1.032894736842105310e+00
4.866266161433612979e+03 1.037006578947368363e+00
4.866294064333620554e+03 1.032894736842105310e+00
4.866322067244023856e+03 1.029605263157894690e+00
4.866349970144031431e+03 1.031250000000000000e+00
4.866377973054432914e+03 1.032072368421052655e+00
4.866405875954441399e+03 1.050986842105263053e+00
4.866433878864843791e+03 1.060855263157894690e+00
4.866461781764851366e+03 1.122532894736842035e+00
4.866489784675253759e+03 1.125822368421052655e+00
4.866517687575262244e+03 1.112664473684210620e+00
4.866545690485664636e+03 1.048519736842105310e+00
4.866573593385672211e+03 9.728618421052631637e-01
4.866601496285679787e+03 9.317434210526315264e-01
4.866629499196082179e+03 9.144736842105263275e-01
4.866657402096090664e+03 9.218750000000000000e-01
4.866685405006493056e+03 1.023026315789473673e+00
4.866713307906500631e+03 1.066611842105263053e+00
4.866741210806509116e+03 1.166118421052631637e+00
4.866769213716910599e+03 1.204769736842105310e+00
4.866797116616918174e+03 1.248355263157894690e+00
4.866825019516926659e+03 1.199835526315789380e+00
4.866853022427329051e+03 1.223684210526315708e+00
4.866880925327337536e+03 1.191611842105263053e+00
4.866908828227345111e+03 1.168585526315789380e+00
4.866936731127353596e+03 1.125000000000000000e+00
4.866964734037755989e+03 1.120065789473684292e+00
4.866992636937763564e+03 1.146381578947368363e+00
4.867020539837772048e+03 1.127467105263157965e+00
4.867048442737779624e+03 1.231907894736842035e+00
4.867076445648181107e+03 1.319078947368421018e+00
4.867104348548189591e+03 1.377467105263157965e+00
4.867132251448197167e+03 1.457236842105263053e+00
4.867160154348205651e+03 1.424342105263157965e+00
4.867188057248213227e+03 1.425164473684210620e+00
4.867215960148221711e+03 1.476151315789473673e+00
4.867243863048229287e+03 1.487664473684210620e+00
4.867271865958632588e+03 1.525493421052631637e+00
4.867299768858640164e+03 1.497532894736842035e+00
4.867327671758648648e+03 1.449013157894736947e+00
4.867355574658656224e+03 1.331414473684210620e+00
4.867383477558663799e+03 1.264802631578947345e+00
4.867411380458671374e+03 1.199013157894736947e+00
4.867439283358679859e+03 1.133223684210526327e+00
4.867467186258687434e+03 1.080592105263157965e+00
4.867495089158695919e+03 1.041118421052631637e+00
4.867522992058703494e+03 1.065789473684210620e+00
4.867550894958711069e+03 1.063322368421052655e+00
4.867578797858719554e+03 1.101151315789473673e+00
4.867606700758727129e+03 1.046875000000000000e+00
4.867634603658735614e+03 1.027960526315789380e+00
4.867662506558743189e+03 1.015625000000000000e+00
4.867690409458751674e+03 9.292763157894736725e-01
4.867718312358759249e+03 9.523026315789473450e-01
4.867746215258767734e+03 9.095394736842105088e-01
4.867774118158775309e+03 9.449013157894736725e-01
4.867801921048388976e+03 9.827302631578946901e-01
4.867829823948397461e+03 1.055098684210526327e+00
4.867857726848405036e+03 1.071546052631578982e+00
4.867885629748413521e+03 1.094572368421052655e+00
4.867913532648421096e+03 1.084703947368421018e+00
4.867941435548429581e+03 1.037828947368421018e+00
4.867969238438043249e+03 1.000822368421052655e+00
4.867997141338050824e+03 1.001644736842105310e+00
4.868025044238059309e+03 1.001644736842105310e+00
4.868052947138066884e+03 9.975328947368421462e-01
4.868080850038075369e+03 1.003289473684210620e+00
4.868108652927688127e+03 1.018092105263157965e+00
4.868136555827696611e+03 9.843750000000000000e-01
4.868164458727704186e+03 9.876644736842105088e-01
4.868192261617317854e+03 1.018092105263157965e+00
4.868220164517326339e+03 1.083881578947368363e+00
4.868248067417333914e+03 1.120888157894736947e+00
4.868275870306947581e+03 1.131578947368421018e+00
4.868303773206956066e+03 1.161184210526315708e+00
4.868331676106963641e+03 1.125000000000000000e+00
4.868359478996577309e+03 1.072368421052631637e+00
4.868387381896585794e+03 1.074013157894736947e+00
4.868415284796593369e+03 1.071546052631578982e+00
4.868443087686207036e+03 1.104440789473684292e+00
4.868470990586214612e+03 1.189144736842105310e+00
4.868498793475828279e+03 1.188322368421052655e+00
4.868526696375836764e+03 1.238486842105263053e+00
4.868554499265450431e+03 1.269736842105263053e+00
4.868582402165458006e+03 1.210526315789473673e+00
4.868610305065466491e+03 1.223684210526315708e+00
4.868638107955079249e+03 1.215460526315789380e+00
4.868666010855087734e+03 1.219572368421052655e+00
4.868693813744702311e+03 1.248355263157894690e+00
4.868721616634315978e+03 1.272203947368421018e+00
4.868749519534323554e+03 1.293585526315789380e+00
4.868777322423937221e+03 1.303453947368421018e+00
4.868805225323944796e+03 1.294407894736842035e+00
4.868833028213558464e+03 1.249177631578947345e+00
4.868860931113566949e+03 1.253289473684210620e+00
4.868888734003180616e+03 1.259046052631578982e+00
4.868916536892793374e+03 1.326480263157894690e+00
4.868944439792801859e+03 1.347039473684210620e+00
4.868972242682415526e+03 1.389802631578947345e+00
4.869000045572030103e+03 1.365953947368421018e+00
4.869027948472037679e+03 1.259868421052631637e+00
4.869055751361651346e+03 1.171052631578947345e+00
4.869083554251265014e+03 1.083881578947368363e+00
4.869111457151272589e+03 1.070723684210526327e+00
4.869139260040886256e+03 1.085526315789473673e+00
4.869167062930499924e+03 1.101973684210526327e+00
4.869194965830508409e+03 1.147203947368421018e+00
4.869222768720121167e+03 1.181743421052631637e+00
4.869250571609734834e+03 1.185032894736842035e+00
4.869278374499349411e+03 1.223684210526315708e+00
4.869306177388963079e+03 1.256578947368421018e+00
4.869334080288970654e+03 1.283717105263157965e+00
4.869361883178584321e+03 1.300986842105263053e+00
4.869389686068197989e+03 1.259046052631578982e+00
4.869417488957811656e+03 1.231085526315789380e+00
4.869445291847425324e+03 1.251644736842105310e+00
4.869473094737039901e+03 1.241776315789473673e+00
4.869500997637047476e+03 1.243421052631578982e+00
4.869528800526661144e+03 1.270559210526315708e+00
4.869556603416274811e+03 1.322368421052631637e+00
4.869584406305888479e+03 1.375822368421052655e+00
4.869612209195502146e+03 1.399671052631578982e+00
4.869640012085114904e+03 1.410361842105263053e+00
4.869667814974729481e+03 1.370888157894736947e+00
4.869695617864343149e+03 1.361842105263157965e+00
4.869723420753956816e+03 1.287828947368421018e+00
4.869751223643570484e+03 1.284539473684210620e+00
4.869779026533184151e+03 1.274671052631578982e+00
4.869806829422797819e+03 1.295230263157894690e+00
4.869834632312411486e+03 1.278782894736842035e+00
4.869862435202025154e+03 1.271381578947368363e+00
4.869890238091638821e+03 1.219572368421052655e+00
4.869918040981252489e+03 1.174342105263157965e+00
4.869945843870866156e+03 1.120888157894736947e+00
4.869973646760480733e+03 1.096217105263157965e+00
4.870001449650094401e+03 1.111842105263157965e+00
4.870029252539707159e+03 1.087171052631578982e+00
4.870057055429320826e+03 1.151315789473684292e+00
4.870084758308539676e+03 1.216282894736842035e+00
4.870112561198154253e+03 1.304276315789473673e+00
4.870140364087767921e+03 1.348684210526315708e+00
4.870168166977381588e+03 1.361842105263157965e+00
4.870195969866995256e+03 1.316611842105263053e+00
4.870223772756608923e+03 1.310032894736842035e+00
4.870251475635828683e+03 1.262335526315789380e+00
4.870279278525442351e+03 1.310032894736842035e+00
4.870307081415056018e+03 1.342927631578947345e+00
4.870334884304668776e+03 1.417763157894736947e+00
4.870362587183889445e+03 1.435855263157894690e+00
4.870390390073502203e+03 1.461348684210526327e+00
4.870418192963115871e+03 1.467105263157894690e+00
4.870445895842335631e+03 1.467105263157894690e+00
4.870473698731949298e+03 1.433388157894736947e+00
4.870501501621562966e+03 1.409539473684210620e+00
4.870529304511176633e+03 1.404605263157894690e+00
4.870557007390395484e+03 1.406250000000000000e+00
4.870584810280009151e+03 1.389802631578947345e+00
4.870612513159228911e+03 1.380756578947368363e+00
4.870640316048842578e+03 1.340460526315789380e+00
4.870668118938456246e+03 1.289473684210526327e+00
4.870695821817676006e+03 1.189144736842105310e+00
4.870723624707289673e+03 1.150493421052631637e+00
4.870751327586508523e+03 1.172697368421052655e+00
4.870779130476122191e+03 1.199835526315789380e+00
4.870806833355341951e+03 1.215460526315789380e+00
4.870834636244955618e+03 1.258223684210526327e+00
4.870862439134569286e+03 1.334703947368421018e+00
4.870890142013788136e+03 1.356085526315789380e+00
4.870917944903402713e+03 1.371710526315789380e+00
4.870945647782621563e+03 1.383223684210526327e+00
4.870973350661840414e+03 1.361842105263157965e+00
4.871001153551454991e+03 1.337993421052631637e+00
4.871028856430674750e+03 1.337171052631578982e+00
4.871056659320287508e+03 1.286184210526315708e+00
4.871084362199508178e+03 1.321546052631578982e+00
4.871112165089120936e+03 1.277960526315789380e+00
4.871139867968340695e+03 1.194901315789473673e+00
4.871167570847560455e+03 1.146381578947368363e+00
4.871195373737174123e+03 1.069078947368421018e+00
4.871223076616392973e+03 1.028782894736842035e+00
4.871250779495611823e+03 1.026315789473684292e+00
4.871278582385226400e+03 1.063322368421052655e+00
4.871306285264445251e+03 1.099506578947368363e+00
4.871333988143664101e+03 1.045230263157894690e+00
4.871361791033278678e+03 1.114309210526315708e+00
4.871389493912497528e+03 1.114309210526315708e+00
4.871417196791717288e+03 1.160361842105263053e+00
4.871444999681330955e+03 8.536184210526315264e-01
4.871472702560550715e+03 1.165296052631578982e+00
4.871500405439769565e+03 1.186677631578947345e+00
4.871528108318989325e+03 1.209703947368421018e+00
4.871555811198208175e+03 1.226151315789473673e+00
4.871583614087821843e+03 1.248355263157894690e+00
4.871611316967041603e+03 1.273026315789473673e+00
4.871639019846261363e+03 1.347861842105263053e+00
4.871666722725481122e+03 1.416940789473684292e+00
4.871694425604699973e+03 1.481085526315789380e+00
4.871722128483918823e+03 1.508223684210526327e+00
4.871749931373532490e+03 1.469572368421052655e+00
4.871777634252752250e+03 1.399671052631578982e+00
4.871805337131971100e+03 1.315789473684210620e+00
4.871833040011191770e+03 1.264802631578947345e+00
4.871860742890410620e+03 1.258223684210526327e+00
4.871888445769629470e+03 1.184210526315789380e+00
4.871916148648849230e+03 1.183388157894736947e+00
4.871943851528068080e+03 1.146381578947368363e+00
4.871971554407288750e+03 1.105263157894736947e+00
4.871999257286507600e+03 1.043585526315789380e+00
4.872026960165726450e+03 1.032894736842105310e+00
4.872054663044946210e+03 9.810855263157894912e-01
4.872082365924165060e+03 9.827302631578946901e-01
4.872110068803385730e+03 1.054276315789473673e+00
4.872137771682604580e+03 1.106907894736842035e+00
4.872165474561823430e+03 1.165296052631578982e+00
4.872193177441043190e+03 1.209703947368421018e+00
4.872220880320262040e+03 1.231907894736842035e+00
4.872248583199482709e+03 1.252467105263157965e+00
4.872276186068306743e+03 1.281250000000000000e+00
4.872303888947526502e+03 1.260690789473684292e+00
4.872331591826746262e+03 1.214638157894736947e+00
4.872359294705965112e+03 1.147203947368421018e+00
4.872386997585184872e+03 1.138157894736842035e+00
4.872414700464403722e+03 1.155427631578947345e+00
4.872442303333229574e+03 1.189967105263157965e+00
4.872470006212448425e+03 1.250000000000000000e+00
4.872497709091668185e+03 1.316611842105263053e+00
4.872525411970887035e+03 1.349506578947368363e+00
4.872553114850106795e+03 1.339638157894736947e+00
4.872580717718931737e+03 1.337993421052631637e+00
4.872608420598150587e+03 1.348684210526315708e+00
4.872636123477371257e+03 1.375000000000000000e+00
4.872663726346195290e+03 1.395559210526315708e+00
4.872691429225415050e+03 1.448190789473684292e+00
4.872719132104633900e+03 1.415296052631578982e+00
4.872746834983854569e+03 1.406250000000000000e+00
4.872774437852678602e+03 1.398848684210526327e+00
4.872802140731898362e+03 1.335526315789473673e+00
4.872829743600723305e+03 1.310032894736842035e+00
4.872857446479943064e+03 1.272203947368421018e+00
4.872885149359161915e+03 1.282894736842105310e+00
4.872912752227987767e+03 1.266447368421052655e+00
4.872940455107206617e+03 1.259868421052631637e+00
4.872968057976032469e+03 1.247532894736842035e+00
4.872995760855251319e+03 1.263157894736842035e+00
4.873023463734470170e+03 1.263157894736842035e+00
