5.877005327824310370e+03 0.000000000000000000e+00
5.877040232852648842e+03 0.000000000000000000e+00
5.877075137880986404e+03 0.000000000000000000e+00
5.877110042909324875e+03 0.000000000000000000e+00
5.877144847923254929e+03 0.000000000000000000e+00
5.877179752951591581e+03 0.000000000000000000e+00
5.877214657979930053e+03 0.000000000000000000e+00
5.877249563008267614e+03 0.000000000000000000e+00
5.877284468036606086e+03 0.000000000000000000e+00
5.877319273050535230e+03 0.000000000000000000e+00
5.877354178078873701e+03 0.000000000000000000e+00
5.877389083107211263e+03 0.000000000000000000e+00
5.877423988135548825e+03 0.000000000000000000e+00
5.877458793149478879e+03 0.000000000000000000e+00
5.877493698177816441e+03 0.000000000000000000e+00
5.877528603206154912e+03 0.000000000000000000e+00
5.877563408220084966e+03 0.000000000000000000e+00
5.877598313248423437e+03 0.000000000000000000e+00
5.877633218276760090e+03 0.000000000000000000e+00
5.877668023290691053e+03 0.000000000000000000e+00
5.877702928319028615e+03 0.000000000000000000e+00
5.877737833347367086e+03 0.000000000000000000e+00
5.877772638361296231e+03 0.000000000000000000e+00
5.877807543389633793e+03 0.000000000000000000e+00
5.877842348403563847e+03 0.000000000000000000e+00
5.877877253431901408e+03 0.000000000000000000e+00
5.877912058445831462e+03 0.000000000000000000e+00
5.877946963474169024e+03 0.000000000000000000e+00
5.877981768488099988e+03 0.000000000000000000e+00
5.878016673516436640e+03 0.000000000000000000e+00
5.878051478530367604e+03 0.000000000000000000e+00
5.878086383558705165e+03 0.000000000000000000e+00
5.878121188572635219e+03 0.000000000000000000e+00
5.878156093600972781e+03 0.000000000000000000e+00
5.878190898614902835e+03 0.000000000000000000e+00
5.878225703628833799e+03 0.000000000000000000e+00
5.878260608657170451e+03 0.000000000000000000e+00
5.878295413671101414e+03 0.000000000000000000e+00
5.878330318699438976e+03 0.000000000000000000e+00
5.878365123713369030e+03 0.000000000000000000e+00
5.878399928727298175e+03 0.000000000000000000e+00
5.878434833755636646e+03 0.000000000000000000e+00
5.878469638769566700e+03 0.000000000000000000e+00
5.878504443783496754e+03 0.000000000000000000e+00
5.878539248797425898e+03 1.090467894474863142e+00
5.878574153825764370e+03 1.085863613738178302e+00
5.878608958839693514e+03 1.085116973618715841e+00
5.878643763853624478e+03 1.098307615729218423e+00
5.878678568867554532e+03 1.114982578397212487e+00
5.878713473895892093e+03 1.123444499751119929e+00
5.878748278909822147e+03 1.119711299153807849e+00
5.878783083923752201e+03 1.095445495271279324e+00
5.878817888937682255e+03 1.061224489795918435e+00
5.878852693951611400e+03 1.028870084619213587e+00
5.878887498965542363e+03 9.937779990044798284e-01
5.878922303979472417e+03 9.790940766550522145e-01
5.878957108993401562e+03 9.794673967147834448e-01
5.878992014021740033e+03 1.002239920358387160e+00
5.879026819035669178e+03 1.025261324041811806e+00
5.879061624049600141e+03 1.042931806869089151e+00
5.879096429063529285e+03 1.042185166749626690e+00
5.879131234077459339e+03 1.030612244897959107e+00
5.879166039091390303e+03 1.004977600796416182e+00
5.879200844105319447e+03 9.710054753608760025e-01
5.879235649119249501e+03 9.627924340467894915e-01
5.879270454133179555e+03 9.606769537083126309e-01
5.879305259147109609e+03 9.759830761572921842e-01
5.879340064161039663e+03 9.902936784469885678e-01
5.879374769160561300e+03 9.978845196615231394e-01
5.879409574174491354e+03 9.951468392234942284e-01
5.879444379188422317e+03 9.839472374315579861e-01
5.879479184202351462e+03 9.492284718765554574e-01
5.879513989216281516e+03 8.929815828770533148e-01
5.879548794230212479e+03 8.194375311100049464e-01
5.879583599244141624e+03 7.244897959183673741e-01
5.879618404258071678e+03 6.345196615231458726e-01
5.879653109257594224e+03 5.703086112493778170e-01
5.879687914271523368e+03 5.339721254355400681e-01
5.879722719285454332e+03 5.512692882030860719e-01
5.879757524299383476e+03 5.862369337979094208e-01
5.879792229298906022e+03 6.329019412643106524e-01
5.879827034312836076e+03 6.750871080139372316e-01
5.879861839326765221e+03 6.958685913389746069e-01
5.879896644340696184e+03 6.999751119960179180e-01
5.879931349340217821e+03 6.884021901443504454e-01
5.879966154354147875e+03 6.712294673967147407e-01
5.880000959368077929e+03 6.383773021403683634e-01
5.880035664367600475e+03 6.086361373817820164e-01
5.880070469381529620e+03 5.851169736187157300e-01
5.880105274395459674e+03 5.700597312095569968e-01
5.880139979394982220e+03 5.684420109507217767e-01
5.880174784408912274e+03 5.701841712294674069e-01
5.880209489408433910e+03 5.929566948730712328e-01
5.880244294422363964e+03 6.203334992533598991e-01
5.880278999421886510e+03 6.672473867595818398e-01
5.880313804435815655e+03 7.252364360378297237e-01
5.880348509435338201e+03 7.750124440019909855e-01
5.880383314449268255e+03 7.901941264310602397e-01
5.880418019448790801e+03 7.771279243404678461e-01
5.880452824462719946e+03 7.399203583872573375e-01
5.880487529462242492e+03 6.949975111996018473e-01
5.880522334476172546e+03 6.553011448481831369e-01
5.880557039475694182e+03 6.212045793927326587e-01
5.880591844489625146e+03 6.223245395719263495e-01
5.880626549489146782e+03 6.484569437531110259e-01
5.880661254488669329e+03 7.149079143852663520e-01
5.880696059502598473e+03 7.901941264310602397e-01
5.880730764502121019e+03 8.822797411647586019e-01
5.880765469501643565e+03 9.763563962170234145e-01
5.880800274515573619e+03 1.065704330512692977e+00
5.880834979515095256e+03 1.139995022399203695e+00
5.880869684514616893e+03 1.186784469885515225e+00
5.880904489528547856e+03 1.206943753111000550e+00
5.880939194528070402e+03 1.205450472872075629e+00
5.880973899527592039e+03 1.185540069686411124e+00
5.881008604527113675e+03 1.161149825783972078e+00
5.881043409541043729e+03 1.132404181184669012e+00
5.881078114540566276e+03 1.100298656047784984e+00
5.881112819540088822e+03 1.078397212543553918e+00
5.881147524539609549e+03 1.057242409158785534e+00
5.881182229539132095e+03 1.041687406669985050e+00
5.881217034553063058e+03 1.043180686908909971e+00
5.881251739552584695e+03 1.058486809357889413e+00
5.881286444552107241e+03 1.091587854654056722e+00
5.881321149551628878e+03 1.122946739671478289e+00
5.881355854551150514e+03 1.138750622200099594e+00
5.881390559550673061e+03 1.152936784469885456e+00
5.881425264550195607e+03 1.148332503733200616e+00
5.881459969549718153e+03 1.136386261821801913e+00
5.881494674549238880e+03 1.098183175709308124e+00
5.881529379548761426e+03 1.038327526132404088e+00
5.881564084548283972e+03 9.822050771528123558e-01
5.881598789547805609e+03 9.555749128919860391e-01
5.881633494547328155e+03 9.362867098058735849e-01
5.881668199546850701e+03 9.283225485316077830e-01
5.881702904546372338e+03 9.262070681931309224e-01
5.881737609545893974e+03 9.340467894474863142e-01
5.881772314545416521e+03 9.591836734693877098e-01
5.881807019544939067e+03 1.011697361871577883e+00
5.881841724544461613e+03 1.083499253359880621e+00
5.881876429543983249e+03 1.154056744649079036e+00
5.881911134543504886e+03 1.205948232951717269e+00
5.881945839543027432e+03 1.240044798407167637e+00
5.881980444528141561e+03 1.287829766052762670e+00
5.882015149527664107e+03 1.327277252364360338e+00
5.882049854527185744e+03 1.362369337979093986e+00
5.882084559526708290e+03 1.376679940268790370e+00
5.882119264526230836e+03 1.377675460428073650e+00
5.882153869511344965e+03 1.364858138377302188e+00
5.882188574510866601e+03 1.364111498257839727e+00
5.882223279510388238e+03 1.359382777501244366e+00
5.882257984509910784e+03 1.368342458934793449e+00
5.882292589495024913e+03 1.384519661523145873e+00
5.882327294494547459e+03 1.395470383275261295e+00
5.882361999494070005e+03 1.403683424589347917e+00
5.882396604479184134e+03 1.405301144848183137e+00
5.882431309478705771e+03 1.386137381781981093e+00
5.882466014478228317e+03 1.337605774016923821e+00
5.882500619463342446e+03 1.288825286212045729e+00
5.882535324462864082e+03 1.219263315082130372e+00
5.882569929447978211e+03 1.141363862618218095e+00
5.882604634447500757e+03 1.062966650074663955e+00
5.882639339447023303e+03 9.673967147834743319e-01
5.882673944432137432e+03 8.688402190144350890e-01
5.882708649431659069e+03 8.052513688402189729e-01
5.882743254416774107e+03 7.776256844201094864e-01
5.882777959416295744e+03 7.840965654554504782e-01
5.882812564401409873e+03 8.189397710303634170e-01
5.882847269400932419e+03 8.705823792931807192e-01
5.882881874386046547e+03 9.379044300647088050e-01
5.882916479371160676e+03 1.008835241413638562e+00
5.882951184370683222e+03 1.076530612244897878e+00
5.882985789355797351e+03 1.139248382279741234e+00
5.883020494355319897e+03 1.193006470881035286e+00
5.883055099340434026e+03 1.228222996515679455e+00
5.883089704325548155e+03 1.248880039820806420e+00
5.883124409325069792e+03 1.253857640617222602e+00
5.883159014310184830e+03 1.244773519163762998e+00
5.883193719309706466e+03 1.214907914385266352e+00
5.883228324294820595e+03 1.186908909905425524e+00
5.883262929279934724e+03 1.166998506719761020e+00
5.883297534265049762e+03 1.163514186162269759e+00
5.883332239264571399e+03 1.173469387755102122e+00
5.883366844249685528e+03 1.181433549029367924e+00
5.883401449234799657e+03 1.211174713787954271e+00
5.883436054219913785e+03 1.218143354902936792e+00
5.883470759219436331e+03 1.207814833250373310e+00
5.883505364204550460e+03 1.186908909905425524e+00
5.883539969189664589e+03 1.158412145345943278e+00
5.883574574174778718e+03 1.108387257341961085e+00
5.883609179159894666e+03 1.044673967147834670e+00
5.883643784145008794e+03 9.912891986062717375e-01
5.883678489144529522e+03 9.382777501244400353e-01
5.883713094129644560e+03 9.125186660029865893e-01
5.883747699114758689e+03 9.023145843703335167e-01
5.883782304099873727e+03 8.921105027376804442e-01
5.883816909084987856e+03 9.081632653061224580e-01
5.883851514070101985e+03 9.310602289696365830e-01
5.883886119055216113e+03 9.691388750622199622e-01
5.883920724040330242e+03 1.022772523643603826e+00
5.883955329025444371e+03 1.066450970632155215e+00
5.883989934010559409e+03 1.102663016426082665e+00
5.884024538995673538e+03 1.144101543056246895e+00
5.884059143980787667e+03 1.182055749128919864e+00
5.884093748965901796e+03 1.214036834245893370e+00
5.884128353951015924e+03 1.253111000497760141e+00
5.884162958936130053e+03 1.287829766052762670e+00
5.884197563921244182e+03 1.313339970134395296e+00
5.884232168906359220e+03 1.309980089596814334e+00
5.884266773891473349e+03 1.297660527625684512e+00
5.884301278862179970e+03 1.259955201592832363e+00
5.884335883847294099e+03 1.206445993031358910e+00
5.884370488832408228e+03 1.151194624191139937e+00
5.884405093817523266e+03 1.111498257839721227e+00
5.884439698802637395e+03 1.068815331010452896e+00
5.884474303787751523e+03 1.058611249377799934e+00
5.884508808758457235e+03 1.061722249875560076e+00
5.884543413743572273e+03 1.069313091090094536e+00
5.884578018728686402e+03 1.071553011448481918e+00
5.884612623713800531e+03 1.060975609756097615e+00
5.884647128684506242e+03 1.031483325037332088e+00
5.884681733669620371e+03 9.962667994026879192e-01
5.884716338654736319e+03 9.377799900447983950e-01
5.884750843625442030e+03 9.031856645097062763e-01
5.884785448610556159e+03 9.257093081134892820e-01
5.884820053595670288e+03 9.820806371329019457e-01
5.884854558566376909e+03 1.040443006470880949e+00
5.884889163551491038e+03 1.076903932304629219e+00
5.884923668522198568e+03 1.083997013439522261e+00
5.884958273507312697e+03 1.091214534594325603e+00
5.884992878492426826e+03 1.095818815331010443e+00
5.885027383463132537e+03 1.100298656047784984e+00
5.885061988448247575e+03 1.114733698357391667e+00
5.885096493418953287e+03 1.129417620706819392e+00
5.885131098404067416e+03 1.155052264808362317e+00
5.885165603374774946e+03 1.176331508213041221e+00
5.885200208359889075e+03 1.173967147834743763e+00
5.885234713330594786e+03 1.161274265803882599e+00
5.885269318315709825e+03 1.130537580886012972e+00
5.885303823286415536e+03 1.094823295171727162e+00
5.885338428271529665e+03 1.026630164260826206e+00
5.885372933242236286e+03 9.481085116973618776e-01
5.885407438212942907e+03 8.611249377799899962e-01
5.885442043198057036e+03 7.733947237431557653e-01
5.885476548168763657e+03 6.941264310602289767e-01
5.885511153153877785e+03 6.478347436535589754e-01
5.885545658124584406e+03 6.357640617222498625e-01
5.885580163095291027e+03 6.696117471378795205e-01
5.885614768080405156e+03 7.251119960179193136e-01
5.885649273051111777e+03 7.966650074664012315e-01
5.885683778021817488e+03 8.703334992533598991e-01
5.885718282992525019e+03 9.310602289696365830e-01
5.885752887977639148e+03 9.813339970134394852e-01
5.885787392948345769e+03 1.005599800895968121e+00
5.885821897919051480e+03 1.007093081134893042e+00
5.885856402889758101e+03 1.006595321055251402e+00
5.885891007874872230e+03 9.988800398208064202e-01
5.885925512845578851e+03 1.007839721254355503e+00
5.885960017816285472e+03 1.028621204579392767e+00
5.885994522786991183e+03 1.063464410154305595e+00
5.886029027757698714e+03 1.105400696864111465e+00
5.886063532728404425e+03 1.139123942259830713e+00
5.886098037699111046e+03 1.163140866102538640e+00
5.886132542669817667e+03 1.171851667496266902e+00
5.886167147654931796e+03 1.178198108511697262e+00
5.886201652625638417e+03 1.175335988053758163e+00
5.886236157596345038e+03 1.181060228969636583e+00
5.886270662567050749e+03 1.173220507715281302e+00
5.886305167537757370e+03 1.169487307117969221e+00
5.886339672508463991e+03 1.162020905923344838e+00
5.886374177479170612e+03 1.166998506719761020e+00
5.886408682449876324e+03 1.168616226978596240e+00
5.886443187420583854e+03 1.163763066202090579e+00
5.886477692391289565e+03 1.152936784469885456e+00
5.886512197361996186e+03 1.157789945246391339e+00
5.886546702332702807e+03 1.173220507715281302e+00
5.886581107289001920e+03 1.193877551020408267e+00
5.886615612259707632e+03 1.208063713290194130e+00
5.886650117230414253e+03 1.222747635639621633e+00
5.886684622201120874e+03 1.241413638626182259e+00
5.886719127171827495e+03 1.216898954703832691e+00
5.886753632142533206e+03 1.162145345943255359e+00
5.886788137113240737e+03 1.062095569935291195e+00
5.886822542069538940e+03 1.001991040318566561e+00
5.886857047040244652e+03 1.012070681931309002e+00
5.886891552010952182e+03 1.098058735689397603e+00
5.886926056981657894e+03 1.196864111498257888e+00
5.886960461937956097e+03 1.249502239920358360e+00
5.886994966908663628e+03 1.253857640617222602e+00
5.887029471879369339e+03 1.262568442010950642e+00
5.887063976850075960e+03 1.258959681433549083e+00
5.887098381806375073e+03 1.254853160776505661e+00
5.887132886777080785e+03 1.229965156794425196e+00
5.887167391747787406e+03 1.193379790940766627e+00
5.887201796704086519e+03 1.170233947237431460e+00
5.887236301674792230e+03 1.168740666998506761e+00
5.887270806645498851e+03 1.202339472374315488e+00
5.887305211601797964e+03 1.236809357889497196e+00
5.887339716572503676e+03 1.252364360378297681e+00
5.887374121528801879e+03 1.269661523145843685e+00
5.887408626499509410e+03 1.280114484818317466e+00
5.887443031455807613e+03 1.264559482329517204e+00
5.887477536426514234e+03 1.244275759084121358e+00
5.887511941382812438e+03 1.216650074664011871e+00
5.887546446353519059e+03 1.200970632155301088e+00
5.887580851309818172e+03 1.195370831259332967e+00
5.887615356280523883e+03 1.192135390741662526e+00
5.887649761236822997e+03 1.179940268790443003e+00
5.887684266207529618e+03 1.155425584868093658e+00
5.887718671163827821e+03 1.123195619711299109e+00
5.887753176134534442e+03 1.096067695370831263e+00
5.887787581090832646e+03 1.076406172224987579e+00
5.887821986047131759e+03 1.074664011946241837e+00
5.887856491017838380e+03 1.074041811846689898e+00
5.887890895974136583e+03 1.081134892981582940e+00
5.887925300930435697e+03 1.079019412643106079e+00
5.887959805901141408e+03 1.057740169238427175e+00
5.887994210857440521e+03 9.963912394225983293e-01
5.888028615813738725e+03 9.092832254853160379e-01
5.888063120784445346e+03 8.327526132404181602e-01
5.888097525740744459e+03 8.128422100547536555e-01
5.888131930697041753e+03 8.404678944748631420e-01
5.888166335653340866e+03 8.677202588352413981e-01
5.888200840624047487e+03 8.784221005475361110e-01
5.888235245580346600e+03 8.643603782976605476e-01
5.888269650536644804e+03 8.474365355898456631e-01
5.888304055492943917e+03 8.451966152314583924e-01
5.888338460449242120e+03 8.461921353907416732e-01
5.888372965419947832e+03 8.468143354902937237e-01
5.888407370376246945e+03 8.356147336983573704e-01
5.888441775332545149e+03 8.073668491786958334e-01
5.888476180288844262e+03 7.781234444997511268e-01
5.888510585245142465e+03 7.636884021901443331e-01
5.888544990201441578e+03 8.051269288203085628e-01
5.888579395157739782e+03 8.672224987555997577e-01
5.888613800114038895e+03 9.367844698855152252e-01
5.888648205070337099e+03 9.756097560975609539e-01
5.888682610026636212e+03 9.955201592832254587e-01
5.888717014982934415e+03 1.009084121453459382e+00
5.888751419939233529e+03 1.029243404678944707e+00
5.888785824895531732e+03 1.042185166749626690e+00
5.888820229851830845e+03 1.046291687406669890e+00
5.888854634808128139e+03 1.036087605774016929e+00
5.888889039764427253e+03 1.024016923842707705e+00
5.888923444720725456e+03 1.009208561473369903e+00
5.888957849677024569e+03 9.948979591836735192e-01
5.888992254633322773e+03 9.773519163763065842e-01
5.889026659589621886e+03 9.651567944250870612e-01
5.889061064545920090e+03 9.454952712792433767e-01
5.889095369487810785e+03 9.281981085116973729e-01
5.889129774444108989e+03 9.067944250871080580e-01
5.889164179400408102e+03 8.841463414634146423e-01
5.889198584356706306e+03 8.612493777999004063e-01
5.889232989313005419e+03 8.393479342956694511e-01
5.889267294254897024e+03 8.215530114484818069e-01
5.889301699211195228e+03 8.013937282229964820e-01
5.889336104167494341e+03 7.826032852165256681e-01
5.889370509123791635e+03 7.650572424091587331e-01
5.889404814065683240e+03 7.356893977103036164e-01
5.889439219021981444e+03 7.094325535092085300e-01
5.889473623978280557e+03 6.686162269785963508e-01
5.889507928920171253e+03 6.179691388750622183e-01
5.889542333876469456e+03 5.740418118466898978e-01
5.889576738832768569e+03 5.423096067695371003e-01
5.889611043774658356e+03 5.289945246391239975e-01
5.889645448730957469e+03 5.078397212543553918e-01
5.889679853687255672e+03 4.615480338476853905e-01
5.889714158629147278e+03 3.728222996515679344e-01
5.889748563585444572e+03 2.852165256346441136e-01
5.889782868527336177e+03 2.451468392234942839e-01
5.889817273483635290e+03 2.654305624688900189e-01
5.889851578425525076e+03 3.082379293180687041e-01
5.889885983381824190e+03 3.045047287207565678e-01
5.889920288323714885e+03 2.562220009955201716e-01
5.889954693280013089e+03 1.887755102040816202e-01
5.889988998221904694e+03 1.464659034345445476e-01
5.890023403178202898e+03 1.601543056246889085e-01
5.890057708120093594e+03 1.987307117969139003e-01
5.890092113076392707e+03 2.485067197610751621e-01
5.890126418018282493e+03 2.862120457939273388e-01
5.890160722960174098e+03 2.920607267297162801e-01
5.890195127916472302e+03 2.850920856147337035e-01
5.890229432858362998e+03 2.635639621702339230e-01
5.890263737800253693e+03 2.473867595818815268e-01
5.890298142756551897e+03 2.508710801393728151e-01
5.890332447698443502e+03 2.631906421105027483e-01
5.890366752640334198e+03 2.745146839223494006e-01
5.890401157596632402e+03 2.544798407167745413e-01
5.890435462538523097e+03 2.098058735689397603e-01
5.890469767480414703e+03 1.534345445495271243e-01
5.890504172436712906e+03 1.169736187157789931e-01
5.890538477378603602e+03 1.534345445495271243e-01
5.890572782320494298e+03 2.602040816326530726e-01
5.890607087262384994e+03 4.079143852663016379e-01
5.890641392204275689e+03 5.400696864111498297e-01
5.890675797160574803e+03 6.327775012444002423e-01
5.890710102102464589e+03 7.022150323544051886e-01
5.890744407044356194e+03 7.783723245395719470e-01
5.890778711986246890e+03 8.454454952712792126e-01
5.890813016928136676e+03 8.766799402687904808e-01
5.890847321870028281e+03 8.621204579392732770e-01
5.890881626811918977e+03 8.128422100547536555e-01
5.890915931753809673e+03 7.756346441015430360e-01
5.890950236695700369e+03 7.755102040816326259e-01
5.890984541637591065e+03 8.098556495769039243e-01
5.891018946593890178e+03 8.555251368840218751e-01
5.891053251535779964e+03 8.809109009457442019e-01
5.891087556477671569e+03 8.891239422598307129e-01
5.891121861419562265e+03 8.957192633150821148e-01
5.891156066347045453e+03 8.929815828770533148e-01
5.891190371288935239e+03 9.041811846689895571e-01
5.891224676230826844e+03 9.046789447486311975e-01
5.891258981172717540e+03 9.213539074166251508e-01
5.891293286114608236e+03 9.415131906421104757e-01
5.891327591056498932e+03 9.716276754604280530e-01
5.891361895998389627e+03 9.738675958188153237e-01
5.891396200940280323e+03 9.603036336485814006e-01
5.891430505882171019e+03 9.374066699850671647e-01
5.891464810824061715e+03 9.240915878546540618e-01
5.891499015751544903e+03 9.356645097063215344e-01
5.891533320693435599e+03 9.706321553011448833e-01
5.891567625635325385e+03 1.025385764061722327e+00
5.891601930577216990e+03 1.091712294673967243e+00
5.891636235519107686e+03 1.175211548033847642e+00
5.891670440446590874e+03 1.225111996017919314e+00
5.891704745388481570e+03 1.248382279741164780e+00
5.891739050330372265e+03 1.258461921353907442e+00
5.891773355272262961e+03 1.250871080139372760e+00
5.891807560199746149e+03 1.241289198606271738e+00
5.891841865141636845e+03 1.237929318068690998e+00
5.891876170083526631e+03 1.236560477849676376e+00
5.891910375011009819e+03 1.224614235938277673e+00
5.891944679952901424e+03 1.212170233947237330e+00
5.891978884880383703e+03 1.199726231956197209e+00
5.892013189822275308e+03 1.182553509208561504e+00
5.892047494764165094e+03 1.184420109507217544e+00
5.892081699691648282e+03 1.197112991538078708e+00
5.892116004633538978e+03 1.181433549029367924e+00
5.892150209561022166e+03 1.164385266301642519e+00
5.892184514502912862e+03 1.133524141363862592e+00
5.892218719430396050e+03 1.100423096067695283e+00
5.892253024372285836e+03 1.074041811846689898e+00
5.892287229299769024e+03 1.028994524639123886e+00
5.892321534241659720e+03 1.003484320557491261e+00
5.892355739169142907e+03 9.880537580886012972e-01
5.892390044111034513e+03 9.905425584868093880e-01
5.892424249038516791e+03 9.809606769537083659e-01
5.892458553980407487e+03 9.403932304629168959e-01
5.892492758907889765e+03 8.974614235938277451e-01
5.892526963835372953e+03 9.003235440517670662e-01
5.892561268777264559e+03 9.492284718765554574e-01
5.892595473704746837e+03 9.952712792434046385e-01
5.892629778646638442e+03 1.000497760079641640e+00
5.892663983574120721e+03 9.632901941264310208e-01
5.892698188501602999e+03 9.110253857640616681e-01
5.892732393429086187e+03 8.603782976605276467e-01
5.892766698370976883e+03 8.196864111498257666e-01
5.892800903298460071e+03 7.976605276256844013e-01
5.892835108225943259e+03 7.934295669487306801e-01
5.892869413167833955e+03 8.139621702339472353e-01
5.892903618095317142e+03 8.480587356893977136e-01
5.892937823022800330e+03 8.858885017421602726e-01
5.892972027950282609e+03 9.260826281732205123e-01
5.893006232877764887e+03 9.508461921353907886e-01
5.893040537819656493e+03 9.688899950223992530e-01
5.893074742747138771e+03 9.641612742658038915e-01
5.893108947674621959e+03 9.513439522150323180e-01
5.893143152602105147e+03 9.163763066202090801e-01
5.893177357529588335e+03 8.664758586361374082e-01
5.893211562457070613e+03 8.124688899950224252e-01
5.893245767384553801e+03 7.979094076655052215e-01
5.893279972312036989e+03 8.330014932802388694e-01
5.893314177239520177e+03 8.992035838725733754e-01
5.893348382167002455e+03 9.575659532105524896e-01
5.893382587094485643e+03 9.995022399203583596e-01
5.893416792021968831e+03 1.026132404181184565e+00
5.893450996949451110e+03 1.033101045296167309e+00
5.893485201876933388e+03 1.030736684917869628e+00
5.893519406804416576e+03 1.026505724240915907e+00
5.893553611731899764e+03 1.024390243902439046e+00
5.893587816659382952e+03 1.017048282727725184e+00
5.893622021586865230e+03 1.014186162269785862e+00
5.893656226514348418e+03 1.024141363862618226e+00
5.893690431441831606e+03 1.026132404181184565e+00
5.893724636369314794e+03 1.042682926829268331e+00
5.893758841296797982e+03 1.039323046291687369e+00
5.893793046224280261e+03 1.026754604280736727e+00
5.893827151137355031e+03 9.875559980089596568e-01
5.893861356064838219e+03 9.444997511199602069e-01
5.893895560992321407e+03 9.074166251866599975e-01
5.893929765919804595e+03 8.826530612244898322e-01
5.893963970847286873e+03 8.685913389746142688e-01
5.893998075760362553e+03 8.410900945744150814e-01
5.894032280687844832e+03 8.076157292185166536e-01
5.894066485615328020e+03 7.803633648581383975e-01
5.894100690542811208e+03 7.711548033847684946e-01
5.894134795455885978e+03 7.701592832254853249e-01
5.894169000383369166e+03 7.806122448979592177e-01
5.894203205310852354e+03 7.970383275261323508e-01
5.894237310223927125e+03 8.048780487804878536e-01
5.894271515151410313e+03 8.037580886012941628e-01
5.894305720078892591e+03 8.000248880039820820e-01
5.894339824991967362e+03 8.061224489795918435e-01
5.894374029919450550e+03 8.372324539571925905e-01
5.894408134832525320e+03 8.994524639123941956e-01
5.894442339760008508e+03 9.626679940268790814e-01
5.894476444673083279e+03 1.010079641612742662e+00
5.894510649600566467e+03 1.027874564459930307e+00
5.894544854528049655e+03 1.043927327028372432e+00
5.894578959441124425e+03 1.048282727725236452e+00
5.894613164368607613e+03 1.034594325535092008e+00
5.894647269281682384e+03 1.037083125933300209e+00
5.894681474209165572e+03 1.039447486311597890e+00
5.894715579122240342e+03 1.046789447486311531e+00
5.894749684035316022e+03 1.040069686411149830e+00
5.894783888962799210e+03 1.031607765057242387e+00
5.894817993875873981e+03 1.018292682926829285e+00
5.894852198803357169e+03 9.957690393230462789e-01
5.894886303716431939e+03 9.744897959183673741e-01
5.894920408629506710e+03 9.664011946241911621e-01
5.894954613556989898e+03 9.543305126928820492e-01
5.894988718470064669e+03 9.549527127924340997e-01
5.895022823383139439e+03 9.610502737680437502e-01
5.895057028310622627e+03 9.707565953210552934e-01
5.895091133223697398e+03 9.578148332503733098e-01
5.895125238136772168e+03 9.498506719761075079e-01
5.895159443064255356e+03 9.202339472374315710e-01
5.895193547977331036e+03 8.776754604280736505e-01
5.895227652890405807e+03 8.301393728222996593e-01
5.895261757803480577e+03 8.036336485813837527e-01
5.895295862716556258e+03 7.857142857142856984e-01
5.895330067644038536e+03 7.829766052762568984e-01
5.895364172557114216e+03 7.684171229467396946e-01
5.895398277470188987e+03 7.560975609756097615e-01
5.895432382383263757e+03 7.426580388252862486e-01
5.895466487296339437e+03 7.242409158785465539e-01
5.895500592209414208e+03 7.003484320557491483e-01
5.895534797136897396e+03 6.708561473369836214e-01
5.895568902049972166e+03 6.363862618218019129e-01
5.895603006963046937e+03 5.960676953708312631e-01
5.895637111876121708e+03 5.505226480836237224e-01
5.895671216789197388e+03 4.731209556993529186e-01
5.895705321702273068e+03 3.995769039323046057e-01
5.895739426615347838e+03 3.439522150323544025e-01
5.895773531528422609e+03 3.310104529616724744e-01
5.895807636441497380e+03 3.535340965654554246e-01
5.895841741354572150e+03 3.653558984569437729e-01
5.895875846267647830e+03 3.328770532603285148e-01
5.895909951180723510e+03 2.655550024888003735e-01
5.895944056093798281e+03 1.952463912394226120e-01
5.895978161006873052e+03 1.585365853658536606e-01
5.896012165905540314e+03 1.732205077152812467e-01
5.896046270818615085e+03 2.150323544051767066e-01
5.896080375731690765e+03 2.605774016923842473e-01
5.896114480644765536e+03 2.834743653558984833e-01
5.896148585557840306e+03 2.765057242409158511e-01
5.896182690470915986e+03 2.597063215530114322e-01
5.896216795383990757e+03 2.439024390243902385e-01
5.896250800282658020e+03 2.435291189646590360e-01
5.896284905195732790e+03 2.558486809357889413e-01
5.896319010108808470e+03 2.864609258337481590e-01
5.896353115021883241e+03 3.088601294176206991e-01
5.896387119920549594e+03 3.016426082628173022e-01
5.896421224833626184e+03 2.600796416127426625e-01
5.896455329746700954e+03 2.052015928322548644e-01
5.896489434659775725e+03 2.058237929318068593e-01
5.896523439558442078e+03 3.200597312095569968e-01
5.896557544471517758e+03 5.062220009955201716e-01
5.896591649384593438e+03 7.086859133897461804e-01
5.896625654283259792e+03 8.542807366849178852e-01
5.896659759196334562e+03 9.380288700846192151e-01
5.896693764095002734e+03 9.953957192633150486e-01
5.896727869008077505e+03 1.039945246391239531e+00
5.896761973921152276e+03 1.071055251368840278e+00
5.896795978819819538e+03 1.089223494275759041e+00
5.896830083732894309e+03 1.100049776007964164e+00
5.896864088631562481e+03 1.110004977600796305e+00
5.896898193544637252e+03 1.120457939273270309e+00
5.896932198443303605e+03 1.141114982578397274e+00
5.896966303356380195e+03 1.154554504728720676e+00
5.897000308255046548e+03 1.159905425584868199e+00
5.897034413168121318e+03 1.161896465903434539e+00
5.897068418066788581e+03 1.151194624191139937e+00
5.897102522979864261e+03 1.117346938775510168e+00
5.897136527878531524e+03 1.091214534594325603e+00
5.897170532777197877e+03 1.059233449477351874e+00
5.897204637690273557e+03 1.027252364360378367e+00
5.897238642588940820e+03 9.988800398208064202e-01
5.897272647487608083e+03 9.627924340467894915e-01
5.897306752400682853e+03 9.436286709805873363e-01
5.897340757299350116e+03 9.530861124937779483e-01
5.897374762198017379e+03 9.739920358387257338e-01
5.897408867111092150e+03 1.016550522648083543e+00
5.897442872009760322e+03 1.039198606271777070e+00
5.897476876908426675e+03 1.053882528621204573e+00
5.897510981821501446e+03 1.051020408163265252e+00
5.897544986720169618e+03 1.041065206570433110e+00
5.897578991618835971e+03 1.017172722747635705e+00
5.897612996517504143e+03 9.772274763563961741e-01
5.897647001416171406e+03 9.372822299651567546e-01
5.897681106329246177e+03 9.132653061224489388e-01
5.897715111227912530e+03 9.427575908412145766e-01
5.897749116126580702e+03 1.017297162767546004e+00
5.897783121025247965e+03 1.085739173718267780e+00
5.897817125923915228e+03 1.136137381781981093e+00
5.897851130822582491e+03 1.147959183673469497e+00
5.897885135721248844e+03 1.136759581881533032e+00
5.897919140619917016e+03 1.106271777003484225e+00
5.897953245532991787e+03 1.066202090592334395e+00
5.897987250431659049e+03 1.042185166749626690e+00
5.898021255330326312e+03 1.020034843205574804e+00
5.898055260228993575e+03 1.005475360876057822e+00
5.898089265127659928e+03 1.010577401692384303e+00
5.898123270026328100e+03 1.028745644599303066e+00
5.898157274924994454e+03 1.063837730214036936e+00
5.898191279823662626e+03 1.097063215530114544e+00
5.898225284722329889e+03 1.118591338974614269e+00
5.898259189606589644e+03 1.120084619213538968e+00
5.898293194505255997e+03 1.116226978596316588e+00
5.898327199403923260e+03 1.114111498257839727e+00
5.898361204302590522e+03 1.141239422598307574e+00
5.898395209201257785e+03 1.168491786958685941e+00
5.898429214099925048e+03 1.191513190642110587e+00
5.898463218998592311e+03 1.188402190144350445e+00
5.898497223897259573e+03 1.168367346938775420e+00
5.898531128781519328e+03 1.140243902439024293e+00
5.898565133680185681e+03 1.109009457441513247e+00
5.898599138578853854e+03 1.075908412145345938e+00
5.898633143477520207e+03 1.053011448481831813e+00
5.898667148376187470e+03 1.036958685913389688e+00
5.898701053260447225e+03 1.022523643603783006e+00
5.898735058159113578e+03 1.000622200099551939e+00
5.898769063057781750e+03 9.835739173718267558e-01
5.898802967942040596e+03 9.807117969138875457e-01
5.898836972840708768e+03 9.892981582877052871e-01
5.898870977739375121e+03 1.001742160278745741e+00
5.898904882623634876e+03 9.917869586859133779e-01
5.898938887522302139e+03 9.425087108013937565e-01
5.898972892420969401e+03 8.647336983573917779e-01
5.899006797305228247e+03 7.894474863115977792e-01
5.899040802203896419e+03 7.684171229467396946e-01
5.899074807102562772e+03 7.689148830263813350e-01
5.899108711986822527e+03 7.664260826281732442e-01
5.899142716885489790e+03 7.385515181682429375e-01
5.899176621769749545e+03 7.050771528123443987e-01
5.899210626668415898e+03 6.875311100049775748e-01
5.899244531552674744e+03 7.020905923344947785e-01
5.899278536451342916e+03 7.340716774514683962e-01
5.899312441335601761e+03 7.941762070681931407e-01
5.899346446234269933e+03 8.445744151319064530e-01
5.899380351118528779e+03 8.807864609258337918e-01
5.899414356017196042e+03 8.896217023394723533e-01
5.899448260901454887e+03 8.908661025385764543e-01
5.899482165785714642e+03 8.779243404678944707e-01
5.899516170684381905e+03 8.623693379790940972e-01
5.899550075568641660e+03 8.438277750124439924e-01
5.899584080467308013e+03 8.376057740169238208e-01
5.899617985351567768e+03 8.344947735191637905e-01
5.899651890235827523e+03 8.570184171229466852e-01
5.899685895134494785e+03 9.030612244897958663e-01
5.899719800018754540e+03 9.550771528123443987e-01
5.899753704903013386e+03 1.008213041314086622e+00
5.899787609787273141e+03 1.019039323046291745e+00
5.899821614685939494e+03 1.009457441513190723e+00
5.899855519570199249e+03 1.013315082130413103e+00
5.899889424454458094e+03 1.046416127426580411e+00
5.899923329338717849e+03 1.103782976605276245e+00
5.899957334237385112e+03 1.142981582877053315e+00
5.899991239121644867e+03 1.166500746640119379e+00
5.900025144005904622e+03 1.192010950721752005e+00
5.900059048890163467e+03 1.212294673967147851e+00
5.900092953774423222e+03 1.249626679940268881e+00
5.900126858658682067e+03 1.283101045296167309e+00
5.900160763542941822e+03 1.307864609258337474e+00
5.900194768441608176e+03 1.318317570930811256e+00
5.900228673325867931e+03 1.295545047287207652e+00
5.900262578210127685e+03 1.247262319561971200e+00
5.900296483094386531e+03 1.174962667994026821e+00
5.900330387978646286e+03 1.111871577899452568e+00
5.900364292862906041e+03 1.059731209556993514e+00
5.900398197747164886e+03 1.035963165754106630e+00
5.900432102631424641e+03 1.037207565953210509e+00
5.900466007515683486e+03 1.054255848680935692e+00
5.900499912399943241e+03 1.080761572921851599e+00
5.900533817284202996e+03 1.096689895470383203e+00
5.900567722168461842e+03 1.101169736187157744e+00
5.900601627052721597e+03 1.103782976605276245e+00
5.900635431922572934e+03 1.096689895470383203e+00
5.900669336806831780e+03 1.080637132901941300e+00
5.900703241691091534e+03 1.021403683424589426e+00
5.900737146575350380e+03 9.494773519163762776e-01
5.900771051459610135e+03 8.766799402687904808e-01
5.900804956343869890e+03 8.046291687406670334e-01
5.900838861228128735e+03 7.231209556993528631e-01
5.900872666097980982e+03 6.444748631159781249e-01
5.900906570982240737e+03 5.908412145345943722e-01
5.900940475866499582e+03 5.851169736187157300e-01
5.900974380750759337e+03 6.068939771030363861e-01
5.901008285635018183e+03 6.493280238924837855e-01
5.901042090504869520e+03 6.897710303633648454e-01
5.901075995389129275e+03 7.368093578894973072e-01
5.901109900273389030e+03 7.971627675460427609e-01
5.901143705143239458e+03 8.529118964659034852e-01
5.901177610027499213e+03 9.036834245893479167e-01
5.901211514911758968e+03 9.540816326530612290e-01
5.901245319781610306e+03 9.693877551020407823e-01
5.901279224665870061e+03 9.880537580886012972e-01
5.901313129550129815e+03 1.007466401194624162e+00
5.901346934419980244e+03 1.022150323544051664e+00
5.901380839304239998e+03 1.032354405176704848e+00
5.901414644174091336e+03 1.046665007466401232e+00
5.901448549058350181e+03 1.068193130910900956e+00
5.901482353928202429e+03 1.084619213539074201e+00
5.901516258812462183e+03 1.098432055749128944e+00
5.901550063682313521e+03 1.104529616724738705e+00
5.901583968566572366e+03 1.094698855151816863e+00
5.901617773436423704e+03 1.087854654056744641e+00
5.901651678320683459e+03 1.085365853658536661e+00
5.901685483190535706e+03 1.092334494773519182e+00
5.901719388074794551e+03 1.091338974614235902e+00
5.901753192944645889e+03 1.091961174713788063e+00
5.901787097828905644e+03 1.116475858636137408e+00
5.901820902698756981e+03 1.152936784469885456e+00
5.901854707568608319e+03 1.190766550522648126e+00
5.901888612452868074e+03 1.219636635141861714e+00
5.901922417322719411e+03 1.221876555500248873e+00
5.901956222192571659e+03 1.197610751617720348e+00
5.901990127076830504e+03 1.152065704330512697e+00
5.902023931946681842e+03 1.099427575908412225e+00
5.902057736816533179e+03 1.042682926829268331e+00
5.902091641700792024e+03 1.001617720258835220e+00
5.902125446570644272e+03 9.936535589845694183e-01
5.902159251440495609e+03 1.014683922349427503e+00
5.902193056310347856e+03 1.027376804380288666e+00
5.902226961194607611e+03 9.961423593827775091e-01
5.902260766064458039e+03 9.186162269785963508e-01
5.902294570934309377e+03 8.413389746142359016e-01
5.902328375804161624e+03 8.204330512692882271e-01
5.902362180674012961e+03 8.857640617222498625e-01
5.902395985543865208e+03 9.917869586859133779e-01
5.902429890428124054e+03 1.085365853658536661e+00
5.902463695297975391e+03 1.142110502737680333e+00
5.902497500167826729e+03 1.177078148332503682e+00
5.902531305037678976e+03 1.201095072175211609e+00
5.902565109907530314e+03 1.226107516177202594e+00
5.902598914777380742e+03 1.234818317570930857e+00
5.902632719647232989e+03 1.256844201095072222e+00
5.902666524517084326e+03 1.261697361871577883e+00
5.902700329386936573e+03 1.258213041314086622e+00
5.902734134256787911e+03 1.233698357391737277e+00
5.902767939126639249e+03 1.191015430562468946e+00
5.902801743996490586e+03 1.123071179691388810e+00
5.902835548866341924e+03 1.050522648083623611e+00
5.902869353736194171e+03 9.919113987058237880e-01
5.902903158606045508e+03 9.447486311597810271e-01
5.902936963475896846e+03 9.145097063215530397e-01
5.902970768345749093e+03 9.076655052264808177e-01
5.903004573215599521e+03 9.225983076157292517e-01
5.903038278071043351e+03 9.469885515181682978e-01
5.903072082940894688e+03 9.677700348432055621e-01
5.903105887810746935e+03 9.583125933300149502e-01
5.903139692680598273e+03 9.248382279741165224e-01
5.903173497550449611e+03 8.764310602289696606e-01
5.903207302420301858e+03 8.297660527625684290e-01
5.903241007275745687e+03 7.992782478845196215e-01
5.903274812145596115e+03 7.894474863115977792e-01
5.903308617015447453e+03 8.097312095569935142e-01
5.903342421885299700e+03 8.623693379790940972e-01
5.903376126740743530e+03 9.303135888501742334e-01
5.903409931610594867e+03 1.010204081632652962e+00
5.903443736480446205e+03 1.087854654056744641e+00
5.903477441335890035e+03 1.143852663016426074e+00
5.903511246205742282e+03 1.186660029865604704e+00
5.903545051075593619e+03 1.220009955201592833e+00
5.903578755931037449e+03 1.239795918367347038e+00
5.903612560800887877e+03 1.249502239920358360e+00
5.903646365670740124e+03 1.257466401194624162e+00
5.903680070526183044e+03 1.263812842210054743e+00
5.903713875396035291e+03 1.268168242906918763e+00
5.903747580251478212e+03 1.284221005475360888e+00
5.903781385121330459e+03 1.290691886510701769e+00
5.903815089976774289e+03 1.287207565953210509e+00
5.903848894846625626e+03 1.279990044798407167e+00
5.903882599702069456e+03 1.267172722747635705e+00
5.903916404571920793e+03 1.250248880039820820e+00
5.903950109427364623e+03 1.233325037332005936e+00
5.903983914297215961e+03 1.229218516674962736e+00
5.904017619152659790e+03 1.220383275261323952e+00
5.904051424022512037e+03 1.209059233449477411e+00
5.904085128877954958e+03 1.217023394723743213e+00
5.904118833733398787e+03 1.228098556495768934e+00
5.904152638603250125e+03 1.245395719263315160e+00
5.904186343458693045e+03 1.261075161772025943e+00
5.904220148328545292e+03 1.254355400696864020e+00
5.904253853183989122e+03 1.238800398208063758e+00
5.904287558039432042e+03 1.193753111000497746e+00
5.904321262894875872e+03 1.131159780985564911e+00
5.904355067764728119e+03 1.071055251368840278e+00
5.904388772620171039e+03 1.014808362369338024e+00
5.904422477475614869e+03 1.004355400696864020e+00
5.904456282345467116e+03 1.023519163763066286e+00
5.904489987200910036e+03 1.040940766550522589e+00
5.904523692056353866e+03 1.049278247884519732e+00
5.904557396911797696e+03 1.048033847685415632e+00
5.904591101767241526e+03 1.021030363364858085e+00
5.904624906637092863e+03 9.876804380288700669e-01
5.904658611492536693e+03 9.532105525136883584e-01
5.904692316347980523e+03 9.208561473369836214e-01
5.904726021203423443e+03 9.003235440517670662e-01
5.904759726058867273e+03 9.084121453459432782e-01
5.904793430914312012e+03 9.454952712792433767e-01
5.904827135769755841e+03 9.855649576903932063e-01
5.904860840625199671e+03 1.028994524639123886e+00
5.904894545480642591e+03 1.072299651567944156e+00
5.904928350350494838e+03 1.107267297162767505e+00
5.904962055205938668e+03 1.144723743155798834e+00
5.904995760061381588e+03 1.170607267297162801e+00
5.905029464916825418e+03 1.179691388750622183e+00
5.905063169772269248e+03 1.177575908412145322e+00
5.905096874627713078e+03 1.143354902936784434e+00
5.905130479468748490e+03 1.102787456445992964e+00
5.905164184324192320e+03 1.045669487307117951e+00
5.905197889179636149e+03 1.004355400696864020e+00
5.905231594035079070e+03 9.771030363364857640e-01
5.905265298890522899e+03 9.835739173718267558e-01
5.905299003745966729e+03 1.023643603782976585e+00
5.905332708601410559e+03 1.072299651567944156e+00
5.905366413456854389e+03 1.135017421602787513e+00
5.905400118312297309e+03 1.183549029367844785e+00
5.905433723153334540e+03 1.219636635141861714e+00
5.905467428008777460e+03 1.239795918367347038e+00
5.905501132864221290e+03 1.233076157292185115e+00
5.905534837719665120e+03 1.206072672971627568e+00
5.905568542575108950e+03 1.160154305624688797e+00
5.905602147416144362e+03 1.118964659034345388e+00
5.905635852271588192e+03 1.083125933300149280e+00
5.905669557127032022e+03 1.061100049776007914e+00
5.905703161968068343e+03 1.055749128919860613e+00
5.905736866823512173e+03 1.072672971627675498e+00
5.905770571678955093e+03 1.085490293678446960e+00
5.905804176519991415e+03 1.093454454952712762e+00
5.905837881375434335e+03 1.103534096565455425e+00
