5.877012552231691188e+03 1.026946994373704403e+00
5.877047358000969325e+03 1.033461652354160432e+00
5.877082263786825024e+03 1.042937518507551120e+00
5.877117169572680723e+03 8.095943144803079417e-01
5.877151975341958860e+03 7.331951436185963900e-01
5.877186881127814559e+03 6.029019840094758109e-01
5.877221786913671167e+03 9.215279834172341866e-01
5.877256592682948394e+03 3.790346461356233210e-01
5.877291498468805003e+03 2.884216760438259031e-01
5.877326404254661611e+03 2.149837133550488721e-01
5.877361210023939748e+03 3.132958246964761551e-01
5.877396115809795447e+03 -6.870002961208172831e-02
5.877430921579073583e+03 5.590761030500444040e-01
5.877465827364929282e+03 7.699141249629849471e-01
5.877500633134207419e+03 7.029908202546638618e-01
5.877535538920063118e+03 4.489191590168788992e-01
5.877570344689341255e+03 8.338762214983713728e-01
5.877605250475196954e+03 8.623038199585431052e-01
5.877640056244475090e+03 1.022209061297009169e+00
5.877674962030330789e+03 7.864968907314183744e-01
5.877709767799608926e+03 1.092685815812851624e+00
5.877744673585464625e+03 7.148356529464021669e-01
5.877779479354742762e+03 6.816701214095350903e-01
5.877814385140598461e+03 6.603494225644063187e-01
5.877849190909876597e+03 1.164347053597867943e+00
5.877883996679153825e+03 6.183002665087355965e-01
5.877918902465010433e+03 1.174415161385845341e+00
5.877953708234287660e+03 7.035830618892507937e-01
5.877988514003565797e+03 9.789754219721646944e-01
5.878023419789421496e+03 8.356529464021320575e-01
5.878058225558699633e+03 5.780278353568255589e-01
5.878093031327976860e+03 6.544270062185371106e-01
5.878127837097254996e+03 6.917382291975125996e-01
5.878162742883110695e+03 9.126443588984305411e-01
5.878197548652388832e+03 5.531536867041753069e-01
5.878232354421666969e+03 1.134142730233935525e+00
5.878267160190944196e+03 8.232158720758069315e-01
5.878302065976800804e+03 4.560260586319218046e-01
5.878336871746078032e+03 6.935149541012732843e-01
5.878371677515356168e+03 1.182706544270062166e+00
5.878406483284633396e+03 8.883624518803672210e-01
5.878441289053911532e+03 6.413976902576251637e-01
5.878476094823189669e+03 8.723719277465206146e-01
5.878510900592466896e+03 7.006218537163162452e-01
5.878545706361745033e+03 8.315072549600236451e-01
5.878580612147600732e+03 5.975718092981936458e-01
5.878615417916878869e+03 3.275096239265620213e-01
5.878650223686156096e+03 7.924193070772875824e-01
5.878685029455434233e+03 8.474977790938702515e-01
5.878719835224712369e+03 8.877702102457802891e-01
5.878754640993989597e+03 6.964761622742078329e-01
5.878789446763267733e+03 5.709209357417825981e-01
5.878824252532544961e+03 9.499555818774060301e-01
5.878859058301823097e+03 2.114302635475273917e-01
5.878893864071101234e+03 1.299970387918270687e+00
5.878928569823799990e+03 1.241338466094166426e+00
5.878963375593078126e+03 7.983417234231566795e-01
5.878998181362356263e+03 8.024874148652649808e-01
5.879032987131633490e+03 6.716020136215575809e-01
5.879067792900911627e+03 7.936037903464613352e-01
5.879102598670188854e+03 9.766064554338169668e-01
5.879137404439466991e+03 7.622149837133550543e-01
5.879172110192166656e+03 5.105122890139176528e-01
5.879206915961443883e+03 4.856381403612674008e-01
5.879241721730722020e+03 9.179745336097128172e-01
5.879276527500000157e+03 8.984305596683447304e-01
5.879311333269277384e+03 9.807521468759253791e-01
5.879346039021977049e+03 1.281610897246076464e+00
5.879380844791255186e+03 1.707432632514065629e+00
5.879415650560532413e+03 9.795676636067515153e-01
5.879450456329810550e+03 6.639028723719277991e-01
5.879485162082509305e+03 7.426710097719869674e-01
5.879519967851786532e+03 8.469055374592834307e-01
5.879554773621064669e+03 5.395321291086763171e-01
5.879589479373764334e+03 2.783535682558483937e-01
5.879624285143041561e+03 8.753331359194551631e-01
5.879658990895741226e+03 7.474089428486823117e-01
5.879693796665019363e+03 7.444477346757476521e-01
5.879728602434296590e+03 8.658572697660645856e-01
5.879763308186996255e+03 1.416641989931892276e+00
5.879798113956274392e+03 8.196624222682854510e-01
5.879832819708974057e+03 1.032277169084986568e+00
5.879867625478251284e+03 7.965649985193958837e-01
5.879902331230950949e+03 1.106899615042937546e+00
5.879937137000229086e+03 6.745632217944921294e-01
5.879971842752927842e+03 6.479123482380810817e-01
5.880006648522205069e+03 4.281907018063370041e-01
5.880041354274904734e+03 4.856381403612674008e-01
5.880076160044182870e+03 3.399466982528872028e-01
5.880110865796881626e+03 8.409831211134142226e-01
5.880145671566159763e+03 1.221202250518211407e+00
5.880180377318859428e+03 3.831803375777317333e-01
5.880215083071559093e+03 4.127924193070772740e-01
5.880249888840836320e+03 1.188036718981344331e+00
5.880284594593535985e+03 6.342907906425822029e-01
5.880319300346234741e+03 1.174415161385845341e+00
5.880354106115512877e+03 8.759253775540420950e-01
5.880388811868211633e+03 7.953805152502221310e-01
5.880423517620911298e+03 8.948771098608232499e-01
5.880458323390189435e+03 1.350310926858158123e+00
5.880493029142889100e+03 1.261474681670121445e+00
5.880527734895587855e+03 6.929227124666864635e-01
5.880562440648287520e+03 7.847201658276576897e-01
5.880597246417565657e+03 1.243707432632514154e+00
5.880631952170265322e+03 5.738821439147172576e-01
5.880666657922964077e+03 9.505478235119928510e-01
5.880701363675662833e+03 1.064850458987266713e+00
5.880736069428362498e+03 6.887770210245780511e-01
5.880770775181062163e+03 7.521468759253775449e-01
5.880805580950340300e+03 5.809890435297601075e-01
5.880840286703039055e+03 8.332839798637844408e-01
5.880874992455738720e+03 9.653538643766657046e-01
5.880909698208438385e+03 7.254960023689664972e-01
5.880944403961137141e+03 9.795676636067515153e-01
5.880979109713836806e+03 4.791234823808113719e-01
5.881013815466536471e+03 7.722830915013325637e-01
5.881048521219235226e+03 9.487710986082321662e-01
5.881083226971934891e+03 1.551080840983121156e+00
5.881117932724634557e+03 1.211726384364820941e+00
5.881152638477333312e+03 1.088540124370743323e+00
5.881187344230032977e+03 1.134142730233935525e+00
5.881222049982732642e+03 1.128220313888066428e+00
5.881256755735431398e+03 8.836245188036718767e-01
5.881291461488131063e+03 7.965649985193958837e-01
5.881326167240830728e+03 7.539236008291383406e-01
5.881360872993530393e+03 6.425821735267989165e-01
5.881395478729650677e+03 5.803968018951731755e-01
5.881430184482350342e+03 8.954693514954101818e-01
5.881464890235050007e+03 8.611193366893692414e-01
5.881499595987748762e+03 4.275984601717500722e-01
5.881534301740448427e+03 1.177376369558780000e+00
5.881569007493148092e+03 7.864968907314183744e-01
5.881603613229268376e+03 8.332839798637844408e-01
5.881638318981968041e+03 9.304116079360379432e-01
5.881673024734667706e+03 7.225347941960319487e-01
5.881707730487367371e+03 7.930115487118744033e-01
5.881742336223488564e+03 7.912348238081137186e-01
5.881777041976187320e+03 1.037607343796268955e+00
5.881811747728886075e+03 9.754219721646432140e-01
5.881846453481585741e+03 1.153686704175303612e+00
5.881881059217706934e+03 8.214391471720462468e-01
5.881915764970406599e+03 3.517915309446253969e-01
5.881950470723106264e+03 -8.528279538051525277e-02
5.881985076459226548e+03 1.106899615042937546e+00
5.882019782211926213e+03 1.112822031388806643e+00
5.882054387948047406e+03 6.289606159312999267e-01
5.882089093700747071e+03 5.211726384364820941e-01
5.882123799453445827e+03 4.607639917086170933e-01
5.882158405189566110e+03 7.367485934261178704e-01
5.882193110942265776e+03 8.350607047675451255e-01
5.882227716678386969e+03 1.251406573882143825e+00
5.882262422431086634e+03 9.564702398578620590e-01
5.882297028167207827e+03 1.108676339946698342e+00
5.882331733919906583e+03 9.689073141841871850e-01
5.882366339656027776e+03 7.403020432336393508e-01
5.882401045408727441e+03 7.154278945809890988e-01
5.882435651144848634e+03 9.333728161089724917e-01
5.882470256880968918e+03 4.412200177672490620e-01
5.882504962633668583e+03 1.194551376961800360e+00
5.882539568369789777e+03 7.154278945809890988e-01
5.882574274122489442e+03 1.018063369854900868e+00
5.882608879858610635e+03 6.798933965057744055e-01
5.882643485594730919e+03 5.691442108380219134e-01
5.882678191347430584e+03 8.226236304412199996e-01
5.882712797083551777e+03 5.324252294936333563e-01
5.882747402819672971e+03 8.504589872668049111e-01
5.882782108572372636e+03 6.698252887177968962e-01
5.882816714308492919e+03 7.876813740005922382e-01
5.882851320044614113e+03 6.745632217944921294e-01
5.882885925780735306e+03 8.587503701510216247e-01
5.882920631533434971e+03 8.700029612081728869e-01
5.882955237269555255e+03 8.090020728457210097e-01
5.882989843005676448e+03 9.161978087059520215e-01
5.883024448741797642e+03 1.066627183891027508e+00
5.883059054477918835e+03 1.830026650873556315e-01
5.883093760230617590e+03 1.030500444181225994e+00
5.883128365966738784e+03 6.224459579508438978e-01
5.883162971702859977e+03 1.238969499555818699e+00
5.883197577438981170e+03 1.240153982824992562e+00
5.883232183175101454e+03 8.836245188036718767e-01
5.883266788911222648e+03 1.347941960319810395e+00
5.883301394647343841e+03 3.032277169084986457e-01
5.883336000383464125e+03 6.887770210245780511e-01
5.883370606119585318e+03 7.420787681374000355e-01
5.883405211855706511e+03 8.013029315960912280e-01
5.883439817591827705e+03 1.355048859934853356e+00
5.883474423327947989e+03 1.393544566183002598e+00
5.883509029064069182e+03 9.067219425525614440e-01
5.883543634800190375e+03 1.078472016582765702e+00
5.883578240536311569e+03 9.730530056262954863e-01
5.883612846272431852e+03 7.266804856381403610e-01
5.883647452008553046e+03 1.639917086171157834e+00
5.883682057744674239e+03 1.093278057447438556e+00
5.883716663480794523e+03 8.054486230381996403e-01
5.883751269216915716e+03 8.131477642878294221e-01
5.883785874953037819e+03 1.114006514657980507e+00
5.883820380672580541e+03 7.681374000592241513e-01
5.883854986408700825e+03 9.179745336097128172e-01
5.883889592144822018e+03 9.973349126443589174e-01
5.883924197880943211e+03 7.722830915013325637e-01
5.883958803617063495e+03 8.735564110156943674e-01
5.883993309336606217e+03 9.606159312999703603e-01
5.884027915072727410e+03 1.087947882736156391e+00
5.884062520808848603e+03 8.901391767841279057e-01
5.884097126544968887e+03 9.197512585134735019e-01
5.884131632264512518e+03 8.486822623630441154e-01
5.884166238000633712e+03 1.145395321291086788e+00
5.884200843736753995e+03 1.252591057151317688e+00
5.884235349456296717e+03 8.273615635179153438e-01
5.884269955192417910e+03 8.534201954397394596e-01
5.884304560928538194e+03 9.878590464909683400e-01
5.884339066648080916e+03 1.308854012437074221e+00
5.884373672384202109e+03 1.645839502517026931e+00
5.884408278120323303e+03 1.248445365709209387e+00
5.884442783839866024e+03 1.156647912348238050e+00
5.884477389575987218e+03 1.181522061000888302e+00
5.884511895295529030e+03 9.730530056262954863e-01
5.884546501031650223e+03 9.387029908202546569e-01
5.884581006751192945e+03 1.226532425229493573e+00
5.884615612487314138e+03 7.764287829434409760e-01
5.884650118206856860e+03 9.505478235119928510e-01
5.884684723942978053e+03 8.303227716908498923e-01
5.884719229662519865e+03 9.404797157240154526e-01
5.884753835398641058e+03 8.374296713058928532e-01
5.884788341118183780e+03 4.394432928634883218e-01
5.884822946854304064e+03 6.123778501628664994e-01
5.884857452573847695e+03 9.860823215872075442e-01
5.884891958293390417e+03 7.201658276576843321e-01
5.884926564029510700e+03 1.051228901391767945e+00
5.884961069749053422e+03 7.533313591945514087e-01
5.884995675485174615e+03 1.192774652058039786e+00
5.885030181204717337e+03 7.225347941960319487e-01
5.885064686924260059e+03 1.415457506662718412e+00
5.885099192643802780e+03 1.128812555522653138e+00
5.885133798379923064e+03 1.399466982528871695e+00
5.885168304099466695e+03 1.721646431744151551e+00
5.885202809819008507e+03 1.584246372519988233e+00
5.885237415555129701e+03 1.143026354752739060e+00
5.885271921274672422e+03 1.357417826473201083e+00
5.885306426994214235e+03 1.275688480900207367e+00
5.885340932713757866e+03 9.280426413976902156e-01
5.885375438433300587e+03 9.268581581285164628e-01
5.885410044169420871e+03 8.682262363044122022e-01
5.885444549888963593e+03 1.286348830322771697e+00
5.885479055608507224e+03 9.304116079360379432e-01
5.885513561328049036e+03 4.660941664198993140e-01
5.885548067047591758e+03 6.733787385253183766e-01
5.885582572767133570e+03 1.063073734083506139e+00
5.885617078486677201e+03 6.289606159312999267e-01
5.885651584206219923e+03 1.330766952916790036e+00
5.885686089925761735e+03 1.155463429079064186e+00
5.885720595645304456e+03 1.420195439739413645e+00
5.885755101364847178e+03 1.127628072253479496e+00
5.885789607084389900e+03 1.420195439739413645e+00
5.885824112803932621e+03 1.486526502813147799e+00
5.885858618523475343e+03 9.458098904352976177e-01
5.885893124243018065e+03 7.349718685223570747e-01
5.885927629962559877e+03 1.247853124074622455e+00
5.885962135682102598e+03 1.369854900799526209e+00
5.885996641401646229e+03 1.006810778797749384e+00
5.886031147121188042e+03 9.546935149541012633e-01
5.886065652840730763e+03 1.249629848978383251e+00
5.886100158560272575e+03 1.291679005034053862e+00
5.886134664279816207e+03 8.623038199585431052e-01
5.886169169999358928e+03 1.003849570624814946e+00
5.886203575702322269e+03 1.594314480307965631e+00
5.886238081421865900e+03 9.546935149541012633e-01
5.886272587141407712e+03 1.566479123482380720e+00
5.886307092860950434e+03 3.061889250814332497e-01
5.886341598580493155e+03 8.101865561148948736e-01
5.886376004283457405e+03 9.629848978383180880e-01
5.886410510003000127e+03 1.026946994373704403e+00
5.886445015722542848e+03 1.069588392063962168e+00
5.886479521442085570e+03 1.205803968018951622e+00
5.886513927145048910e+03 1.029908202546639062e+00
5.886548432864592542e+03 9.724607639917086654e-01
5.886582938584134354e+03 9.541012733195143314e-01
5.886617344287098604e+03 1.336689369262659133e+00
5.886651850006642235e+03 9.925969795676635732e-01
5.886686255709605575e+03 1.077879774948178770e+00
5.886720761429148297e+03 9.227124666864080504e-01
5.886755267148691019e+03 9.203435001480604338e-01
5.886789672851655268e+03 7.254960023689664972e-01
5.886824178571197081e+03 8.575658868818477609e-01
5.886858584274162240e+03 1.542197216464317400e+00
5.886893089993704052e+03 5.460467870891323461e-01
5.886927495696669212e+03 8.214391471720462468e-01
5.886962001416211024e+03 1.110453064850458915e+00
5.886996407119175274e+03 9.535090316849273995e-01
5.887030912838718905e+03 1.044714243411311916e+00
5.887065318541682245e+03 1.546342907906425923e+00
5.887099824261225876e+03 8.990228013029315512e-01
5.887134229964189217e+03 1.349126443588984259e+00
5.887168735683731938e+03 1.238969499555818699e+00
5.887203141386696188e+03 1.325436778205507871e+00
5.887237547089660438e+03 1.109860823215871983e+00
5.887272052809203160e+03 1.081433224755700362e+00
5.887306458512167410e+03 1.275096239265620435e+00
5.887340964231709222e+03 1.254367782055078484e+00
5.887375369934674382e+03 9.114598756292567883e-01
5.887409775637637722e+03 1.151909979271542817e+00
5.887444281357181353e+03 8.634883032277168580e-01
5.887478687060144694e+03 9.464021320698845496e-01
5.887513092763109853e+03 1.094462540716612420e+00
5.887547498466073193e+03 9.369262659164939722e-01
5.887582004185615915e+03 1.063073734083506139e+00
5.887616409888580165e+03 9.179745336097128172e-01
5.887650815591544415e+03 1.073734083506070469e+00
5.887685221294508665e+03 1.397690257625111121e+00
5.887719626997472915e+03 1.112229789754219711e+00
5.887754132717015636e+03 1.126443588984305633e+00
5.887788538419979886e+03 1.577139472904945272e+00
5.887822944122944136e+03 8.149244891915902178e-01
5.887857349825908386e+03 1.413088540124370684e+00
5.887891755528872636e+03 1.530944625407166138e+00
5.887926161231836886e+03 1.369854900799526209e+00
5.887960566934801136e+03 1.030500444181225994e+00
5.887994972637765386e+03 1.023393544566183033e+00
5.888029378340729636e+03 1.327213503109268666e+00
5.888063784043693886e+03 1.248445365709209387e+00
5.888098189746658136e+03 1.338466094166419929e+00
5.888132595449622386e+03 1.323067811667160143e+00
5.888167001152586636e+03 1.293455729937814658e+00
5.888201406855550886e+03 5.383476458395025643e-01
5.888235812558515136e+03 1.151909979271542817e+00
5.888270218261479386e+03 1.145395321291086788e+00
5.888304623964443635e+03 1.321291086763399569e+00
5.888339029667406976e+03 9.197512585134735019e-01
5.888373435370371226e+03 1.451584246372519926e+00
5.888407841073335476e+03 1.364524726088244044e+00
5.888442246776299726e+03 9.760142137992300349e-01
5.888476652479263976e+03 8.954693514954101818e-01
5.888511058182228226e+03 1.121113414273023468e+00
5.888545363868614004e+03 7.308261770802487733e-01
5.888579769571579163e+03 1.093278057447438556e+00
5.888614175274542504e+03 7.426710097719869674e-01
5.888648580977507663e+03 6.242226828546046935e-01
5.888682986680471004e+03 9.629848978383180880e-01
5.888717292366856782e+03 8.167012140953509025e-01
5.888751698069821032e+03 5.448623038199585933e-01
5.888786103772785282e+03 8.907314184187148376e-01
5.888820409459171970e+03 1.013325436778205413e+00
5.888854815162135310e+03 5.869114598756292045e-01
5.888889220865100469e+03 4.702398578620077263e-01
5.888923526551485338e+03 7.438554930411608312e-01
5.888957932254450498e+03 7.308261770802487733e-01
5.888992337957413838e+03 7.557003257328990253e-01
5.889026643643799616e+03 1.196328101865561155e+00
5.889061049346763866e+03 5.803968018951731755e-01
5.889095455049728116e+03 1.212318625999407651e+00
5.889129760736114804e+03 1.229493633402428232e+00
5.889164166439078144e+03 1.503701510216168158e+00
5.889198472125464832e+03 7.912348238081137186e-01
5.889232877828428173e+03 1.219425525614450612e+00
5.889267183514813951e+03 1.539236008291382962e+00
5.889301589217779110e+03 8.936926265916493861e-01
5.889335894904163979e+03 1.129404797157240070e+00
5.889370300607129138e+03 6.331063073734083391e-01
5.889404606293514917e+03 9.854900799526207233e-01
5.889439011996478257e+03 5.952028427598460292e-01
5.889473317682864945e+03 7.509623926562036811e-01
5.889507723385828285e+03 6.224459579508438978e-01
5.889542029072214973e+03 4.785312407462244400e-01
5.889576334758600751e+03 5.270950547823511911e-01
5.889610740461564092e+03 4.483269173822919673e-01
5.889645046147950779e+03 8.018951732306781599e-01
5.889679351834336558e+03 8.131477642878294221e-01
5.889713757537300808e+03 9.872668048563814081e-01
5.889748063223686586e+03 7.432632514065738993e-01
5.889782368910072364e+03 3.968018951732306676e-01
5.889816774613036614e+03 4.364820846905537732e-01
5.889851080299422392e+03 4.424045010364228703e-01
5.889885385985808171e+03 5.614450695883920206e-01
5.889919691672193949e+03 6.615339058335800715e-01
5.889954097375158199e+03 6.165235416049748007e-01
5.889988403061543977e+03 5.561148948771098555e-01
5.890022708747929755e+03 3.121113414273023468e-01
5.890057014434315533e+03 6.923304708320995315e-01
5.890091320120702221e+03 4.299674267100977443e-01
5.890125625807087090e+03 4.204915605567071113e-01
5.890160031510052249e+03 6.733787385253183766e-01
5.890194337196437118e+03 5.875037015102161364e-01
5.890228642882822896e+03 3.867337873852531582e-01
5.890262948569209584e+03 7.882736156351791701e-01
5.890297254255595362e+03 3.375777317145395306e-01
5.890331559941980231e+03 6.875925377554041873e-01
5.890365865628366919e+03 4.702398578620077263e-01
5.890400171314752697e+03 2.984897838318033569e-01
5.890434477001137566e+03 6.265916493929523101e-01
5.890468782687524254e+03 1.818181818181818232e-01
5.890503088373910032e+03 6.402132069884512999e-01
5.890537394060295810e+03 4.909683150725496215e-01
5.890571699746681588e+03 1.427302339354456495e-01
5.890606005433067367e+03 2.765768433520876535e-01
5.890640311119453145e+03 2.487414865265027974e-02
5.890674616805839833e+03 3.671898134438851269e-01
5.890708922492224701e+03 1.788569736452472747e-01
5.890743228178611389e+03 3.168492745039976355e-01
5.890777533864997167e+03 8.652650281314776537e-01
5.890811739534804474e+03 1.088540124370743323e+00
5.890846045221189343e+03 1.734083506070476677e+00
5.890880350907576030e+03 2.582765768433521014e+00
5.890914656593961809e+03 3.527983417234231478e+00
5.890948962280347587e+03 3.385845424933372705e+00
5.890983167950154893e+03 2.896653834764583824e+00
5.891017473636540672e+03 1.616819662422268378e+00
5.891051779322926450e+03 7.213503109268581959e-01
5.891086085009313138e+03 8.777021024578027797e-01
5.891120290679119535e+03 6.775244299674266779e-01
5.891154596365505313e+03 6.846313295824696388e-01
5.891188902051892001e+03 1.001480604086467219e+00
5.891223107721699307e+03 8.546046787089132124e-01
5.891257413408085085e+03 4.797157240153983038e-01
5.891291719094470864e+03 4.033165531536866966e-01
5.891325924764278170e+03 4.465501924785312271e-01
5.891360230450663948e+03 6.319218241042344753e-01
5.891394536137050636e+03 1.433224755700325703e+00
5.891428741806857943e+03 1.037607343796268955e+00
5.891463047493242811e+03 4.548415753627479963e-01
5.891497253163050118e+03 4.216760438258809751e-01
5.891531558849436806e+03 5.928338762214984126e-01
5.891565764519244112e+03 7.799822327509623454e-01
5.891600070205629891e+03 1.150725496002368953e+00
5.891634275875437197e+03 9.760142137992300349e-01
5.891668581561822975e+03 1.253775540420491552e+00
5.891702787231630282e+03 7.906425821735267867e-01
5.891737092918016060e+03 9.073141841871483759e-01
5.891771298587824276e+03 7.829434409238970050e-01
5.891805604274210054e+03 1.150725496002368953e+00
5.891839809944017361e+03 1.493633402428190760e+00
5.891874115630403139e+03 1.076695291679005129e+00
5.891908321300210446e+03 1.862599940775836460e+00
5.891942526970017752e+03 9.369262659164939722e-01
5.891976832656403531e+03 1.303523837725792056e+00
5.892011038326211747e+03 1.642878294344092494e+00
5.892045243996019053e+03 5.561148948771098555e-01
5.892079549682403922e+03 1.083802191294047867e+00
5.892113755352211228e+03 1.109268581581285273e+00
5.892147961022019444e+03 6.864080544862304345e-01
5.892182166691826751e+03 1.378146283683743034e+00
5.892216472378212529e+03 8.368374296713059213e-01
5.892250678048019836e+03 8.824400355344981239e-01
5.892284883717828052e+03 1.025762511104530539e+00
5.892319089387635358e+03 1.402428190701806354e+00
5.892353395074021137e+03 1.089132366005330255e+00
5.892387600743827534e+03 1.227124666864080504e+00
5.892421806413635750e+03 1.054782351199289314e+00
5.892456012083443056e+03 1.399466982528871695e+00
5.892490217753250363e+03 9.090909090909090606e-01
5.892524423423057669e+03 1.072549600236896605e+00
5.892558629092865885e+03 1.509031684927450323e+00
5.892592834762673192e+03 5.969795676636067139e-01
5.892627140449058970e+03 9.321883328397986279e-01
5.892661346118866277e+03 8.510512289013917320e-01
5.892695551788674493e+03 8.694107195735860660e-01
5.892729757458481799e+03 6.804856381403612264e-01
5.892763963128289106e+03 1.057151317737637042e+00
5.892798168798096413e+03 1.172638436482084767e+00
5.892832374467902810e+03 1.238377257921231767e+00
5.892866580137711026e+03 1.243707432632514154e+00
5.892900785807518332e+03 1.377554042049156102e+00
5.892934991477325639e+03 1.368078175895765414e+00
5.892969097130554474e+03 1.177968611193366932e+00
5.893003302800361780e+03 1.093278057447438556e+00
5.893037508470169996e+03 8.788865857269766435e-01
5.893071714139977303e+03 1.307077287533313648e+00
5.893105919809784609e+03 7.699141249629849471e-01
5.893140125479591916e+03 5.762511104530648742e-01
5.893174331149400132e+03 1.075510808409831265e+00
5.893208536819207438e+03 1.368078175895765414e+00
5.893242642472436273e+03 1.205211726384364912e+00
5.893276848142243580e+03 1.211726384364820941e+00
5.893311053812050886e+03 9.061297009179745121e-01
5.893345259481859102e+03 9.233047083209949824e-01
5.893379365135087937e+03 1.400651465798045558e+00
5.893413570804895244e+03 1.389991116375481228e+00
5.893447776474702550e+03 1.363932484453657112e+00
5.893481982144509857e+03 1.346757477050636753e+00
5.893516087797738692e+03 1.620965353864376679e+00
5.893550293467546908e+03 5.383476458395025643e-01
5.893584499137354214e+03 8.190701806336985191e-01
5.893618604790583049e+03 1.159016878886585777e+00
5.893652810460390356e+03 1.145395321291086788e+00
5.893686916113619191e+03 9.475866153390583024e-01
5.893721121783427407e+03 9.108676339946698564e-01
5.893755327453234713e+03 1.103938406870002886e+00
5.893789433106463548e+03 1.064258217352680003e+00
5.893823638776270855e+03 1.469943737044714149e+00
5.893857744429499689e+03 1.468759253775540508e+00
5.893891950099306996e+03 1.760142137992300793e+00
5.893926055752536740e+03 1.183298785904649097e+00
5.893960261422344047e+03 1.407166123778501587e+00
5.893994367075573791e+03 1.006810778797749384e+00
5.894028572745381098e+03 6.034942256440627428e-01
5.894062678398609933e+03 8.682262363044122022e-01
5.894096884068417239e+03 1.237785016286645057e+00
5.894130989721646074e+03 1.139472904945217691e+00
5.894165195391454290e+03 1.535090316849274439e+00
5.894199301044683125e+03 8.510512289013917320e-01
5.894233406697911960e+03 1.297009179745336027e+00
5.894267612367719266e+03 1.198697068403908883e+00
5.894301718020948101e+03 1.208172934557299349e+00
5.894335823674176936e+03 1.042937518507551120e+00
5.894370029343984243e+03 1.490672194255256100e+00
5.894404134997213987e+03 8.735564110156943674e-01
5.894438240650443731e+03 1.371039384068700073e+00
5.894472446320251038e+03 1.549896357713947292e+00
5.894506551973479873e+03 1.011548711874444839e+00
5.894540657626708708e+03 9.357417826473201083e-01
5.894574763279937542e+03 1.110453064850458915e+00
5.894608868933166377e+03 1.018655611489487800e+00
5.894643074602974593e+03 8.155167308261770387e-01
5.894677180256203428e+03 1.563517915309446282e+00
5.894711285909432263e+03 7.308261770802487733e-01
5.894745391562662007e+03 6.449511400651465332e-01
5.894779497215890842e+03 7.770210245780277969e-01
5.894813602869119677e+03 1.596683446846313359e+00
5.894847808538926984e+03 4.293751850755108124e-01
5.894881914192155818e+03 1.417234231566479208e+00
5.894916019845384653e+03 6.692330470832099643e-01
5.894950125498614398e+03 1.146579804560260651e+00
5.894984231151844142e+03 1.157832395617411914e+00
5.895018336805072977e+03 1.070180633698549100e+00
5.895052442458301812e+03 9.760142137992300349e-01
5.895086548111530647e+03 1.109268581581285273e+00
5.895120653764759481e+03 9.997038791827065340e-01
5.895154759417988316e+03 1.155463429079064186e+00
5.895188865071217151e+03 1.418418714835652850e+00
5.895222970724446895e+03 8.587503701510216247e-01
5.895257076377675730e+03 9.387029908202546569e-01
5.895291182030904565e+03 1.257921231862599853e+00
5.895325287684134310e+03 7.681374000592241513e-01
5.895359293320785582e+03 6.360675155463428876e-01
5.895393398974014417e+03 7.645839502517026709e-01
5.895427504627243252e+03 8.842167604382588086e-01
5.895461610280472087e+03 1.410127331951436247e+00
5.895495715933700922e+03 6.935149541012732843e-01
5.895529821586929756e+03 9.973349126443589174e-01
5.895563927240158591e+03 9.771986970684038987e-01
5.895597932876809864e+03 7.894580989043529229e-01
5.895632038530038699e+03 8.931003849570624542e-01
5.895666144183267534e+03 6.538347645839502897e-01
5.895700249836496369e+03 5.685519692034349815e-01
5.895734255473147641e+03 4.548415753627479963e-01
5.895768361126376476e+03 7.284572105419010457e-01
5.895802466779606220e+03 7.243115190997927444e-01
5.895836472416256584e+03 4.702398578620077263e-01
5.895870578069486328e+03 6.331063073734083391e-01
5.895904683722715163e+03 3.174415161385845674e-01
5.895938689359365526e+03 7.811667160201362092e-01
5.895972795012594361e+03 1.113414273023393575e+00
5.896006900665823196e+03 1.087947882736156391e+00
5.896040906302474468e+03 4.068700029612081770e-01
5.896075011955703303e+03 3.032277169084986457e-01
5.896109017592353666e+03 3.227716908498667325e-01
5.896143123245583411e+03 6.413976902576251637e-01
5.896177128882233774e+03 6.259994077583653782e-01
5.896211234535462609e+03 4.696476162274207944e-01
5.896245240172113881e+03 4.939295232454841700e-01
5.896279345825342716e+03 4.471424341131181590e-01
5.896313351461993079e+03 4.589872668048564086e-01
5.896347457115221914e+03 1.142434113118152128e+00
5.896381462751873187e+03 4.429967426710097467e-01
5.896415568405102022e+03 6.840390879478827069e-01
5.896449574041752385e+03 7.782055078472016607e-01
5.896483679694981220e+03 4.252294936334024555e-01
5.896517685331632492e+03 9.209357417826473657e-01
5.896551690968282855e+03 4.151613858454249462e-01
5.896585796621511690e+03 7.527391175599644768e-01
5.896619802258162963e+03 4.578027835356825448e-01
5.896653807894813326e+03 1.806336985490079872e-01
5.896687913548042161e+03 6.360675155463428876e-01
5.896721919184693434e+03 9.250814332247556671e-01
5.896755924821343797e+03 5.620373112229789525e-01
5.896790030474572632e+03 9.446254071661237539e-01
5.896824036111222995e+03 1.837133550488599276e+00
5.896858041747874267e+03 2.560852827953805200e+00
5.896892047384524631e+03 2.223867337873852712e+00
5.896926053021175903e+03 2.551376961800414733e+00
5.896960158674404738e+03 2.412792419307077108e+00
5.896994164311055101e+03 1.718092981936630181e+00
5.897028169947706374e+03 1.019840094758661442e+00
5.897062175584356737e+03 1.571217056559076175e+00
5.897096181221007100e+03 8.942848682262363180e-01
5.897130186857658373e+03 1.018063369854900868e+00
5.897164292510887208e+03 8.149244891915902178e-01
5.897198298147537571e+03 6.751554634290790613e-01
5.897232303784188844e+03 7.249037607343796763e-01
5.897266309420839207e+03 8.018951732306781599e-01
5.897300315057489570e+03 9.452176488007106858e-01
5.897334320694140843e+03 1.083209949659461158e+00
5.897368326330791206e+03 8.931003849570624542e-01
5.897402331967442478e+03 8.931003849570624542e-01
5.897436337604092842e+03 9.973349126443589174e-01
5.897470343240743205e+03 1.254960023689665416e+00
5.897504348877394477e+03 1.070180633698549100e+00
5.897538354514044840e+03 1.105715131773763682e+00
5.897572360150695204e+03 1.032277169084986568e+00
5.897606365787346476e+03 1.147172046194847583e+00
5.897640271407418368e+03 1.099792715427894585e+00
5.897674277044069640e+03 1.052413384660941587e+00
5.897708282680720004e+03 1.034646135623334295e+00
5.897742288317371276e+03 8.936926265916493861e-01
5.897776293954021639e+03 1.096239265620373216e+00
5.897810299590672003e+03 1.015694403316553140e+00
5.897844305227323275e+03 5.892804264139769321e-01
5.897878210847395167e+03 1.121705655907610399e+00
5.897912216484046439e+03 8.350607047675451255e-01
5.897946222120696802e+03 7.521468759253775449e-01
5.897980227757347166e+03 1.366301450992004840e+00
5.898014133377419057e+03 1.241338466094166426e+00
5.898048139014070330e+03 1.278649689073141804e+00
5.898082144650720693e+03 1.088540124370743323e+00
5.898116150287371056e+03 9.920047379330766413e-01
5.898150055907443857e+03 1.460467870891323683e+00
5.898184061544094220e+03 7.592537755404205058e-01
5.898218067180745493e+03 1.097423748889546857e+00
5.898251972800817384e+03 1.364524726088244044e+00
5.898285978437468657e+03 1.220017767249037544e+00
5.898319884057540548e+03 1.304708320994965920e+00
5.898353889694191821e+03 1.021616819662422238e+00
5.898387895330842184e+03 1.408942848682262383e+00
5.898421800950914076e+03 1.389398874740894296e+00
5.898455806587564439e+03 9.890435297601420928e-01
5.898489712207637240e+03 1.014509920047379277e+00
5.898523717844287603e+03 1.398282499259698053e+00
5.898557623464360404e+03 1.309446254071661153e+00
5.898591629101010767e+03 7.716908498667456318e-01
5.898625534721083568e+03 1.111045306485045847e+00
5.898659540357733931e+03 1.167900503405389312e+00
5.898693445977806732e+03 7.053597867930115894e-01
5.898727451614457095e+03 7.361563517915309385e-01
5.898761357234529896e+03 1.033461652354160432e+00
5.898795262854600878e+03 1.121705655907610399e+00
5.898829268491252151e+03 1.070772875333135810e+00
5.898863174111324042e+03 1.089132366005330255e+00
5.898897079731396843e+03 1.671898134438851047e+00
5.898931085368047206e+03 1.083802191294047867e+00
5.898964990988120007e+03 1.106899615042937546e+00
5.898998896608191899e+03 8.812555522653242601e-01
5.899032902244843172e+03 1.067219425525614440e+00
5.899066807864915063e+03 9.594314480307966075e-01
5.899100713484986954e+03 9.333728161089724917e-01
5.899134619105059755e+03 8.285460467870890966e-01
5.899168624741710119e+03 1.112229789754219711e+00
5.899202530361782919e+03 1.058335801006810684e+00
5.899236435981854811e+03 7.663606751554634666e-01
5.899270341601927612e+03 1.331359194551376968e+00
5.899304347238577975e+03 1.344980752146875957e+00
5.899338252858650776e+03 9.215279834172341866e-01
5.899372158478721758e+03 5.555226532425229236e-01
5.899406064098794559e+03 8.303227716908498923e-01
5.899439969718867360e+03 9.618004145691442242e-01
5.899473875338939251e+03 1.072549600236896605e+00
5.899507780959012052e+03 9.659461060112526365e-01
5.899541686579083944e+03 1.145395321291086788e+00
5.899575592199155835e+03 5.827657684335209032e-01
5.899609497819228636e+03 1.184483269173822835e-03
5.899643403439300528e+03 8.303227716908498923e-01
5.899677309059373329e+03 1.006810778797749384e+00
5.899711214679445220e+03 8.137400059224163540e-01
5.899745120299518021e+03 1.159609120521172709e+00
5.899779025919590822e+03 1.054190109564702382e+00
5.899812931539661804e+03 1.553449807521468662e+00
5.899846837159734605e+03 9.132366005330174730e-01
5.899880742779806496e+03 1.186852235712170467e+00
5.899914648399879297e+03 1.034053893988747364e+00
5.899948554019952098e+03 1.310630737340835017e+00
5.899982459640023990e+03 1.312999703879182745e+00
5.900016365260095881e+03 1.193959135327213428e+00
5.900050270880168682e+03 1.053597867930115450e+00
5.900084076483662102e+03 1.151909979271542817e+00
5.900117982103734903e+03 1.286348830322771697e+00
5.900151887723807704e+03 7.622149837133550543e-01
5.900185793343879595e+03 1.148356529464021225e+00
5.900219698963951487e+03 9.689073141841871850e-01
5.900253504567445816e+03 1.458691145987562887e+00
5.900287410187517708e+03 7.231270358306188806e-01
5.900321315807590508e+03 1.304116079360378988e+00
5.900355221427662400e+03 1.546935149541012633e+00
5.900389027031155820e+03 1.025170269469943829e+00
5.900422932651228621e+03 1.436185963873260363e+00
5.900456838271300512e+03 1.003257328990228014e+00
5.900490643874794841e+03 1.492448919159016896e+00
5.900524549494867642e+03 9.890435297601420928e-01
5.900558455114939534e+03 1.433816997334912635e+00
5.900592260718432954e+03 1.023393544566183033e+00
5.900626166338505755e+03 1.407758365413088519e+00
5.900659971942000084e+03 1.204619484749777980e+00
5.900693877562071975e+03 1.096831507254959925e+00
5.900727783182143867e+03 1.062481492448919207e+00
5.900761588785638196e+03 7.811667160201362092e-01
5.900795494405710087e+03 8.232158720758069315e-01
5.900829300009204417e+03 3.346165235416049821e-01
5.900863205629277218e+03 1.214687592537755378e+00
5.900897011232770637e+03 7.432632514065738993e-01
5.900930916852842529e+03 1.241338466094166426e+00
5.900964722456336858e+03 1.025170269469943829e+00
5.900998528059831187e+03 7.782055078472016607e-01
5.901032433679903079e+03 9.860823215872075442e-01
5.901066239283396499e+03 8.794788273615634644e-01
5.901100144903469300e+03 8.534201954397394596e-01
5.901133950506963629e+03 1.086763399466982527e+00
5.901167756110457049e+03 8.498667456322179792e-01
5.901201661730528940e+03 1.037607343796268955e+00
5.901235467334023269e+03 1.037607343796268955e+00
5.901269272937517599e+03 2.534794196031981084e+00
5.901303178557589490e+03 1.370447142434113141e+00
5.901336984161082910e+03 1.294047971572401590e+00
5.901370789764577239e+03 1.424341131181522169e+00
5.901404695384650040e+03 1.649392952324548522e+00
5.901438500988143460e+03 1.725199881551673142e+00
5.901472306591636880e+03 1.944329286348830399e+00
5.901506112195131209e+03 1.550488599348534224e+00
5.901539917798625538e+03 1.964465501924785418e+00
5.901573823418697430e+03 1.183298785904649097e+00
5.901607629022191759e+03 1.482973053005626207e+00
5.901641434625685179e+03 1.597275688480900291e+00
5.901675240229179508e+03 1.138288421676043827e+00
5.901709045832672928e+03 9.647616227420787727e-01
5.901742851436167257e+03 8.948771098608232499e-01
5.901776657039661586e+03 1.331359194551376968e+00
5.901810562659733478e+03 1.560556707136511623e+00
5.901844368263226897e+03 1.179153094462540796e+00
5.901878173866721227e+03 1.565886881847794010e+00
5.901911979470215556e+03 1.473497186852235741e+00
5.901945785073709885e+03 1.958543085578916099e+00
5.901979590677202395e+03 1.380515250222090540e+00
5.902013396280696725e+03 1.712762807225348016e+00
5.902047201884191054e+03 2.102457802783535890e+00
5.902081007487684474e+03 1.436778205507847295e+00
5.902114813091178803e+03 1.030500444181225994e+00
5.902148618694673132e+03 1.204619484749777980e+00
5.902182324281588080e+03 1.000296120817293355e+00
5.902216129885081500e+03 1.041753035238377256e+00
5.902249935488575829e+03 1.574178264732010613e+00
5.902283741092070159e+03 1.175599644655019205e+00
5.902317546695563578e+03 1.343796268877702094e+00
5.902351352299057908e+03 1.638140361267397038e+00
5.902385157902552237e+03 8.972460763991708665e-01
5.902418863489467185e+03 1.352087651761918918e+00
5.902452669092960605e+03 8.848090020728457405e-01
5.902486474696454934e+03 1.038791827065442597e+00
5.902520280299948354e+03 1.258513473497186785e+00
5.902554085903442683e+03 1.381107491856677472e+00
5.902587791490358541e+03 1.161385845424933283e+00
5.902621597093851960e+03 1.328990228013029240e+00
5.902655402697346290e+03 1.144803079656499856e+00
5.902689108284262147e+03 1.611489487710985991e+00
5.902722913887756476e+03 1.596683446846313359e+00
5.902756719491248987e+03 1.645839502517026931e+00
5.902790425078164844e+03 1.116967722830914944e+00
5.902824230681659174e+03 1.167308261770802380e+00
5.902858036285152593e+03 1.401243707432632490e+00
5.902891741872068451e+03 1.735267989339650541e+00
5.902925547475562780e+03 7.438554930411608312e-01
5.902959353079056200e+03 9.694995558187740059e-01
5.902993058665972057e+03 1.084394432928634799e+00
5.903026864269466387e+03 1.355641101569440288e+00
5.903060569856381335e+03 1.763103346165235452e+00
5.903094375459875664e+03 1.760734379626887725e+00
5.903128081046790612e+03 1.978087059520284186e+00
5.903161886650284032e+03 1.827657684335208810e+00
5.903195592237199889e+03 1.848386141545750760e+00
5.903229397840694219e+03 2.000000000000000000e+00
5.903263103427609167e+03 1.415457506662718412e+00
5.903296909031103496e+03 1.370447142434113141e+00
5.903330614618018444e+03 1.603198104826769388e+00
5.903364320204934302e+03 1.448623038199585489e+00
5.903398125808428631e+03 1.684335208765176173e+00
5.903431831395343579e+03 1.667752442996742746e+00
5.903465536982259437e+03 1.202250518211430252e+00
5.903499342585753766e+03 8.397986378442404698e-01
5.903533048172668714e+03 1.412496298489783753e+00
5.903566753759584572e+03 1.439147172046194800e+00
5.903600559363078901e+03 1.374592833876221443e+00
5.903634264949993849e+03 1.367485934261178482e+00
5.903667970536909706e+03 1.381699733491264404e+00
5.903701776140403126e+03 1.504293751850755090e+00
5.903735481727318984e+03 1.547527391175599565e+00
5.903769187314234841e+03 9.612081729345572922e-01
5.903802892901149789e+03 1.554634290790642526e+00
5.903836598488065647e+03 1.353864376665679492e+00
5.903870404091559976e+03 1.240746224459579494e+00
5.903904109678474924e+03 1.504293751850755090e+00
5.903937815265390782e+03 1.620965353864376679e+00
5.903971520852305730e+03 1.383476458395025199e+00
5.904005226439221587e+03 1.059520284275984547e+00
5.904038932026136536e+03 1.798045602605863102e+00
5.904072637613052393e+03 1.375777317145395306e+00
5.904106343199968251e+03 8.842167604382588086e-01
5.904140048786883199e+03 1.170269469943737040e+00
5.904173854390377528e+03 1.041160793603790324e+00
5.904207559977293386e+03 1.407758365413088519e+00
5.904241265564208334e+03 1.440331655315368664e+00
5.904274971151124191e+03 1.652354160497482960e+00
5.904308676738039139e+03 1.378146283683743034e+00
5.904342382324954997e+03 1.368670417530352346e+00
5.904375987895292383e+03 1.046490968315072490e+00
5.904409693482208240e+03 1.645839502517026931e+00
5.904443399069124098e+03 1.375777317145395306e+00
5.904477104656039046e+03 1.211134142730234009e+00
5.904510810242954904e+03 1.204027243115191048e+00
5.904544515829869852e+03 1.135327213503109167e+00
5.904578221416785709e+03 1.371631625703287005e+00
5.904611927003701567e+03 1.156647912348238050e+00
5.904645632590616515e+03 8.090020728457210097e-01
5.904679238160953901e+03 1.358010068107788015e+00
5.904712943747868849e+03 1.287533313591945561e+00
5.904746649334785616e+03 1.691442108380219134e+00
5.904780354921700564e+03 1.330766952916790036e+00
5.904814060508616421e+03 1.586615339058335739e+00
5.904847666078952898e+03 7.314184187148357053e-01
5.904881371665868755e+03 1.109860823215871983e+00
5.904915077252784613e+03 7.106899615042937546e-01
5.904948782839699561e+03 1.217056559076103106e+00
5.904982388410036947e+03 1.146579804560260651e+00
5.905016093996951895e+03 1.183891027539236029e+00
5.905049799583867753e+03 8.131477642878294221e-01
5.905083405154205138e+03 1.383476458395025199e+00
5.905117110741120996e+03 1.516138584542493284e+00
5.905150716311457472e+03 1.440923896949955596e+00
5.905184421898373330e+03 8.131477642878294221e-01
5.905218127485289187e+03 1.391767841279242024e+00
5.905251733055625664e+03 1.233047083209949601e+00
5.905285438642541521e+03 1.250222090612970183e+00
5.905319044212878907e+03 1.565294640213207078e+00
5.905352749799794765e+03 1.588984305596683466e+00
5.905386355370131241e+03 1.352087651761918918e+00
5.905420060957047099e+03 1.295232454841575453e+00
5.905453666527383575e+03 9.771986970684038987e-01
5.905487372114299433e+03 1.237785016286645057e+00
5.905520977684636819e+03 1.140657388214391554e+00
5.905554683271552676e+03 1.288125555226532493e+00
5.905588288841889153e+03 9.049452176488007593e-01
5.905621994428805010e+03 1.500148060408646788e+00
5.905655599999141486e+03 1.047083209949659421e+00
5.905689205569479782e+03 1.642286052709505562e+00
5.905722911156394730e+03 1.217648800710690038e+00
5.905756516726732116e+03 1.213503109268581515e+00
5.905790122297068592e+03 1.677228309150133212e+00
5.905823827883984450e+03 1.909387029908202527e+00
