5.877017667374242592e+03 8.450938684916304844e-01
5.877052470632884251e+03 8.806066771478775479e-01
5.877087373900891180e+03 8.761675760658467205e-01
5.877122177159532839e+03 8.843059280495699781e-01
5.877157080427539768e+03 8.839360029594006685e-01
5.877191883686181427e+03 9.005826320170166044e-01
5.877226786954187446e+03 8.822713400536391637e-01
5.877261590212829105e+03 8.785720891519467335e-01
5.877296493480836034e+03 8.469434939424766995e-01
5.877331296739477693e+03 8.787570516970313328e-01
5.877366200007484622e+03 8.732081753444926875e-01
5.877401003266126281e+03 8.665495237214464463e-01
5.877435806524768850e+03 8.674743364468695539e-01
5.877470709792773960e+03 8.661795986312771367e-01
5.877505513051416528e+03 8.733931378895773978e-01
5.877540416319422548e+03 8.547119208360307585e-01
5.877575219578065116e+03 8.645149357255156319e-01
5.877610022836707685e+03 8.737630629797465964e-01
5.877644826095349345e+03 8.524923702950152338e-01
5.877679729363356273e+03 8.754277258855082122e-01
5.877714532621997932e+03 8.608156848238232017e-01
5.877749335880640501e+03 8.556367335614537550e-01
5.877784239148645611e+03 8.495329695736613118e-01
5.877819042407288180e+03 8.415795801350226535e-01
5.877853845665929839e+03 8.567465088319615729e-01
5.877888648924572408e+03 8.665495237214464463e-01
5.877923452183214977e+03 8.665495237214464463e-01
5.877958255441856636e+03 8.706186997133080752e-01
5.877993158709863565e+03 8.565615462868768626e-01
5.878027961968505224e+03 8.493480070285767125e-01
5.878062765227147793e+03 8.343660408767225034e-01
5.878097568485789452e+03 8.201239249052066915e-01
5.878132371744432021e+03 8.236382132618145224e-01
5.878167175003074590e+03 8.095810598353833099e-01
5.878201978261716249e+03 8.162397114584296620e-01
5.878236781520358818e+03 8.360307037824840082e-01
5.878271584779000477e+03 8.460186812170535919e-01
5.878306388037643046e+03 8.696938869878849676e-01
5.878341191296285615e+03 8.817164524183852548e-01
5.878375994554927274e+03 9.081660963654859531e-01
5.878410797813569843e+03 9.124202349024322922e-01
5.878445601072211502e+03 9.412743919356330036e-01
5.878480404330854071e+03 9.549616202718949065e-01
5.878515207589496640e+03 9.610653842596874608e-01
5.878550010848138299e+03 9.468232682881716489e-01
5.878584814106780868e+03 9.642097475261259820e-01
5.878619617365422528e+03 9.625450846203643662e-01
5.878654420624065096e+03 9.651345602515490896e-01
5.878689223882707665e+03 9.592157588088412457e-01
5.878723927131984965e+03 9.771571256820493767e-01
5.878758730390627534e+03 9.346157403125866514e-01
5.878793533649270103e+03 9.240728752427633808e-01
5.878828336907911762e+03 8.952187182095625584e-01
5.878863140166554331e+03 8.615555350041617100e-01
5.878897843415832540e+03 8.584111717377230777e-01
5.878932646674474199e+03 8.558216961065384654e-01
5.878967449933116768e+03 8.482382317580690057e-01
5.879002253191759337e+03 8.783871266068621342e-01
5.879036956441036637e+03 8.987330065661703893e-01
5.879071759699679205e+03 9.312864145010635308e-01
5.879106562958321774e+03 9.699435864237492266e-01
5.879141266207599983e+03 1.006936095440673196e+00
5.879176069466242552e+03 1.032830851752520207e+00
5.879210872724885121e+03 1.043188754277258878e+00
5.879245575974162421e+03 1.065569222232497948e+00
5.879280379232804989e+03 1.048367705539628325e+00
5.879315182491447558e+03 1.041154166281327953e+00
5.879349885740724858e+03 1.005086469989826981e+00
5.879384688999367427e+03 9.873300656617035598e-01
5.879419392248645636e+03 9.457134930176639420e-01
5.879454195507287295e+03 9.053916581892166304e-01
5.879488898756565504e+03 8.924442800332932357e-01
5.879523702015208073e+03 8.624803477295847065e-01
5.879558405264487192e+03 8.474983815777304974e-01
5.879593208523128851e+03 8.471284564875612988e-01
5.879627911772407060e+03 8.384352168685841322e-01
5.879662715031049629e+03 8.415795801350226535e-01
5.879697418280327838e+03 8.182742994543604764e-01
5.879732221538969497e+03 8.082863220197910037e-01
5.879766924788247707e+03 8.044021085730139742e-01
5.879801628037526825e+03 7.866457042448904424e-01
5.879836431296168485e+03 7.890502173309904554e-01
5.879871134545446694e+03 7.546471839452510988e-01
5.879905937804089262e+03 7.428095810598354110e-01
5.879940641053367472e+03 7.374456672523813650e-01
5.879975344302645681e+03 7.527975584944048837e-01
5.880010147561287340e+03 7.609359104781281413e-01
5.880044850810566459e+03 7.531674835845740823e-01
5.880079554059844668e+03 7.481734948672893459e-01
5.880114257309122877e+03 7.711088504577823244e-01
5.880149060567764536e+03 7.627855359289743564e-01
5.880183763817042745e+03 7.860908166096365335e-01
5.880218467066321864e+03 8.075464718394524954e-01
5.880253170315600073e+03 8.376953666882456240e-01
5.880287873564878282e+03 8.661795986312771367e-01
5.880322676823519942e+03 9.015074447424396009e-01
5.880357380072798151e+03 9.362804032183482672e-01
5.880392083322077269e+03 9.529270322759640921e-01
5.880426786571355478e+03 9.950984925552575078e-01
5.880461489820632778e+03 1.024877462313881438e+00
5.880496193069910987e+03 1.035235364838620109e+00
5.880530896319190106e+03 1.045593267363359002e+00
5.880565599568468315e+03 1.033385739387773894e+00
5.880600402827110884e+03 1.011190233977619535e+00
5.880635106076388183e+03 9.697586238786645163e-01
5.880669809325666392e+03 9.494127439193563722e-01
5.880704512574945511e+03 9.118653472671783833e-01
5.880739215824223720e+03 8.915194673078701282e-01
5.880773919073501929e+03 8.915194673078701282e-01
5.880808622322780138e+03 8.957736058448164673e-01
5.880843325572058347e+03 9.357255155830944693e-01
5.880877928811972197e+03 9.586608711735873367e-01
5.880912632061250406e+03 1.001017293997965352e+00
5.880947335310529525e+03 1.039674465920651159e+00
5.880982038559807734e+03 1.086469989827060001e+00
5.881016741809085943e+03 1.125312124294830296e+00
5.881051445058364152e+03 1.150467030426338688e+00
5.881086148307642361e+03 1.158975307500231144e+00
5.881120851556920570e+03 1.177286599463608585e+00
5.881155454796834420e+03 1.160455007860908161e+00
5.881190158046113538e+03 1.141588828262276811e+00
5.881224861295391747e+03 1.095348191991121878e+00
5.881259564544669956e+03 1.051512068806066846e+00
5.881294267793948165e+03 1.036900027744381836e+00
5.881328871033862924e+03 1.000462406362711443e+00
5.881363574283140224e+03 9.945436049200037099e-01
5.881398277532418433e+03 9.902894663830574817e-01
5.881432980781697552e+03 9.950984925552575078e-01
5.881467584021611401e+03 1.016924072875242668e+00
5.881502287270889610e+03 1.019143623416258304e+00
5.881536990520168729e+03 1.021363173957273718e+00
5.881571593760082578e+03 1.021548136502358206e+00
5.881606297009360787e+03 1.034865439748450910e+00
5.881641000258638996e+03 1.049662443355220631e+00
5.881675603498553755e+03 1.044483492092851185e+00
5.881710306747831055e+03 1.030056413576250884e+00
5.881744909987745814e+03 1.049662443355220631e+00
5.881779613237024023e+03 1.044853417183020383e+00
5.881814216476938782e+03 1.052621844076574442e+00
5.881848919726216991e+03 1.052806806621659153e+00
5.881883522966130840e+03 1.039859428465735647e+00
5.881918226215409959e+03 1.052806806621659153e+00
5.881952829455323808e+03 1.066863960048090254e+00
5.881987532704602927e+03 1.047627855359289706e+00
5.882022135944516776e+03 1.071857948765374990e+00
5.882056839193794985e+03 1.084620364376213786e+00
5.882091442433709744e+03 1.091094053454175539e+00
5.882126145682987953e+03 1.103486543974845135e+00
5.882160748922902712e+03 1.136039951909738388e+00
5.882195352162816562e+03 1.124942199204661097e+00
5.882230055412094771e+03 1.133450476278553554e+00
5.882264658652009530e+03 1.131970775917876537e+00
5.882299361901286829e+03 1.126051974475168693e+00
5.882333965141201588e+03 1.147137704614815457e+00
5.882368568381116347e+03 1.128271525016184329e+00
5.882403171621031106e+03 1.122167761028391775e+00
5.882437874870308406e+03 1.120133173032460849e+00
5.882472478110222255e+03 1.113289558864329898e+00
5.882507081350137014e+03 1.110700083233145286e+00
5.882541684590051773e+03 1.095163229446037167e+00
5.882576387839329982e+03 1.114954221770091625e+00
5.882610991079243831e+03 1.084250439286044587e+00
5.882645594319158590e+03 1.071857948765374990e+00
5.882680197559073349e+03 1.069638398224359577e+00
5.882714800798988108e+03 1.070563210949782684e+00
5.882749504048265408e+03 1.038379728105058630e+00
5.882784107288180167e+03 1.045038379728105093e+00
5.882818710528094925e+03 1.033015814297604695e+00
5.882853313768009684e+03 1.023212799408119933e+00
5.882887917007923534e+03 1.039859428465735647e+00
5.882922520247838293e+03 1.035790252473874018e+00
5.882957123487752142e+03 1.036345140109127927e+00
5.882991726727666901e+03 1.051142143715897426e+00
5.883026329967580750e+03 1.046518080088782110e+00
5.883060933207495509e+03 1.046888005178951309e+00
5.883095536447409359e+03 1.052436881531489954e+00
5.883130139687324117e+03 1.048552668084712813e+00
5.883164742927237967e+03 1.049662443355220631e+00
5.883199346167152726e+03 1.057430870248774690e+00
5.883233949407066575e+03 1.051881993896236045e+00
5.883268552646981334e+03 1.070193285859613486e+00
5.883303155886895183e+03 1.063904559326736443e+00
5.883337759126809942e+03 1.050032368445389830e+00
5.883372362366723792e+03 1.057985757884028377e+00
5.883406965606638551e+03 1.060390270970128501e+00
5.883441568846552400e+03 1.077961712753167545e+00
5.883476072077103709e+03 1.090724128364006340e+00
5.883510675317018467e+03 1.107925645056875963e+00
5.883545278556932317e+03 1.121057985757883957e+00
5.883579881796847076e+03 1.136224914454822876e+00
5.883614485036760925e+03 1.165448996578192897e+00
5.883648988267311324e+03 1.178396374734116403e+00
5.883683591507226083e+03 1.174697123832423973e+00
5.883718194747139933e+03 1.163784333672431393e+00
5.883752797987054691e+03 1.159900120225654252e+00
5.883787301217605091e+03 1.142513640987699919e+00
5.883821904457519850e+03 1.115509109405345312e+00
5.883856507697433699e+03 1.072597798945713388e+00
5.883891010927984098e+03 1.056321094978266872e+00
5.883925614167898857e+03 1.037639877924720233e+00
5.883960217407812706e+03 9.932488671044114037e-01
5.883994720638363106e+03 9.997225561823730455e-01
5.884029323878277864e+03 9.817811893091649145e-01
5.884063827108828264e+03 9.876999907518727584e-01
5.884098430348743022e+03 9.938037547396652016e-01
5.884133033588656872e+03 1.033755664477943315e+00
5.884167536819207271e+03 1.048367705539628325e+00
5.884202140059122030e+03 1.106815869786368367e+00
5.884236643289671520e+03 1.127161749745676511e+00
5.884271246529586278e+03 1.188014427078516677e+00
5.884305749760137587e+03 1.213724220845278756e+00
5.884340353000051437e+03 1.227411449181540659e+00
5.884374856230601836e+03 1.251456580042541455e+00
5.884409459470516595e+03 1.251826505132710654e+00
5.884443962701066084e+03 1.232220475353740907e+00
5.884478465931617393e+03 1.192268565615462794e+00
5.884513069171532152e+03 1.171922685656154650e+00
5.884547572402081641e+03 1.134745214094145860e+00
5.884582175641996400e+03 1.083325626560621480e+00
5.884616678872546800e+03 1.059465458244705394e+00
5.884651182103097199e+03 1.035790252473874018e+00
5.884685785343011958e+03 1.024877462313881438e+00
5.884720288573562357e+03 1.014519559789142766e+00
5.884754791804112756e+03 1.006381207805419509e+00
5.884789395044026605e+03 1.043003791732174168e+00
5.884823898274577004e+03 1.079811338204013760e+00
5.884858401505128313e+03 1.108295570147045161e+00
5.884892904735678712e+03 1.151761768241930994e+00
5.884927507975592562e+03 1.201886617959863068e+00
5.884962011206142961e+03 1.247387404050679827e+00
5.884996514436694270e+03 1.257190418940164589e+00
5.885031017667243759e+03 1.290483677055396239e+00
5.885065520897794158e+03 1.309719781744196787e+00
5.885100024128344558e+03 1.302321279940811927e+00
5.885134627368258407e+03 1.318597983908258664e+00
5.885169130598809716e+03 1.268288171645241880e+00
5.885203633829360115e+03 1.193193378340885902e+00
5.885238137059910514e+03 1.141218903172107613e+00
5.885272640290460913e+03 1.089614353093498522e+00
5.885307143521011312e+03 1.024877462313881438e+00
5.885341646751561711e+03 9.975030056413576318e-01
5.885376149982112111e+03 9.714232867844261321e-01
5.885410653212663419e+03 9.440488301119023262e-01
5.885445156443213818e+03 9.307315268658096219e-01
5.885479659673763308e+03 9.316563395912327294e-01
5.885514162904313707e+03 9.081660963654859531e-01
5.885548666134865016e+03 9.244428003329325794e-01
5.885583169365415415e+03 9.275871635993711006e-01
5.885617672595964905e+03 9.148247479885323052e-01
5.885652175826515304e+03 9.105706094515860771e-01
5.885686679057066613e+03 9.074262461851475559e-01
5.885721182287617012e+03 9.187089614353093348e-01
5.885755685518167411e+03 9.177841487098862272e-01
5.885790088739354360e+03 9.508924442800332777e-01
5.885824591969903850e+03 9.860353278461111426e-01
5.885859095200454249e+03 1.043373716822343367e+00
5.885893598431005557e+03 1.062424858966059427e+00
5.885928101661555957e+03 1.084435401831129298e+00
5.885962504882741996e+03 1.108665495237214360e+00
5.885997008113293305e+03 1.111439933413483683e+00
5.886031511343842794e+03 1.132525663553130446e+00
5.886066014574393193e+03 1.126606862110422602e+00
5.886100417795580142e+03 1.131600850827707339e+00
5.886134921026130542e+03 1.119948210487376361e+00
5.886169424256680941e+03 1.098677517802644887e+00
5.886203927487231340e+03 1.106630907241283657e+00
5.886238330708418289e+03 1.105706094515860549e+00
5.886272833938967779e+03 1.121982798483307064e+00
5.886307237160155637e+03 1.132710626098215156e+00
5.886341740390705127e+03 1.150836955516507887e+00
5.886376243621255526e+03 1.171367798020900741e+00
5.886410646842442475e+03 1.181170812910385726e+00
5.886445150072992874e+03 1.187274576898178058e+00
5.886479553294179823e+03 1.235919726255433337e+00
5.886514056524730222e+03 1.241653565153056471e+00
5.886548559755280621e+03 1.254415980763895266e+00
5.886582962976467570e+03 1.260889669841857019e+00
5.886617466207017060e+03 1.261444557477110928e+00
5.886651869428203099e+03 1.271432534911680401e+00
5.886686372658754408e+03 1.281790437436419072e+00
5.886720775879940447e+03 1.251456580042541455e+00
5.886755179101127396e+03 1.226671599001202262e+00
5.886789682331677795e+03 1.219088134652732913e+00
5.886824085552863835e+03 1.200221955054101564e+00
5.886858588783415144e+03 1.184685101266993446e+00
5.886892992004601183e+03 1.178396374734116403e+00
5.886927395225788132e+03 1.187089614353093570e+00
5.886961898456338531e+03 1.183390363451401139e+00
5.886996301677524571e+03 1.175252011467677882e+00
5.887030704898711519e+03 1.194118191066309009e+00
5.887065208129261919e+03 1.211319707759178854e+00
5.887099611350448868e+03 1.219088134652732913e+00
5.887134014571634907e+03 1.227966336816794568e+00
5.887168517802185306e+03 1.247572366595764315e+00
5.887202921023372255e+03 1.267918246555072681e+00
5.887237324244558295e+03 1.262924257837787945e+00
5.887271727465745244e+03 1.246092666235087298e+00
5.887306230696295643e+03 1.236289651345602536e+00
5.887340633917482592e+03 1.203921205955793994e+00
5.887375037138668631e+03 1.174327198742254774e+00
5.887409440359855580e+03 1.171182835475816253e+00
5.887443843581041619e+03 1.143808378803292225e+00
5.887478246802228568e+03 1.160455007860908161e+00
5.887512650023414608e+03 1.165079071488023699e+00
5.887547153253965007e+03 1.176176824193100989e+00
5.887581556475151956e+03 1.198557292148340059e+00
5.887615959696337995e+03 1.227041524091371461e+00
5.887650362917524944e+03 1.230555812447979180e+00
5.887684766138710984e+03 1.228336261906963767e+00
5.887719169359897933e+03 1.245167853509664191e+00
5.887753572581083972e+03 1.206510681586978606e+00
5.887787975802270921e+03 1.195043003791732117e+00
5.887822379023456961e+03 1.170258022750393145e+00
5.887856782244643910e+03 1.151946730787015705e+00
5.887891185465829949e+03 1.155461019143623425e+00
5.887925588687016898e+03 1.152316655877184903e+00
5.887959991908202937e+03 1.141403865717192323e+00
5.887994395129389886e+03 1.141403865717192323e+00
5.888028698341213385e+03 1.122722648663645684e+00
5.888063101562399424e+03 1.136594839544992075e+00
5.888097504783586373e+03 1.108665495237214360e+00
5.888131908004772413e+03 1.104041431610099044e+00
5.888166311225959362e+03 1.110885045778229996e+00
5.888200714447145401e+03 1.123832423934153280e+00
5.888235117668332350e+03 1.134930176639230570e+00
5.888269420880154030e+03 1.162119670766669666e+00
5.888303824101340979e+03 1.148802367520577183e+00
5.888338227322527018e+03 1.176546749283270188e+00
5.888372630543713967e+03 1.179136224914454800e+00
5.888406933755536556e+03 1.156385831869046532e+00
5.888441336976723505e+03 1.149357255155830870e+00
5.888475740197909545e+03 1.141588828262276811e+00
5.888510043409732134e+03 1.119208360307037742e+00
5.888544446630919083e+03 1.087024877462313910e+00
5.888578849852105122e+03 1.050402293535559028e+00
5.888613153063928621e+03 1.041339128826412663e+00
5.888647556285114661e+03 1.015999260149819561e+00
5.888681959506301610e+03 9.891796911125496639e-01
5.888716262718124199e+03 9.766022380467955788e-01
5.888750665939310238e+03 9.749375751410339630e-01
5.888784969151132827e+03 9.710533616942569335e-01
5.888819372372318867e+03 9.629150097105335648e-01
5.888853775593506725e+03 9.766022380467955788e-01
5.888888078805328405e+03 1.003236844538980765e+00
5.888922482026515354e+03 1.013039859428465750e+00
5.888956785238337943e+03 1.053731619347082260e+00
5.888991188459523983e+03 1.081476001109775265e+00
5.889025491671347481e+03 1.108480532692129872e+00
5.889059894892533521e+03 1.120318135577545560e+00
5.889094198104356110e+03 1.149912142791084779e+00
5.889128501316178699e+03 1.160455007860908161e+00
5.889162904537364739e+03 1.141588828262276811e+00
5.889197207749188237e+03 1.126606862110422602e+00
5.889231610970375186e+03 1.104596319245352731e+00
5.889265914182196866e+03 1.059465458244705394e+00
5.889300217394019455e+03 1.014889484879311965e+00
5.889334620615205495e+03 9.721631369647646403e-01
5.889368923827028993e+03 9.109405345417552757e-01
5.889403227038851583e+03 8.513825950245075269e-01
5.889437630260037622e+03 7.733284009987977381e-01
5.889471933471860211e+03 7.178396374734116181e-01
5.889506236683683710e+03 6.288726532877092490e-01
5.889540539895506299e+03 5.646906501433459624e-01
5.889574943116692339e+03 4.618514750762970356e-01
5.889609246328514928e+03 3.788032923333025104e-01
5.889643549540337517e+03 3.081476001109775265e-01
5.889677852752160106e+03 2.454452973272912286e-01
5.889712155963982696e+03 2.110422639415518442e-01
5.889746459175806194e+03 1.764542680107278327e-01
5.889780862396992234e+03 1.720151669286969498e-01
5.889815165608814823e+03 1.685008785720891467e-01
5.889849468820637412e+03 1.598076389531120078e-01
5.889883772032460001e+03 1.222602423009340605e-01
5.889918075244282591e+03 1.059835383334874620e-01
5.889952378456105180e+03 9.747526125959493637e-02
5.889986681667927769e+03 9.396097290298714710e-02
5.890020984879750358e+03 1.045038379728105010e-01
5.890055288091572947e+03 1.305835568297419869e-01
5.890089591303396446e+03 1.500046240636271067e-01
5.890123894515218126e+03 2.012392490520669430e-01
5.890158197727040715e+03 2.652362896513456025e-01
5.890192500938864214e+03 3.582724498289096560e-01
5.890226804150685894e+03 4.198649773420882192e-01
5.890261107362508483e+03 4.722093776010358179e-01
5.890295410574331981e+03 4.810875797650975838e-01
5.890329713786154571e+03 4.302228798668269460e-01
5.890364016997976250e+03 3.651160639970406074e-01
5.890398320209799749e+03 2.998242855821696140e-01
5.890432523412257979e+03 2.820678812540460823e-01
5.890466826624080568e+03 3.506889854804401963e-01
5.890501129835903157e+03 4.925552575603440175e-01
5.890535433047725746e+03 6.540275594192176412e-01
5.890569736259548336e+03 7.947840562286137001e-01
5.890604039471371834e+03 9.105706094515860771e-01
5.890638242673829154e+03 9.494127439193563722e-01
5.890672545885652653e+03 9.827060020345880220e-01
5.890706849097475242e+03 1.040229353555904845e+00
5.890741152309297831e+03 1.079256450568759851e+00
5.890775355511756970e+03 1.103671506519929624e+00
5.890809658723578650e+03 1.145103116618884753e+00
5.890843961935401239e+03 1.143253491168038538e+00
5.890878165137860378e+03 1.178396374734116403e+00
5.890912468349682968e+03 1.168593359844631419e+00
5.890946771561505557e+03 1.178766299824285602e+00
5.890980974763963786e+03 1.171182835475816253e+00
5.891015277975787285e+03 1.160085082770738962e+00
5.891049481178245514e+03 1.146397854434477059e+00
5.891083784390069013e+03 1.125867011930084205e+00
5.891118087601890693e+03 1.102746693794506516e+00
5.891152290804348922e+03 1.068158697863682560e+00
5.891186594016172421e+03 1.057430870248774690e+00
5.891220797218630651e+03 1.070563210949782684e+00
5.891255100430454149e+03 1.074817349486729023e+00
5.891289303632912379e+03 1.105151206880606640e+00
5.891323606844734968e+03 1.123462498843984081e+00
5.891357810047193198e+03 1.138259502450753802e+00
5.891392113259015787e+03 1.156755756959215731e+00
5.891426316461474926e+03 1.181725700545639413e+00
5.891460519663934065e+03 1.206510681586978606e+00
5.891494822875756654e+03 1.252196430222879853e+00
5.891529026078215793e+03 1.281975399981503783e+00
5.891563329290037473e+03 1.333579950060112873e+00
5.891597532492495702e+03 1.364838620179413597e+00
5.891631735694954841e+03 1.383889762323129657e+00
5.891666038906777430e+03 1.405900305188199306e+00
5.891700242109236569e+03 1.427725885508184689e+00
5.891734445311695708e+03 1.443817626930546494e+00
5.891768648514153938e+03 1.484324424304078516e+00
5.891802951725975618e+03 1.476001109775270548e+00
5.891837154928434757e+03 1.494682326828817187e+00
5.891871358130893896e+03 1.495237214464071096e+00
5.891905561333352125e+03 1.475631184685101349e+00
5.891939864545175624e+03 1.451031166188846866e+00
5.891974067747633853e+03 1.393877739757699130e+00
5.892008270950092992e+03 1.334874687875705179e+00
5.892042474152551222e+03 1.281605474891334584e+00
5.892076677355010361e+03 1.242023490243225670e+00
5.892110880557468590e+03 1.190049015074447381e+00
5.892145183769291179e+03 1.169333210024970038e+00
5.892179386971749409e+03 1.178211412189031693e+00
5.892213590174208548e+03 1.181910663090724123e+00
5.892247793376667687e+03 1.178581337279200891e+00
5.892281996579125916e+03 1.217238509201886698e+00
5.892316199781585055e+03 1.268843059280495789e+00
5.892350402984043285e+03 1.321742347174697185e+00
5.892384606186502424e+03 1.341718302043836131e+00
5.892418809388960653e+03 1.367613058355682920e+00
5.892453012591419792e+03 1.398131878294645247e+00
5.892487215793878931e+03 1.442522889114954188e+00
5.892521418996337161e+03 1.456765005086470000e+00
5.892555622198796300e+03 1.478960510496624359e+00
5.892589825401254529e+03 1.487283825025432327e+00
5.892624028603713668e+03 1.484324424304078516e+00
5.892658231806171898e+03 1.538333487468787508e+00
5.892692334999266677e+03 1.525201146767779514e+00
5.892726538201725816e+03 1.510589105706094504e+00
5.892760741404184046e+03 1.492092851197632575e+00
5.892794944606642275e+03 1.425136409876999855e+00
5.892829147809101414e+03 1.391658189216683716e+00
5.892863351011559644e+03 1.317118283547581647e+00
5.892897454204654423e+03 1.272542310182187997e+00
5.892931657407113562e+03 1.199667067418847655e+00
5.892965860609571791e+03 1.154166281328031118e+00
5.893000063812030930e+03 1.144178303893461646e+00
5.893034167005125710e+03 1.128271525016184329e+00
5.893068370207583939e+03 1.144178303893461646e+00
5.893102573410043078e+03 1.156015906778877333e+00
5.893136776612502217e+03 1.140294090446684505e+00
5.893170879805596087e+03 1.128826412651438016e+00
5.893205083008055226e+03 1.106260982151114458e+00
5.893239286210514365e+03 1.078146675298252033e+00
5.893273389403609144e+03 1.043373716822343367e+00
5.893307592606067374e+03 1.024322574678627529e+00
5.893341695799163062e+03 1.000092481272542244e+00
5.893375899001622201e+03 9.749375751410339630e-01
5.893410002194716071e+03 9.466383057430870496e-01
5.893444205397175210e+03 9.344307777675020521e-01
5.893478408599634349e+03 9.079811338204013538e-01
5.893512511792728219e+03 8.929991676685471447e-01
5.893546714995187358e+03 8.774623138814390266e-01
5.893580818188282137e+03 8.865254785905853918e-01
5.893615021390740367e+03 8.695089244428003683e-01
5.893649124583835146e+03 8.600758346434846935e-01
5.893683227776929925e+03 8.746878757051697040e-01
5.893717430979389064e+03 8.656247109960233388e-01
5.893751534172483844e+03 8.648848608156848305e-01
5.893785737374942073e+03 8.619254600943309086e-01
5.893819840568036852e+03 8.824563025987237630e-01
5.893854043770495991e+03 8.639600480902617230e-01
5.893888146963589861e+03 8.652547859058540292e-01
5.893922250156685550e+03 8.719134375289003813e-01
5.893956453359143779e+03 8.746878757051697040e-01
5.893990556552239468e+03 8.839360029594006685e-01
5.894024659745334247e+03 8.778322389716082252e-01
5.894058762938428117e+03 8.733931378895773978e-01
5.894092966140887256e+03 8.756126884305928115e-01
5.894127069333982035e+03 8.870803662258393008e-01
5.894161172527076815e+03 8.831961527790622712e-01
5.894195275720171594e+03 8.835660778692314699e-01
5.894229478922629824e+03 9.089059465458244613e-01
5.894263582115724603e+03 9.275871635993711006e-01
5.894297685308820292e+03 9.527420697308794928e-01
5.894331788501915071e+03 9.594007213539258450e-01
5.894365891695009850e+03 9.740127624156108554e-01
5.894399994888103720e+03 9.864052529362804522e-01
5.894434198090562859e+03 9.930639045593266934e-01
5.894468301283657638e+03 9.930639045593266934e-01
5.894502404476752417e+03 9.930639045593266934e-01
5.894536507669848106e+03 9.999075187274576448e-01
5.894570610862942885e+03 9.695736613335799170e-01
5.894604714056036755e+03 9.675390733376491026e-01
5.894638817249131534e+03 9.605104966244335518e-01
5.894672920442226314e+03 9.564413206325719230e-01
5.894707023635321093e+03 9.606954591695181511e-01
5.894741126828416782e+03 9.557014704522334148e-01
5.894775230021511561e+03 9.518172570054563852e-01
5.894809333214605431e+03 9.673541107925645033e-01
5.894843436407700210e+03 9.647646351613797799e-01
5.894877539600794989e+03 9.878849532969573577e-01
5.894911642793889769e+03 9.980578932766115408e-01
5.894945745986984548e+03 9.791917136779801911e-01
5.894979749170715877e+03 9.938037547396652016e-01
5.895013852363810656e+03 1.003976694719319385e+00
5.895047955556905436e+03 1.015074447424396453e+00
5.895082058750000215e+03 1.011190233977619535e+00
5.895116161943094994e+03 1.014334597244058056e+00
5.895150265136189773e+03 1.021178211412189007e+00
5.895184268319920193e+03 1.029501525940996975e+00
5.895218371513014972e+03 1.026727087764727653e+00
5.895252474706109751e+03 1.017109035420327379e+00
5.895286577899205440e+03 9.849255525756034357e-01
5.895320581082935860e+03 9.716082493295107314e-01
5.895354684276030639e+03 9.296217515953019150e-01
5.895388787469125418e+03 8.970683436604087735e-01
5.895422890662220198e+03 8.536021455655229406e-01
5.895456893845951527e+03 7.701840377323592168e-01
5.895490997039046306e+03 7.115509109405345756e-01
5.895525100232140176e+03 6.227688892999168058e-01
5.895559103415872414e+03 5.404605567372606778e-01
5.895593206608966284e+03 4.383612318505502592e-01
5.895627209792697613e+03 3.549431240173864799e-01
5.895661312985791483e+03 2.865069823360769652e-01
5.895695416178886262e+03 2.574678627577915435e-01
5.895729419362617591e+03 2.496994358642374845e-01
5.895763522555712370e+03 2.373069453435679155e-01
5.895797525739442790e+03 2.064182003144363342e-01
5.895831628932537569e+03 1.784888560066586471e-01
5.895865632116268898e+03 1.411264218995653408e-01
5.895899735309363678e+03 1.117173772311107066e-01
5.895933738493094097e+03 1.087579765097567708e-01
5.895967841686189786e+03 1.156015906778877222e-01
5.896001844869920205e+03 1.265143808378803303e-01
5.896035848053650625e+03 1.525940996948118022e-01
5.896069951246746314e+03 2.030888745029131581e-01
5.896103954430476733e+03 2.620919263849070813e-01
5.896138057623571513e+03 3.562378618329788416e-01
5.896172060807301932e+03 4.674003514288356809e-01
5.896206063991034171e+03 5.578470359752150110e-01
5.896240167184128040e+03 6.042726347914547658e-01
5.896274170367859369e+03 5.972440580782391040e-01
5.896308173551590698e+03 5.304725793026912051e-01
5.896342276744684568e+03 4.596319245352816218e-01
5.896376279928415897e+03 3.854619439563488625e-01
5.896410283112147226e+03 3.616017756404328320e-01
5.896444286295877646e+03 4.461296587441043182e-01
5.896478389488972425e+03 5.996485711643392280e-01
5.896512392672703754e+03 7.452140941459354240e-01
5.896546395856434174e+03 8.597059095533154949e-01
5.896580399040164593e+03 9.098307592712475689e-01
5.896614402223895922e+03 9.397946915749560981e-01
5.896648405407626342e+03 9.645796726162951806e-01
5.896682508600721121e+03 9.780819384074724843e-01
5.896716511784452450e+03 1.005271432534911691e+00
5.896750514968182870e+03 1.009710533616942518e+00
5.896784518151914199e+03 1.034680477203366422e+00
5.896818521335645528e+03 1.044483492092851185e+00
5.896852524519375947e+03 1.047072967724035797e+00
5.896886527703107276e+03 1.067233885138259453e+00
5.896920530886837696e+03 1.073707574216221206e+00
5.896954534070568116e+03 1.068528622953851759e+00
5.896988537254299445e+03 1.096088042171460275e+00
5.897022540438029864e+03 1.092758716359937043e+00
5.897056543621762103e+03 1.110330158142976087e+00
5.897090546805492522e+03 1.102006843614168119e+00
5.897124549989222942e+03 1.105151206880606640e+00
5.897158553172954271e+03 1.120873023212799469e+00
5.897192556356684690e+03 1.123647461389068791e+00
5.897226559540415110e+03 1.131045963192453430e+00
5.897260562724146439e+03 1.099232405437898796e+00
5.897294465898513408e+03 1.083880514195875389e+00
5.897328469082244737e+03 1.052436881531489954e+00
5.897362472265975157e+03 1.038194765559974142e+00
5.897396475449706486e+03 1.002866919448811567e+00
5.897430478633436906e+03 9.856654027559419440e-01
5.897464481817167325e+03 9.662443355220567964e-01
5.897498384991535204e+03 9.286969388698788075e-01
5.897532388175265623e+03 9.544067326366411086e-01
5.897566391358996952e+03 9.396097290298714988e-01
5.897600394542727372e+03 9.495977064644409715e-01
5.897634297717094341e+03 9.377601035790252837e-01
5.897668300900824761e+03 9.370202533986867754e-01
5.897702304084556090e+03 9.477480810135947564e-01
5.897736207258923059e+03 9.229630999722555629e-01
5.897770210442653479e+03 9.379450661241098830e-01
5.897804213626384808e+03 9.359104781281790686e-01
5.897838116800751777e+03 9.409044668454638050e-01
5.897872119984483106e+03 9.508924442800332777e-01
5.897906123168213526e+03 9.577360584481642292e-01
5.897940026342580495e+03 9.751225376861185623e-01
5.897974029526310915e+03 9.832608896698418199e-01
5.898007932700678793e+03 9.852954776657726343e-01
5.898041935884409213e+03 1.012669934338296551e+00
5.898075839058776182e+03 1.028391750670489158e+00
5.898109842242506602e+03 1.024137612133543040e+00
5.898143745416874481e+03 1.057985757884028377e+00
5.898177748600604900e+03 1.055026357162674566e+00
5.898211651774971870e+03 1.055951169888097674e+00
5.898245654958702289e+03 1.056691020068436071e+00
5.898279558133070168e+03 1.060020345879959303e+00
5.898313561316800588e+03 1.065754184777582436e+00
5.898347464491167557e+03 1.029316563395912265e+00
5.898381367665534526e+03 1.007860908166096303e+00
5.898415370849265855e+03 9.915842041986497879e-01
5.898449274023631915e+03 9.734578747803569465e-01
5.898483177197999794e+03 9.455285304725793427e-01
5.898517180381730213e+03 9.312864145010635308e-01
5.898551083556097183e+03 9.388698788495329906e-01
5.898584986730465062e+03 9.257375381485248855e-01
5.898618989914195481e+03 9.240728752427633808e-01
5.898652893088562450e+03 9.322112272264866384e-01
5.898686796262928510e+03 9.495977064644409715e-01
5.898720699437296389e+03 9.568112457227411216e-01
5.898754702621026809e+03 9.483029686488485543e-01
5.898788605795393778e+03 9.409044668454638050e-01
5.898822508969760747e+03 9.569962082678257209e-01
5.898856412144127717e+03 9.473781559234255578e-01
5.898890315318494686e+03 9.076112087302321552e-01
5.898924318502226015e+03 8.955886432997317570e-01
5.898958221676592984e+03 8.728382502543234889e-01
5.898992124850959044e+03 8.354758161472302103e-01
5.899026028025326923e+03 8.153148987330065545e-01
5.899059931199692983e+03 8.134652732821603394e-01
5.899093834374060862e+03 8.140201609174142483e-01
5.899127737548427831e+03 7.847960787940442273e-01
5.899161640722793891e+03 7.801720151669286896e-01
5.899195543897161770e+03 7.714787755479515230e-01
5.899229447071527829e+03 7.613058355682974510e-01
5.899263350245895708e+03 7.568667344862665125e-01
5.899297253420262678e+03 7.651900490150744805e-01
5.899331156594628737e+03 7.626005733838897571e-01
5.899365059768996616e+03 7.670396744659206956e-01
5.899398962943362676e+03 7.609359104781281413e-01
5.899432866117729645e+03 7.489133450476278542e-01
5.899466769292097524e+03 7.720336631832054319e-01
5.899500672466463584e+03 7.829464533431980122e-01
5.899534575640831463e+03 7.918246555072597781e-01
5.899568478815198432e+03 8.127254231018218311e-01
5.899602281980201042e+03 8.201239249052066915e-01
5.899636185154568011e+03 8.291870896143530567e-01
5.899670088328934980e+03 8.302968648848607636e-01
5.899703991503301950e+03 8.341810783316377931e-01
5.899737894677668919e+03 8.504577822990844194e-01
5.899771697842672438e+03 8.610006473689078010e-01
5.899805601017038498e+03 8.726532877092388896e-01
5.899839504191406377e+03 8.968833811153241742e-01
5.899873407365772437e+03 9.203736243410709505e-01
5.899907210530775956e+03 9.201886617959863512e-01
5.899941113705142925e+03 9.301766392305558240e-01
5.899975016879508985e+03 9.532969573661334017e-01
5.900008820044512504e+03 9.636548598908720731e-01
5.900042723218880383e+03 9.682789235179876108e-01
5.900076626393246443e+03 9.725330620549338390e-01
5.900110429558249962e+03 9.784518634976416829e-01
5.900144332732616931e+03 9.978729307315268304e-01
5.900178235906983900e+03 9.950984925552575078e-01
5.900212039071986510e+03 9.947285674650883092e-01
5.900245942246353479e+03 1.006011282715250088e+00
5.900279745411356998e+03 9.899195412928881721e-01
5.900313648585723058e+03 1.033015814297604695e+00
5.900347451750726577e+03 1.024877462313881438e+00
5.900381354925093547e+03 1.027836863035235471e+00
5.900415158090097066e+03 9.954684176454268174e-01
5.900449061264464035e+03 9.745676500508646534e-01
5.900482864429466645e+03 9.218533247017478560e-01
5.900516767603834523e+03 9.042818829187089236e-01
5.900550570768837133e+03 8.796818644224544403e-01
5.900584473943204102e+03 8.580412466475538791e-01
5.900618277108206712e+03 8.558216961065384654e-01
5.900652080273210231e+03 8.617404975492463093e-01
5.900685983447576291e+03 8.711735873485618731e-01
5.900719786612579810e+03 8.802367520577083493e-01
5.900753589777583329e+03 8.861555535004161932e-01
5.900787492951950298e+03 9.090909090909090606e-01
5.900821296116952908e+03 9.040969203736243243e-01
5.900855099281955518e+03 9.283270137797096089e-01
5.900889002456323396e+03 9.384999537593636809e-01
5.900922805621326006e+03 9.486728937390178640e-01
5.900956608786329525e+03 9.327661148617405473e-01
5.900990411951332135e+03 9.216683621566632567e-01
5.901024315125699104e+03 9.140848978081937970e-01
5.901058118290702623e+03 9.316563395912327294e-01
5.901091921455705233e+03 9.318413021363174398e-01
5.901125724620708752e+03 9.266623508739479931e-01
5.901159527785711362e+03 9.209285119763247485e-01
5.901193430960078331e+03 9.177841487098862272e-01
5.901227234125081850e+03 9.003976694719318941e-01
5.901261037290084460e+03 9.155645981688708135e-01
5.901294840455087069e+03 9.011375196522704023e-01
5.901328643620090588e+03 9.190788865254786444e-01
5.901362446785093198e+03 9.340608526773328535e-01
5.901396249950096717e+03 9.335059650420789445e-01
5.901430053115100236e+03 9.632849348007028745e-01
5.901463856280102846e+03 9.671691482474799040e-01
5.901497659445105455e+03 9.786368260427263932e-01
5.901531462610108974e+03 9.875150282067881591e-01
5.901565265775111584e+03 9.923240543789882961e-01
5.901599068940115103e+03 9.804864514935724973e-01
5.901632872105118622e+03 9.810413391288264062e-01
5.901666675270121232e+03 9.886248034772958659e-01
5.901700478435123841e+03 9.605104966244335518e-01
5.901734281600127360e+03 9.364653657634328665e-01
5.901768084765129970e+03 9.410894293905484043e-01
5.901801887930133489e+03 9.468232682881716489e-01
5.901835691095137008e+03 9.664292980671413957e-01
5.901869394250775258e+03 1.009895496162027229e+00
5.901903197415778777e+03 1.022657911772866024e+00
5.901937000580781387e+03 1.061130121150467120e+00
5.901970803745783996e+03 1.068528622953851759e+00
5.902004606910787516e+03 1.065754184777582436e+00
5.902038310066426675e+03 1.088134652732821506e+00
5.902072113231430194e+03 1.108665495237214360e+00
5.902105916396432804e+03 1.118468510126699345e+00
5.902139719561436323e+03 1.110145195597891377e+00
5.902173422717075482e+03 1.112179783593822302e+00
5.902207225882078092e+03 1.109220382872468269e+00
5.902241029047080701e+03 1.096642929806714184e+00
5.902274732202719861e+03 1.102376768704337318e+00
5.902308535367723380e+03 1.087024877462313910e+00
5.902342338532725989e+03 1.072597798945713388e+00
5.902376041688365149e+03 1.072782761490798098e+00
5.902409844853368668e+03 1.089984278183667721e+00
5.902443548009007827e+03 1.079626375658929049e+00
5.902477351174011346e+03 1.052621844076574442e+00
5.902511154339013956e+03 1.046148154998612689e+00
5.902544857494653115e+03 1.043188754277258878e+00
5.902578660659655725e+03 1.025987237584389256e+00
5.902612363815295794e+03 1.022287986682696825e+00
5.902646166980297494e+03 1.005086469989826981e+00
5.902679870135936653e+03 1.005641357625080889e+00
5.902713673300940172e+03 9.888097660223804652e-01
5.902747376456579332e+03 9.830759271247572206e-01
5.902781179621582851e+03 1.003976694719319385e+00
5.902814882777222010e+03 9.952834551003422181e-01
5.902848585932860260e+03 9.982428558216961401e-01
5.902882389097863779e+03 9.875150282067881591e-01
5.902916092253502939e+03 1.003606769629150186e+00
5.902949895418506458e+03 1.008600758346434922e+00
5.902983598574145617e+03 1.016369185239988981e+00
5.903017301729784776e+03 1.028576713215573868e+00
5.903051104894787386e+03 1.037084990289466324e+00
5.903084808050426545e+03 1.052621844076574442e+00
5.903118511206065705e+03 1.063719596781651733e+00
5.903152314371069224e+03 1.071488023675205792e+00
5.903186017526708383e+03 1.096827892351798672e+00
5.903219720682347543e+03 1.104041431610099044e+00
5.903253423837985792e+03 1.071672986220290502e+00
5.903287126993624952e+03 1.072042911310459701e+00
5.903320930158628471e+03 1.040044391010820357e+00
5.903354633314267630e+03 9.538518450013871997e-01
5.903388336469906790e+03 1.001942106723388459e+00
5.903422039625545949e+03 1.023027836863035223e+00
5.903455742781185108e+03 1.016924072875242668e+00
5.903489445936824268e+03 8.654397484509387395e-01
5.903523249101826877e+03 1.018958660871173594e+00
5.903556952257466037e+03 1.029316563395912265e+00
5.903590655413105196e+03 1.038749653195228051e+00
5.903624358568744356e+03 1.017478960510496577e+00
5.903658061724383515e+03 1.042263941551835771e+00
5.903691764880022674e+03 1.043743641912512787e+00
5.903725468035661834e+03 1.038009803014889432e+00
5.903759171191300993e+03 1.020438361231850610e+00
5.903792874346940152e+03 1.015074447424396453e+00
5.903826577502579312e+03 9.897345787478035728e-01
5.903860280658218471e+03 9.893646536576343742e-01
5.903893983813857631e+03 9.651345602515490896e-01
5.903927686969496790e+03 9.799315638583186994e-01
5.903961390125135949e+03 9.734578747803569465e-01
5.903995093280775109e+03 1.011745121612873444e+00
5.904028796436414268e+03 1.013594747063719659e+00
5.904062399582689068e+03 1.030426338666420083e+00
5.904096102738328227e+03 1.050032368445389830e+00
5.904129805893967387e+03 1.057060945158605492e+00
5.904163509049606546e+03 1.082585776380283082e+00
5.904197212205245705e+03 1.097197817441968093e+00
5.904230915360884865e+03 1.107000832331452855e+00
5.904264518507159664e+03 1.089429390548414034e+00
5.904298221662799733e+03 1.082770738925367571e+00
5.904331924818438893e+03 1.104781281790437442e+00
5.904365627974078052e+03 1.104781281790437442e+00
5.904399231120352852e+03 1.092018866179598646e+00
5.904432934275992011e+03 1.095718117081291076e+00
5.904466637431631170e+03 1.093868491630444861e+00
5.904500240577905970e+03 1.097012854896883383e+00
5.904533943733545129e+03 1.101266993433829722e+00
5.904567646889184289e+03 1.067973735318598072e+00
5.904601250035459998e+03 1.069453435679274866e+00
5.904634953191099157e+03 1.049477480810135921e+00
5.904668656346738317e+03 1.008785720891519411e+00
5.904702259493013116e+03 9.701285489688338259e-01
5.904735962648652276e+03 9.423841672061407104e-01
5.904769565794927075e+03 8.954036807546471577e-01
5.904803268950566235e+03 8.802367520577083493e-01
5.904836872096842853e+03 8.606307222787386024e-01
5.904870575252481103e+03 8.432442430407842693e-01
5.904904178398756812e+03 8.197539998150374929e-01
5.904937881554395972e+03 8.180893369092758771e-01
5.904971484700670771e+03 8.164246740035142613e-01
5.905005187856309931e+03 8.216036252658837080e-01
5.905038791002585640e+03 8.526773328400998331e-01
5.905072494158224799e+03 8.626653102746694168e-01
5.905106097304499599e+03 8.946638305743086494e-01
5.905139800460138758e+03 9.079811338204013538e-01
5.905173403606413558e+03 9.379450661241098830e-01
5.905207006752689267e+03 9.318413021363174398e-01
5.905240709908328427e+03 9.161194858041246114e-01
5.905274313054603226e+03 9.155645981688708135e-01
5.905307916200878935e+03 9.190788865254786444e-01
5.905341619356517185e+03 9.016924072875243112e-01
5.905375222502793804e+03 8.628502728197540161e-01
5.905408825649068604e+03 8.639600480902617230e-01
5.905442428795343403e+03 8.560066586516230647e-01
5.905476131950982563e+03 8.493480070285767125e-01
5.905509735097257362e+03 8.277073892536761512e-01
5.905543338243533071e+03 8.513825950245075269e-01
5.905576941389808781e+03 8.421344677702765624e-01
5.905610544536083580e+03 8.683991491722926614e-01
5.905644247691722740e+03 8.691389993526310587e-01
5.905677850837998449e+03 8.837510404143160692e-01
5.905711453984273248e+03 8.957736058448164673e-01
5.905745057130548048e+03 8.892999167668547145e-01
5.905778660276822848e+03 9.144548228983631066e-01
5.905812263423099466e+03 9.127901599926014908e-01
