5.877048914704248091e+03 9.434213445751054028e-01
5.877083717973221610e+03 9.436432216552029795e-01
5.877118521242194220e+03 9.225648990459285326e-01
5.877153424520561202e+03 9.194586199245617930e-01
5.877188227789534722e+03 8.895052141113822808e-01
5.877223031058508241e+03 8.921677390725537560e-01
5.877257834327481760e+03 8.830707787885511140e-01
5.877292737605848743e+03 8.970490348347015530e-01
5.877327540874822262e+03 9.092522742400710456e-01
5.877362344143794871e+03 9.218992678056356915e-01
5.877397147412768390e+03 9.241180386066119024e-01
5.877432050691135373e+03 9.294430885289549638e-01
5.877466853960108892e+03 9.223430219658309559e-01
5.877501657229081502e+03 9.225648990459285326e-01
5.877536460498055021e+03 9.221211448857332682e-01
5.877571263767029450e+03 8.948302640337253422e-01
5.877606067036002059e+03 8.755269580652318417e-01
5.877640870304975579e+03 8.553361437763479236e-01
5.877675773583342561e+03 8.586642999778122398e-01
5.877710576852316080e+03 8.635455957399600369e-01
5.877745380121288690e+03 8.721988018637675255e-01
5.877780183390262209e+03 8.728644331040603666e-01
5.877814986659235728e+03 8.653206123807410943e-01
5.877849789928209248e+03 8.577767916574218221e-01
5.877884593197182767e+03 8.615487020190814027e-01
5.877919396466155376e+03 8.502329709341025499e-01
5.877954199735128896e+03 8.739738185045484720e-01
5.877989003004102415e+03 8.932771244730419724e-01
5.878023806273075934e+03 9.041491013978255609e-01
5.878058609542049453e+03 9.183492345240736876e-01
5.878093412811022063e+03 9.145773241624139960e-01
5.878128116070602118e+03 9.316618593299311746e-01
5.878162919339575637e+03 9.622808963834036389e-01
5.878197722608548247e+03 9.826935877523851337e-01
5.878232525877521766e+03 9.895717772354115649e-01
5.878267329146496195e+03 9.973374750388285248e-01
5.878302132415468805e+03 1.002884402041269052e+00
5.878336935684442324e+03 9.920124251164854634e-01
5.878371638944022379e+03 9.829154648324828214e-01
5.878406442212994989e+03 9.698247171067229111e-01
5.878441245481968508e+03 9.620590193033059512e-01
5.878476048750942027e+03 9.389838029731528701e-01
5.878510852019915546e+03 9.434213445751054028e-01
5.878545555279494693e+03 9.276680718881739063e-01
5.878580358548469121e+03 9.327712447304193910e-01
5.878615161817441731e+03 9.312181051697360212e-01
5.878649865077021786e+03 9.238961615265143257e-01
5.878684668345995306e+03 9.183492345240736876e-01
5.878719471614967915e+03 9.179054803638784232e-01
5.878754174874547971e+03 9.230086532061237969e-01
5.878788978143521490e+03 9.254493010871976955e-01
5.878823781412494100e+03 9.409806966940315043e-01
5.878858484672074155e+03 9.731528733081872273e-01
5.878893287941047674e+03 1.013090747725760021e+00
5.878927991200627730e+03 1.053916130463723011e+00
5.878962794469600340e+03 1.074106944752607040e+00
5.878997597738574768e+03 1.072331928111825983e+00
5.879032300998153914e+03 1.051919236742844488e+00
5.879067104267127434e+03 1.009318837364100219e+00
5.879101807526706580e+03 9.418682050144220330e-01
5.879136610795681008e+03 8.939427557133348134e-01
5.879171314055259245e+03 8.815176392278677442e-01
5.879206117324233674e+03 8.768582205458176349e-01
5.879240820583812820e+03 8.950521411138229189e-01
5.879275523843392875e+03 9.114710450410472564e-01
5.879310327112366394e+03 9.321056134901264389e-01
5.879345030371945541e+03 9.281118260483691706e-01
5.879379833640919969e+03 9.187929886842689520e-01
5.879414536900499115e+03 8.721988018637675255e-01
5.879449240160078261e+03 8.418016418903927489e-01
5.879484043429051781e+03 8.058575549145773342e-01
5.879518746688631836e+03 7.406256933658753594e-01
5.879553449948211892e+03 7.188817395163079604e-01
5.879588253217184501e+03 7.177723541158198550e-01
5.879622956476764557e+03 7.599289993343687488e-01
5.879657659736344613e+03 8.366984690481473752e-01
5.879692463005318132e+03 9.072553805191924114e-01
5.879727166264897278e+03 9.478588861770579355e-01
5.879761869524477333e+03 9.332149988906145444e-01
5.879796572784057389e+03 8.801863767472819511e-01
5.879831376053030908e+03 7.989793654315509031e-01
5.879866079312610054e+03 7.321943643221655584e-01
5.879900782572189200e+03 6.844907921011759155e-01
5.879935485831769256e+03 6.607499445307299935e-01
5.879970189091349312e+03 6.674062569336587369e-01
5.880004892350929367e+03 6.809407588196139116e-01
5.880039595610509423e+03 7.086753938318172130e-01
5.880074398879482032e+03 7.346350122032394570e-01
5.880109102139062088e+03 7.685822054581761265e-01
5.880143805398642144e+03 8.191701797204349322e-01
5.880178508658221290e+03 8.866208120701131179e-01
5.880213211917800436e+03 9.540714444197914146e-01
5.880247915177380492e+03 1.000887508320390529e+00
5.880282618436960547e+03 1.015975149767029073e+00
5.880317321696540603e+03 1.014200133126248016e+00
5.880352024956120658e+03 9.860217439538495610e-01
5.880386728215699804e+03 9.296649656090525404e-01
5.880421431475278951e+03 8.826270246283558496e-01
5.880456134734859006e+03 8.593299312181051919e-01
5.880490837994439062e+03 8.466829376525405459e-01
5.880525541254019117e+03 8.484579542933214924e-01
5.880560244513598263e+03 8.766363434657199472e-01
5.880594847763784855e+03 9.125804304415353618e-01
5.880629551023364911e+03 9.818060794319947160e-01
5.880664254282944057e+03 1.038606611936987001e+00
5.880698957542523203e+03 1.081428888395828736e+00
5.880733660802103259e+03 1.116929221211448775e+00
5.880768364061683315e+03 1.131794985577989854e+00
5.880803067321263370e+03 1.140004437541601856e+00
5.880837670571449053e+03 1.126691812735744369e+00
5.880872373831029108e+03 1.104060350565786663e+00
5.880907077090608254e+03 1.083647659196804947e+00
5.880941780350188310e+03 1.040159751497670371e+00
5.880976383600373993e+03 1.007987574883514537e+00
5.881011086859954048e+03 9.800310627912136585e-01
5.881045790119534104e+03 9.758153982693588135e-01
5.881080393369719786e+03 9.689372087863323824e-01
5.881115096629299842e+03 9.578433547814511062e-01
5.881149799888879897e+03 9.802529398713113462e-01
5.881184403139065580e+03 9.928999334368759921e-01
5.881219106398645636e+03 1.002218770800976211e+00
5.881253809658224782e+03 1.033059684934546363e+00
5.881288412908411374e+03 1.044153538939427639e+00
5.881323116167990520e+03 1.045262924339915633e+00
5.881357819427570575e+03 1.025515864211226980e+00
5.881392422677757168e+03 1.021965830929664865e+00
5.881427125937337223e+03 1.001553139560683370e+00
5.881461729187522906e+03 9.780341690703350244e-01
5.881496432447102961e+03 9.877967605946306184e-01
5.881531035697288644e+03 9.824717106722875570e-01
5.881565738956868699e+03 9.771466607499444956e-01
5.881600342207055292e+03 9.764810295096516546e-01
5.881635045466634438e+03 9.653871755047703784e-01
5.881669648716821030e+03 9.549589527401819433e-01
5.881704251967006712e+03 9.644996671843798497e-01
5.881738955226586768e+03 9.862436210339472487e-01
5.881773558476773360e+03 1.017972043487907596e+00
5.881808261736351596e+03 1.071000665631240301e+00
5.881842864986538189e+03 1.116707344131351309e+00
5.881877468236724781e+03 1.171954737075660002e+00
5.881912171496303927e+03 1.189926780563567821e+00
5.881946774746490519e+03 1.172176614155757690e+00
5.881981377996676201e+03 1.152207676946971349e+00
5.882016081256256257e+03 1.113822942090082035e+00
5.882050684506441939e+03 1.068560017750166402e+00
5.882085287756628531e+03 1.060128688706456712e+00
5.882119991016208587e+03 1.069891280230752084e+00
5.882154594266394270e+03 1.094963390281783910e+00
5.882189197516579952e+03 1.120257377412913202e+00
5.882223800766766544e+03 1.153095185267361877e+00
5.882258404016952227e+03 1.162635899711559784e+00
5.882293107276532282e+03 1.155313956068338088e+00
5.882327710526718874e+03 1.151098291546483354e+00
5.882362313776904557e+03 1.105391613046372346e+00
5.882396917027091149e+03 1.050809851342356271e+00
5.882431520277276832e+03 9.995562458398047356e-01
5.882466123527462514e+03 9.846904814732637679e-01
5.882500726777650016e+03 9.740403816285777561e-01
5.882535430037229162e+03 9.669403150654537482e-01
5.882570033287414844e+03 9.729309962280896507e-01
5.882604636537601436e+03 9.667184379853560605e-01
5.882639239787787119e+03 9.656090525848679551e-01
5.882673843037974621e+03 9.955624583980474673e-01
5.882708446288160303e+03 9.973374750388285248e-01
5.882743049538345986e+03 9.962280896383403084e-01
5.882777652788532578e+03 9.933436875970712565e-01
5.882812256038718260e+03 1.010428222764588435e+00
5.882846859288904852e+03 1.013090747725760021e+00
5.882881462539090535e+03 1.042600399378744269e+00
5.882916065789277127e+03 1.060572442866651866e+00
5.882950669039462809e+03 1.100066563124029395e+00
5.882985172280255028e+03 1.119147992012425208e+00
5.883019775530441621e+03 1.102729088085200759e+00
5.883054378780627303e+03 1.072331928111825983e+00
5.883088982030813895e+03 1.039272243177279842e+00
5.883123585280999578e+03 1.034390947415132045e+00
5.883158188531185260e+03 1.035722209895717727e+00
5.883192791781372762e+03 1.057244286665187438e+00
5.883227295022164981e+03 1.071222542711337988e+00
5.883261898272350663e+03 1.081872642556023889e+00
5.883296501522537255e+03 1.095629021522076751e+00
5.883331104772722938e+03 1.105613490126470033e+00
5.883365608013515157e+03 1.083869536276902634e+00
5.883400211263701749e+03 1.084757044597293163e+00
5.883434814513887432e+03 1.075216330153095257e+00
5.883469417764074024e+03 1.050366097182161118e+00
5.883503921004867152e+03 1.042156645218548894e+00
5.883538524255052835e+03 1.023740847570445922e+00
5.883573127505239427e+03 1.009762591524295594e+00
5.883607630746031646e+03 9.924561792766807278e-01
5.883642233996217328e+03 9.900155313956068293e-01
5.883676737237009547e+03 9.795873086310183941e-01
5.883711340487196139e+03 9.911249167960949347e-01
5.883745943737381822e+03 9.904592855558020936e-01
5.883780446978174950e+03 1.001996893720878523e+00
5.883815050228361542e+03 1.005103172842245485e+00
5.883849553469153761e+03 1.013312624805857487e+00
5.883884156719339444e+03 1.025515864211226980e+00
5.883918659960131663e+03 1.030397159973374777e+00
5.883953263210318255e+03 1.082538273796316730e+00
5.883987766451111384e+03 1.116485467051253622e+00
5.884022369701297066e+03 1.136010650099844588e+00
5.884056872942089285e+03 1.185711116041712865e+00
5.884091476192275877e+03 1.194808076325715618e+00
5.884125979433068096e+03 1.187486132682493922e+00
5.884160482673861225e+03 1.163301530951852625e+00
5.884195085924047817e+03 1.138451297980918486e+00
5.884229589164840036e+03 1.111604171289105825e+00
5.884264192415025718e+03 1.078100732194364308e+00
5.884298695655817937e+03 1.047703572220989532e+00
5.884333198896610156e+03 1.019303305968493500e+00
5.884367802146797658e+03 9.744841357887730204e-01
5.884402305387589877e+03 9.622808963834036389e-01
5.884436808628382096e+03 9.376525404925670770e-01
5.884471311869174315e+03 9.611715109829154224e-01
5.884505915119359997e+03 1.001775016640781057e+00
5.884540418360153126e+03 1.067006878189483032e+00
5.884574921600945345e+03 1.103616596405591288e+00
5.884609424841738473e+03 1.112269802529398666e+00
5.884644028091924156e+03 1.107832260927446244e+00
5.884678531332717284e+03 1.076325715553583251e+00
5.884713034573509503e+03 1.048812957621477748e+00
5.884747537814301722e+03 1.059906811626359024e+00
5.884782041055093941e+03 1.063456844907920917e+00
5.884816544295887070e+03 1.077213223873973780e+00
5.884851147546073662e+03 1.063678721988018605e+00
5.884885650786865881e+03 1.076547592633680939e+00
5.884920154027658100e+03 1.081428888395828736e+00
5.884954657268450319e+03 1.060572442866651866e+00
5.884989160509243447e+03 1.035944086975815415e+00
5.885023663750035666e+03 1.034834701575327198e+00
5.885058166990827885e+03 1.028622143332593719e+00
5.885092670231621014e+03 1.024184601730641297e+00
5.885127173472413233e+03 1.030840914133569930e+00
5.885161676713206361e+03 1.034390947415132045e+00
5.885196179953998580e+03 1.045262924339915633e+00
5.885230683194791709e+03 1.047925449301087220e+00
5.885265186435583928e+03 1.042378522298646581e+00
5.885299689676376147e+03 1.009318837364100219e+00
5.885334192917168366e+03 9.596183714222320527e-01
5.885368696157961494e+03 8.846239183492344837e-01
5.885403199398753713e+03 8.475704459729309637e-01
5.885437602630153378e+03 8.395828710894164271e-01
5.885472105870945597e+03 8.768582205458176349e-01
5.885506609111737816e+03 9.616152651431106868e-01
5.885541112352530035e+03 1.026625249611715196e+00
5.885575615593323164e+03 1.074994453072997569e+00
5.885610118834115383e+03 1.069669403150654619e+00
5.885644522065514138e+03 1.021965830929664865e+00
5.885679025306307267e+03 9.636121588639893210e-01
5.885713528547099486e+03 9.221211448857332682e-01
5.885748031787891705e+03 8.921677390725537560e-01
5.885782435019291370e+03 8.848457954293321714e-01
5.885816938260083589e+03 8.733081872642556309e-01
5.885851441500875808e+03 9.070335034390947238e-01
5.885885944741668027e+03 9.412025737741290810e-01
5.885920347973067692e+03 9.926780563567783044e-01
5.885954851213859911e+03 1.019303305968493500e+00
5.885989254445259576e+03 1.051919236742844488e+00
5.886023757686051795e+03 1.075216330153095257e+00
5.886058260926844014e+03 1.082316396716219264e+00
5.886092664158242769e+03 1.112269802529398666e+00
5.886127167399034988e+03 1.143554470823163971e+00
5.886161570630434653e+03 1.128466829376525427e+00
5.886196073871226872e+03 1.142001331262480601e+00
5.886230577112019091e+03 1.145995118704237870e+00
5.886264980343418756e+03 1.138007543820723333e+00
5.886299483584210975e+03 1.143554470823163971e+00
5.886333886815609731e+03 1.149767029065897450e+00
5.886368390056402859e+03 1.128466829376525427e+00
5.886402793287801614e+03 1.107166629687153403e+00
5.886437296528593834e+03 1.062347459507432923e+00
5.886471699759992589e+03 1.019968937208786341e+00
5.886506102991391344e+03 9.813623252717994516e-01
5.886540606232184473e+03 9.689372087863323824e-01
5.886575009463583228e+03 9.860217439538495610e-01
5.886609512704375447e+03 1.036387841136010568e+00
5.886643915935775112e+03 1.083647659196804947e+00
5.886678319167172958e+03 1.104504104725981817e+00
5.886712822407966087e+03 1.106279121366762874e+00
5.886747225639364842e+03 1.105613490126470033e+00
5.886781628870764507e+03 1.115154204570667940e+00
5.886816132111556726e+03 1.104947858886176970e+00
5.886850535342955482e+03 1.131129354337697013e+00
5.886884938574354237e+03 1.149545151985799762e+00
5.886919341805752993e+03 1.159529620590193044e+00
5.886953845046546121e+03 1.163301530951852625e+00
5.886988248277944876e+03 1.151098291546483354e+00
5.887022651509344541e+03 1.157976481029509674e+00
5.887057054740742387e+03 1.142001331262480601e+00
5.887091457972142052e+03 1.120701131573108578e+00
5.887125961212934271e+03 1.088085200798757590e+00
5.887160364444333027e+03 1.088085200798757590e+00
5.887194767675731782e+03 1.081872642556023889e+00
5.887229170907130538e+03 1.082982027956512106e+00
5.887263574138530203e+03 1.109163523408031926e+00
5.887297977369928958e+03 1.135566895939649434e+00
5.887332380601327714e+03 1.161970268471266943e+00
5.887366783832726469e+03 1.174839139116929276e+00
5.887401187064126134e+03 1.169070335034390951e+00
5.887435590295523980e+03 1.142001331262480601e+00
5.887469993526923645e+03 1.119147992012425208e+00
5.887504396758322400e+03 1.102063456844907918e+00
5.887538799989721156e+03 1.081428888395828736e+00
5.887573203221119911e+03 1.046150432660306162e+00
5.887607606452519576e+03 1.028178389172398566e+00
5.887642009683918332e+03 1.019303305968493500e+00
5.887676412915317087e+03 1.021965830929664865e+00
5.887710816146715842e+03 1.006656312402928855e+00
5.887745219378115507e+03 9.988906145995118946e-01
5.887779622609513353e+03 9.744841357887730204e-01
5.887814025840913018e+03 9.729309962280896507e-01
5.887848429072311774e+03 9.951187042378522030e-01
5.887882732294317066e+03 1.012425116485466958e+00
5.887917135525716731e+03 1.027069003771910349e+00
5.887951538757114577e+03 1.026181495451519821e+00
5.887985941988514242e+03 1.026847126691812662e+00
5.888020345219912997e+03 1.044819170179720480e+00
5.888054648441918289e+03 1.037053472376303631e+00
5.888089051673317044e+03 1.029509651652984248e+00
5.888123454904716709e+03 1.002440647881073899e+00
5.888157858136114555e+03 9.627246505435987922e-01
5.888192161358120757e+03 9.216773907255380038e-01
5.888226564589518603e+03 9.145773241624139960e-01
5.888260967820918268e+03 9.343243842911027608e-01
5.888295271042923559e+03 9.505214111382294107e-01
5.888329674274322315e+03 9.625027734635012155e-01
5.888364077505721980e+03 9.627246505435987922e-01
5.888398380727726362e+03 9.731528733081872273e-01
5.888432783959126027e+03 9.691590858664299590e-01
5.888467187190524783e+03 9.795873086310183941e-01
5.888501490412530075e+03 9.884623918349234595e-01
5.888535893643929739e+03 1.006878189483026320e+00
5.888570196865934122e+03 1.006878189483026320e+00
5.888604600097333787e+03 1.020190814288884029e+00
5.888638903319338169e+03 1.007321943643221696e+00
5.888673306550737834e+03 1.000443754160195153e+00
5.888707609772743126e+03 1.011759485245174117e+00
5.888742013004141882e+03 1.015087641446638544e+00
5.888776316226147173e+03 9.931218105169735688e-01
5.888810719457545929e+03 9.849123585533614555e-01
5.888845022679551221e+03 9.762591524295540779e-01
5.888879425910950886e+03 9.542933214998891023e-01
5.888913729132955268e+03 9.431994674950077151e-01
5.888948032354960560e+03 9.289993343687596994e-01
5.888982435586360225e+03 8.986021743953849228e-01
5.889016738808364607e+03 8.952740181939206066e-01
5.889051042030370809e+03 8.795207455069891100e-01
5.889085445261768655e+03 8.677612602618149928e-01
5.889119748483774856e+03 8.531173729753716017e-01
5.889154051705780148e+03 8.384734856889283217e-01
5.889188454937178903e+03 8.256046150432659880e-01
5.889222758159184195e+03 8.029731528733081714e-01
5.889257061381189487e+03 7.836698469048147819e-01
5.889291464612588243e+03 7.703572220989571839e-01
5.889325767834594444e+03 7.679165742178832854e-01
5.889360071056599736e+03 7.590414910139782201e-01
5.889394374278604118e+03 7.459507432882183098e-01
5.889428677500610320e+03 7.239849123585533341e-01
5.889463080732009075e+03 6.978034169070335135e-01
5.889497383954014367e+03 6.625249611715109399e-01
5.889531687176019659e+03 6.303527845573552169e-01
5.889565990398024951e+03 5.773241624140226236e-01
5.889600293620031152e+03 5.074328821832704284e-01
5.889634596842035535e+03 4.089194586199245696e-01
5.889668900064040827e+03 3.004215664521854845e-01
5.889703203286047028e+03 2.181051697359662755e-01
5.889737506508051410e+03 2.025737741291324667e-01
5.889771809730056702e+03 2.216552030175282795e-01
5.889806112952062904e+03 2.374084757044597205e-01
5.889840416174068196e+03 2.283115154204570785e-01
5.889874719396072578e+03 1.903705347237630296e-01
5.889909022618077870e+03 1.668515642334146842e-01
5.889943325840084071e+03 1.810516973596627555e-01
5.889977629062088454e+03 2.300865320612380804e-01
5.890011932284093746e+03 2.908808520079875781e-01
5.890046235506099947e+03 3.532283115154204456e-01
5.890080538728105239e+03 3.860661193698690652e-01
5.890114841950109621e+03 4.027069003771910349e-01
5.890149145172115823e+03 4.084757044597293052e-01
5.890183448394121115e+03 4.322165520301752828e-01
5.890217751616125497e+03 4.557355225205236282e-01
5.890252054838131698e+03 4.887952074550698800e-01
5.890286258050743527e+03 4.914577324162414107e-01
5.890320561272748819e+03 4.377634790326159209e-01
5.890354864494754111e+03 3.481251386731750719e-01
5.890389167716759403e+03 2.311959174617262136e-01
5.890423370929371231e+03 1.743953849567339565e-01
5.890457674151376523e+03 1.877080097625915267e-01
5.890491977373381815e+03 3.095185267361881265e-01
5.890526280595387107e+03 4.688262702462835385e-01
5.890560483807998935e+03 6.083869536276902412e-01
5.890594787030004227e+03 6.982471710672287779e-01
5.890629090252009519e+03 7.397381850454848307e-01
5.890663293464621347e+03 7.694697137785666552e-01
5.890697596686626639e+03 7.965387175504770045e-01
5.890731899908631931e+03 8.466829376525405459e-01
5.890766103121243759e+03 8.633237186598624602e-01
5.890800406343249051e+03 8.948302640337253422e-01
5.890834709565254343e+03 9.283337031284668583e-01
5.890868912777865262e+03 9.458619924561793013e-01
5.890903215999871463e+03 9.593964943421344760e-01
5.890937419212483292e+03 9.693809629465276467e-01
5.890971722434488584e+03 9.689372087863323824e-01
5.891005925647100412e+03 9.678278233858442769e-01
5.891040228869104794e+03 9.715997337475038576e-01
5.891074432081716623e+03 9.904592855558020936e-01
5.891108735303722824e+03 9.973374750388285248e-01
5.891142938516334652e+03 1.007987574883514537e+00
5.891177241738339944e+03 1.024406478810738763e+00
5.891211444950951773e+03 1.041712891058353740e+00
5.891245648163563601e+03 1.060794319946749553e+00
5.891279951385567983e+03 1.071444419791435454e+00
5.891314154598179812e+03 1.057909917905480279e+00
5.891348457820185104e+03 1.037719103616596472e+00
5.891382661032796932e+03 1.055913024184601756e+00
5.891416864245408760e+03 1.074328821832704728e+00
5.891451167467414962e+03 1.097847792323052962e+00
5.891485370680026790e+03 1.151098291546483354e+00
5.891519573892637709e+03 1.202130019968937313e+00
5.891553877114643001e+03 1.222542711337918808e+00
5.891588080327254829e+03 1.228311515420457134e+00
5.891622283539866658e+03 1.207455069891280264e+00
5.891656486752478486e+03 1.160639005990681261e+00
5.891690789974483778e+03 1.119369869092522674e+00
5.891724993187095606e+03 1.091191479920124330e+00
5.891759196399707434e+03 1.079431994674949991e+00
5.891793399612319263e+03 1.075216330153095257e+00
5.891827602824930182e+03 1.092966496560905165e+00
5.891861806037542010e+03 1.074328821832704728e+00
5.891896109259547302e+03 1.078988240514754837e+00
5.891930312472159130e+03 1.089638340359440960e+00
5.891964515684770959e+03 1.120257377412913202e+00
5.891998718897382787e+03 1.141113822942090072e+00
5.892032922109994615e+03 1.149545151985799762e+00
5.892067125322606444e+03 1.155092078988240623e+00
5.892101328535218272e+03 1.130907477257599325e+00
5.892135531747830100e+03 1.109829154648324767e+00
5.892169734960441929e+03 1.059019303305968496e+00
5.892203938173053757e+03 1.015753272686931385e+00
5.892238141385665585e+03 1.019525183048591188e+00
5.892272344598276504e+03 1.050809851342356271e+00
5.892306547810888333e+03 1.116707344131351309e+00
5.892340751023500161e+03 1.174617262036831589e+00
5.892374954236111989e+03 1.230308409141335657e+00
5.892409157448723818e+03 1.261371200355003275e+00
5.892443360661335646e+03 1.291324606168182898e+00
5.892477563873946565e+03 1.265364987796760543e+00
5.892511767086558393e+03 1.221655203017528279e+00
5.892545870289776758e+03 1.166407810073219364e+00
5.892580073502388586e+03 1.107166629687153403e+00
5.892614276715000415e+03 1.069003771910361555e+00
5.892648479927612243e+03 1.036165964055913102e+00
5.892682683140224071e+03 1.029731528733081936e+00
5.892716786343441527e+03 1.027512757932105503e+00
5.892750989556053355e+03 1.037719103616596472e+00
5.892785192768665183e+03 1.037719103616596472e+00
5.892819395981277012e+03 1.041934768138451206e+00
5.892853499184495377e+03 1.053250499223430170e+00
5.892887702397107205e+03 1.035278455735522574e+00
5.892921905609719033e+03 9.971155979587308371e-01
5.892956108822330862e+03 9.760372753494563902e-01
5.892990212025548317e+03 9.587308631018416349e-01
5.893024415238160145e+03 9.571777235411581541e-01
5.893058518441378510e+03 9.822498335921899804e-01
5.893092721653990338e+03 9.749278899489682848e-01
5.893126924866602167e+03 9.911249167960949347e-01
5.893161028069819622e+03 9.895717772354115649e-01
5.893195231282431450e+03 9.988906145995118946e-01
5.893229334485649815e+03 1.015531395606833920e+00
5.893263537698261644e+03 1.005546927002440638e+00
5.893297740910873472e+03 1.007100066563124008e+00
5.893331844114090927e+03 9.971155979587308371e-01
5.893366047326702756e+03 9.835810960727756624e-01
5.893400150529921120e+03 9.786998003106278654e-01
5.893434353742532949e+03 9.813623252717994516e-01
5.893468456945751313e+03 9.784779232305302887e-01
5.893502560148969678e+03 9.625027734635012155e-01
5.893536763361581507e+03 9.487463944974484642e-01
5.893570866564799871e+03 9.256711781672952721e-01
5.893605069777411700e+03 9.261149323274905365e-01
5.893639172980629155e+03 9.150210783226092603e-01
5.893673276183847520e+03 9.522964277790104681e-01
5.893707479396459348e+03 9.456401153760816136e-01
5.893741582599676804e+03 9.640559130241845853e-01
5.893775685802895168e+03 9.775904149101397600e-01
5.893809889015506997e+03 9.591746172620367883e-01
5.893843992218724452e+03 9.494120257377413052e-01
5.893878095421943726e+03 9.232305302862214846e-01
5.893912298634555555e+03 9.128023075216330495e-01
5.893946401837773010e+03 9.037053472376304075e-01
5.893980505040991375e+03 9.063678721988018827e-01
5.894014608244209739e+03 8.892833370312847041e-01
5.894048811456821568e+03 9.241180386066119024e-01
5.894082914660039023e+03 9.105835367206567277e-01
5.894117017863257388e+03 9.161304637230973658e-01
5.894151121066474843e+03 9.456401153760816136e-01
5.894185224269694118e+03 9.434213445751054028e-01
5.894219327472911573e+03 9.527401819392057325e-01
5.894253530685523401e+03 9.662746838251609072e-01
5.894287633888741766e+03 9.809185711116041873e-01
5.894321737091960131e+03 9.755935211892611258e-01
5.894355840295177586e+03 9.920124251164854634e-01
5.894389943498395951e+03 9.749278899489682848e-01
5.894424046701614316e+03 9.842467273130686145e-01
5.894458149904832680e+03 9.917905480363878867e-01
5.894492253108050136e+03 9.835810960727756624e-01
5.894526356311268501e+03 9.773685378300421833e-01
5.894560459514486865e+03 9.909030397159973580e-01
5.894594562717704321e+03 9.966718437985355727e-01
5.894628665920923595e+03 9.900155313956068293e-01
5.894662769124141050e+03 9.977812291990237892e-01
5.894696872327359415e+03 9.942311959174616742e-01
5.894730975530577780e+03 1.008875083203905065e+00
5.894765078733795235e+03 9.995562458398047356e-01
5.894799181937013600e+03 9.913467938761926224e-01
5.894833185130838501e+03 9.811404481917017639e-01
5.894867288334055957e+03 9.600621255824273170e-01
5.894901391537274321e+03 9.569558464610605775e-01
5.894935494740492686e+03 9.507432882183270983e-01
5.894969597943710141e+03 9.511870423785222517e-01
5.895003701146929416e+03 9.696028400266252234e-01
5.895037704340753407e+03 9.702684712669181755e-01
5.895071807543971772e+03 9.738185045484801794e-01
5.895105910747189228e+03 9.345462613712003375e-01
5.895140013950407592e+03 9.119147992012425208e-01
5.895174017144232494e+03 9.192367428444642163e-01
5.895208120347450858e+03 8.963834035944087120e-01
5.895242223550668314e+03 8.806301309074772155e-01
5.895276226744492305e+03 8.779676059463057403e-01
5.895310329947711580e+03 8.524517417350787607e-01
5.895344433150929945e+03 8.284890170845351509e-01
5.895378436344753936e+03 7.934324384291102650e-01
5.895412539547971392e+03 7.661415575771023390e-01
5.895446642751190666e+03 7.337475038828489282e-01
5.895480645945014658e+03 6.887064566230308715e-01
5.895514749148233022e+03 6.640781007321943097e-01
5.895548752342057014e+03 6.066119369869092948e-01
5.895582855545275379e+03 5.362769025959618352e-01
5.895616958748493744e+03 4.508542267583758867e-01
5.895650961942317736e+03 3.505657865542489704e-01
5.895685065145536100e+03 2.893277124473042083e-01
5.895719068339361002e+03 2.675837585977368649e-01
5.895753171542579366e+03 2.784557355225205089e-01
5.895787174736403358e+03 2.815620146438873039e-01
5.895821177930228259e+03 2.533836254714887937e-01
5.895855281133446624e+03 2.078988240514754726e-01
5.895889284327270616e+03 1.885955180829820277e-01
5.895923387530488071e+03 1.992456179276680672e-01
5.895957390724313882e+03 2.567117816729531654e-01
5.895991393918137874e+03 3.188373641002884562e-01
5.896025497121355329e+03 3.763035278455735266e-01
5.896059500315181140e+03 4.071444419791435676e-01
5.896093503509005131e+03 4.464166851564233540e-01
5.896127606712222587e+03 4.772575992899933395e-01
5.896161609906048398e+03 5.165298424672731814e-01
5.896195613099872389e+03 5.447082316396716362e-01
5.896229716303089845e+03 5.677834479698247172e-01
5.896263719496914746e+03 5.606833814067007093e-01
5.896297722690739647e+03 5.220767694697138195e-01
5.896331725884563639e+03 4.237852229864654818e-01
5.896365829087782004e+03 3.110716662968715518e-01
5.896399832281606905e+03 2.420678943865098853e-01
5.896433835475430897e+03 2.955402706900377430e-01
5.896467838669255798e+03 4.539605058797426262e-01
5.896501841863079790e+03 6.445529176836032326e-01
5.896535845056904691e+03 8.018637674728200659e-01
5.896569948260123056e+03 8.835145329487463783e-01
5.896603951453947047e+03 9.254493010871976955e-01
5.896637954647771949e+03 9.429775904149101384e-01
5.896671957841596850e+03 9.554027069003772077e-01
5.896705961035420842e+03 9.751497670290658615e-01
5.896739964229244833e+03 9.962280896383403084e-01
5.896773967423069735e+03 1.005103172842245485e+00
5.896807970616894636e+03 1.001996893720878523e+00
5.896841973810719537e+03 1.007987574883514537e+00
5.896875977004543529e+03 1.024406478810738763e+00
5.896909980198367521e+03 1.034169070335034357e+00
5.896943983392192422e+03 1.020856445529176870e+00
5.896977986586017323e+03 1.026847126691812662e+00
5.897011989779841315e+03 9.911249167960949347e-01
5.897045992973666216e+03 9.831373419125803981e-01
5.897079996167490208e+03 9.715997337475038576e-01
5.897113999361316019e+03 9.786998003106278654e-01
5.897147902545745637e+03 9.809185711116041873e-01
5.897181905739571448e+03 9.860217439538495610e-01
5.897215908933395440e+03 9.767029065897492313e-01
5.897249912127219432e+03 9.984468604393166302e-01
5.897283915321044333e+03 9.977812291990237892e-01
5.897317918514868325e+03 9.966718437985355727e-01
5.897351821699299762e+03 9.702684712669181755e-01
5.897385824893123754e+03 9.616152651431106868e-01
5.897419828086949565e+03 9.722653649877968096e-01
5.897453831280773557e+03 9.944530729975593619e-01
5.897487734465204994e+03 1.023075216330153081e+00
5.897521737659028986e+03 1.010650099844686123e+00
5.897555740852852978e+03 1.013756378966052862e+00
5.897589644037284415e+03 1.009984468604393060e+00
5.897623647231108407e+03 1.011093854004881276e+00
5.897657650424933308e+03 1.030840914133569930e+00
5.897691553609363837e+03 1.043487907699134576e+00
5.897725556803188738e+03 1.079653871755047678e+00
5.897759559997013639e+03 1.083869536276902634e+00
5.897793463181444167e+03 1.087863323718659903e+00
5.897827466375269069e+03 1.089860217439538426e+00
5.897861369559699597e+03 1.074106944752607040e+00
5.897895372753524498e+03 1.065897492788994816e+00
5.897929275937955026e+03 1.064788107388506821e+00
5.897963279131779927e+03 1.038384734856889313e+00
5.897997182316211365e+03 1.034612824495229733e+00
5.898031185510035357e+03 1.043487907699134576e+00
5.898065088694466795e+03 1.046372309740403850e+00
5.898099091888290786e+03 1.042600399378744269e+00
5.898132995072722224e+03 1.047037940980696691e+00
5.898166998266546216e+03 1.039272243177279842e+00
5.898200901450977653e+03 1.044819170179720480e+00
5.898234904644801645e+03 1.028178389172398566e+00
5.898268807829233083e+03 1.028844020412691407e+00
5.898302711013663611e+03 1.016640781007321914e+00
5.898336714207488512e+03 1.028844020412691407e+00
5.898370617391919041e+03 1.023518970490348456e+00
5.898404520576349569e+03 1.054138007543820699e+00
5.898438523770174470e+03 1.057909917905480279e+00
5.898472426954604998e+03 1.040159751497670371e+00
5.898506330139035526e+03 1.035278455735522574e+00
5.898540333332860428e+03 1.027734635012203190e+00
5.898574236517290956e+03 1.030840914133569930e+00
5.898608139701722394e+03 1.010871976924783588e+00
5.898642042886153831e+03 9.966718437985355727e-01
5.898675946070584359e+03 9.445307299755935082e-01
5.898709949264409261e+03 9.010428222764588213e-01
5.898743852448839789e+03 8.952740181939206066e-01
5.898777755633271227e+03 9.079210117594852525e-01
5.898811658817700845e+03 9.518526736188152038e-01
5.898845562002132283e+03 9.866873751941424020e-01
5.898879465186563721e+03 1.017306412247614755e+00
5.898913468380387712e+03 1.011759485245174117e+00
5.898947371564819150e+03 1.009540714444197906e+00
5.898981274749249678e+03 9.928999334368759921e-01
5.899015177933681116e+03 9.627246505435987922e-01
5.899049081118111644e+03 9.292212114488573871e-01
5.899082984302543082e+03 9.032615930774351432e-01
5.899116887486973610e+03 9.225648990459285326e-01
5.899150790671404138e+03 9.505214111382294107e-01
5.899184693855835576e+03 1.019525183048591188e+00
5.899218597040266104e+03 1.089194586199245585e+00
5.899252500224697542e+03 1.133348125138673224e+00
5.899286403409128980e+03 1.132238739738185007e+00
5.899320306593558598e+03 1.068116263589971249e+00
5.899354209777990036e+03 1.003993787441757268e+00
5.899388012953028010e+03 9.429775904149101384e-01
5.899421916137457629e+03 8.866208120701131179e-01
5.899455819321889066e+03 8.595518082982027686e-01
5.899489722506320504e+03 8.606611936986908740e-01
5.899523625690751032e+03 8.617705790991790904e-01
5.899557528875182470e+03 8.866208120701131179e-01
5.899591432059612998e+03 9.201242511648546341e-01
5.899625235234650063e+03 9.704903483470157521e-01
5.899659138419081501e+03 1.046150432660306162e+00
5.899693041603512029e+03 1.057022409585089751e+00
5.899726944787943467e+03 1.056800532504992285e+00
5.899760747962980531e+03 1.055913024184601756e+00
5.899794651147411059e+03 1.041047259818060899e+00
5.899828554331842497e+03 1.050144220102063430e+00
5.899862457516273935e+03 1.052584867983137329e+00
5.899896260691310090e+03 1.072997559352118824e+00
5.899930163875741528e+03 1.086310184157976533e+00
5.899964067060172965e+03 1.095629021522076751e+00
5.899997870235210030e+03 1.105391613046372346e+00
5.900031773419640558e+03 1.127579321056134898e+00
5.900065576594677623e+03 1.148213889505214080e+00
5.900099479779109060e+03 1.176170401597514958e+00
5.900133382963539589e+03 1.165964055913024211e+00
5.900167186138577563e+03 1.142001331262480601e+00
5.900201089323008091e+03 1.082982027956512106e+00
5.900234892498045156e+03 1.027512757932105503e+00
5.900268795682476593e+03 1.015753272686931385e+00
5.900302598857513658e+03 1.006878189483026320e+00
5.900336502041944186e+03 1.004659418682050109e+00
5.900370305216981251e+03 1.006212558242733479e+00
5.900404208401412689e+03 9.942311959174616742e-01
5.900438011576450663e+03 9.778122919902374477e-01
5.900471814751487727e+03 9.491901486576436175e-01
5.900505717935918256e+03 9.227867761260262203e-01
5.900539521110955320e+03 8.968271577546039763e-01
5.900573424295386758e+03 9.076991346793875648e-01
5.900607227470423823e+03 9.143554470823164193e-01
5.900641030645460887e+03 9.194586199245617930e-01
5.900674933829892325e+03 9.649434213445751141e-01
5.900708737004930299e+03 9.638340359440870087e-01
5.900742540179967364e+03 9.709341025072110165e-01
5.900776443364397892e+03 9.496339028178388819e-01
5.900810246539434957e+03 9.356556467716884429e-01
5.900844049714472931e+03 9.123585533614377852e-01
5.900877852889509995e+03 9.210117594852451628e-01
5.900911756073940523e+03 9.443088528954959315e-01
5.900945559248977588e+03 9.653871755047703784e-01
5.900979362424015562e+03 1.023962724650543610e+00
5.901013165599052627e+03 1.061903705347237548e+00
5.901046968774090601e+03 1.061903705347237548e+00
5.901080871958521129e+03 1.056800532504992285e+00
5.901114675133558194e+03 1.007987574883514537e+00
5.901148478308596168e+03 9.764810295096516546e-01
5.901182281483633233e+03 9.502995340581318340e-01
5.901216084658670297e+03 9.647215442644774264e-01
5.901249887833707362e+03 9.758153982693588135e-01
5.901283691008744427e+03 9.822498335921899804e-01
5.901317494183782401e+03 1.007321943643221696e+00
5.901351297358819465e+03 1.038384734856889313e+00
5.901385100533857440e+03 1.040603505657865524e+00
5.901418903708893595e+03 1.021522076769469711e+00
5.901452706883931569e+03 1.007321943643221696e+00
5.901486510058968634e+03 1.001109385400488216e+00
5.901520313234006608e+03 9.971155979587308371e-01
5.901554116409043672e+03 1.007321943643221696e+00
5.901587919584081646e+03 1.044597293099622792e+00
5.901621722759117802e+03 1.083869536276902634e+00
5.901655525934154866e+03 1.132904370978477848e+00
5.901689329109192840e+03 1.170623474595074320e+00
5.901723132284229905e+03 1.189039272243177292e+00
5.901756935459267879e+03 1.184157976481029495e+00
5.901790738634304944e+03 1.181939205680053284e+00
5.901824441799948545e+03 1.165076547592633682e+00
5.901858244974985610e+03 1.126026181495451528e+00
5.901892048150022674e+03 1.072997559352118824e+00
5.901925851325060648e+03 1.026403372531617508e+00
5.901959654500097713e+03 9.638340359440870087e-01
5.901993357665741314e+03 9.017084535167517734e-01
5.902027160840779288e+03 8.988240514754826105e-01
5.902060964015816353e+03 9.480807632571555121e-01
5.902094767190853418e+03 1.001553139560683370e+00
5.902128470356497928e+03 1.065675615708897350e+00
5.902162273531534083e+03 1.102285333925005606e+00
5.902196076706572057e+03 1.114710450410472564e+00
5.902229779872215659e+03 1.107388506767250869e+00
5.902263583047252723e+03 1.088307077878855056e+00
5.902297386222290697e+03 1.070778788551142613e+00
5.902331089387934298e+03 1.052584867983137329e+00
5.902364892562971363e+03 1.043266030619037110e+00
5.902398595728614964e+03 1.063678721988018605e+00
5.902432398903652938e+03 1.073441313512314199e+00
5.902466102069296539e+03 1.072775682272021358e+00
5.902499905244333604e+03 1.074328821832704728e+00
5.902533708419370669e+03 1.059019303305968496e+00
5.902567411585014270e+03 1.042600399378744269e+00
5.902601214760051334e+03 1.051919236742844488e+00
5.902634917925694936e+03 1.046150432660306162e+00
5.902668621091338537e+03 1.037275349456401097e+00
5.902702424266376511e+03 1.019303305968493500e+00
5.902736127432020112e+03 1.019525183048591188e+00
5.902769930607057177e+03 1.026181495451519821e+00
5.902803633772701687e+03 1.035722209895717727e+00
5.902837436947738752e+03 1.037275349456401097e+00
5.902871140113382353e+03 1.053694253383625545e+00
5.902904843279025954e+03 1.082982027956512106e+00
5.902938646454063928e+03 1.085644552917683692e+00
5.902972349619707529e+03 1.096516529842467280e+00
5.903006052785351130e+03 1.073663190592411887e+00
5.903039855960388195e+03 1.054581761704016074e+00
5.903073559126031796e+03 1.022631462169957928e+00
5.903107262291675397e+03 9.964499667184379961e-01
5.903140965457319908e+03 9.749278899489682848e-01
5.903174768632356972e+03 9.813623252717994516e-01
5.903208471798000573e+03 1.031506545373862771e+00
5.903242174963644175e+03 1.074550698912802416e+00
5.903275878129287776e+03 1.119369869092522674e+00
5.903309581294931377e+03 1.143554470823163971e+00
5.903343384469969351e+03 1.141113822942090072e+00
5.903377087635612952e+03 1.124029287774572783e+00
5.903410790801256553e+03 1.122032394053694260e+00
5.903444493966900154e+03 1.088750832039050431e+00
5.903478197132543755e+03 1.067894386509873561e+00
5.903511900298187356e+03 1.053694253383625545e+00
5.903545603463830957e+03 1.047037940980696691e+00
5.903579306629474559e+03 1.043931661859329951e+00
5.903613009795118160e+03 1.061016197026847019e+00
5.903646712960762670e+03 1.056134901264699444e+00
5.903680416126406271e+03 1.056800532504992285e+00
5.903714119292049872e+03 9.849123585533614555e-01
5.903747822457693474e+03 1.091635234080319483e+00
5.903781525623337075e+03 1.125804304415353840e+00
5.903815228788981585e+03 1.157310849789216833e+00
5.903848931954625186e+03 7.876636343465720502e-01
5.903882635120268787e+03 1.137120035500332804e+00
5.903916338285912389e+03 1.125804304415353840e+00
5.903950041451555990e+03 1.098513423563345803e+00
5.903983744617199591e+03 1.120923008653206043e+00
5.904017447782843192e+03 1.056134901264699444e+00
5.904051150948487702e+03 1.056356778344796910e+00
5.904084854114131304e+03 1.052141113822942176e+00
5.904118457270380532e+03 1.082094519636121577e+00
5.904152160436024133e+03 1.090525848679831267e+00
5.904185863601668643e+03 1.110272908808520143e+00
5.904219566767312244e+03 1.096738406922564968e+00
5.904253269932955845e+03 1.082538273796316730e+00
5.904286873089205983e+03 1.068116263589971249e+00
5.904320576254849584e+03 1.070335034390947460e+00
5.904354279420494095e+03 1.069225648990459243e+00
5.904387882576743323e+03 1.068338140670068714e+00
5.904421585742386924e+03 1.050809851342356271e+00
5.904455288908030525e+03 1.040825382737963212e+00
5.904488892064280662e+03 1.013534501885955175e+00
5.904522595229924264e+03 9.855779897936542966e-01
5.904556298395568774e+03 9.871311293543376664e-01
5.904589901551818912e+03 9.742622587086754438e-01
5.904623604717462513e+03 9.762591524295540779e-01
5.904657307883106114e+03 9.822498335921899804e-01
5.904690911039356251e+03 1.004215664521854956e+00
5.904724614204999853e+03 1.019303305968493500e+00
5.904758217361250900e+03 1.023075216330153081e+00
5.904791920526894501e+03 1.024184601730641297e+00
5.904825523683144638e+03 1.047259818060794379e+00
5.904859226848788239e+03 1.053250499223430170e+00
5.904892830005037467e+03 1.049700465941868277e+00
5.904926533170681068e+03 1.075881961393388098e+00
5.904960136326931206e+03 1.087863323718659903e+00
5.904993839492575717e+03 1.082316396716219264e+00
5.905027442648825854e+03 1.046372309740403850e+00
5.905061045805075992e+03 1.021078322609274558e+00
5.905094748970719593e+03 9.780341690703350244e-01
5.905128352126968821e+03 9.607277568227201581e-01
5.905162055292612422e+03 9.667184379853560605e-01
5.905195658448863469e+03 9.822498335921899804e-01
5.905229261605113606e+03 9.851342356334590322e-01
5.905262964770757208e+03 1.031728422453960459e+00
5.905296567927007345e+03 1.037497226536498784e+00
5.905330171083257483e+03 1.051253605502551647e+00
5.905363874248901084e+03 1.063234967827823452e+00
5.905397477405151221e+03 1.066563124029287879e+00
5.905431080561401359e+03 1.083203905036609793e+00
5.905464683717651496e+03 1.064344353228311446e+00
5.905498286873901634e+03 1.052141113822942176e+00
5.905531990039545235e+03 1.032615930774350987e+00
5.905565593195795373e+03 1.023740847570445922e+00
5.905599196352045510e+03 1.009540714444197906e+00
5.905632799508296557e+03 1.001775016640781057e+00
5.905666402664545785e+03 9.957843354781451550e-01
5.905700005820795923e+03 9.935655646771688332e-01
5.905733708986439524e+03 1.002218770800976211e+00
5.905767312142689661e+03 9.804748169514089229e-01
5.905800915298939799e+03 9.889061459951187238e-01
5.905834518455189937e+03 9.696028400266252234e-01
