5.877030758536079702e+03 8.296772390666480312e-01
5.877065663733871588e+03 8.506357412323599654e-01
5.877100468916769387e+03 8.511946346234455785e-01
5.877135274099668095e+03 8.252060919379627935e-01
5.877170179297459981e+03 8.151460108984210917e-01
5.877204984480358689e+03 7.726701131759117214e-01
5.877239789663256488e+03 7.799357272600251356e-01
5.877274694861048374e+03 7.573005449210563622e-01
5.877309500043946173e+03 7.844068743887103734e-01
5.877344305226844881e+03 7.919519351683665942e-01
5.877379110409743589e+03 8.039681430767081638e-01
5.877413915592641388e+03 7.765823669135112350e-01
5.877448820790433274e+03 7.796562805644823291e-01
5.877483625973331073e+03 7.749056867402542848e-01
5.877518431156229781e+03 7.858041078664245171e-01
5.877553236339127579e+03 7.578594383121419753e-01
5.877588041522026288e+03 7.883191281263098871e-01
5.877622846704924996e+03 8.252060919379627935e-01
5.877657651887822794e+03 8.296772390666480312e-01
5.877692457070721503e+03 8.280005588933910810e-01
5.877727262253619301e+03 8.310744725443621750e-01
5.877762067436518009e+03 8.299566857621908378e-01
5.877796972634309896e+03 7.989381025569373129e-01
5.877831777817208604e+03 7.824507475199106166e-01
5.877866583000107312e+03 7.715523263937403842e-01
5.877901388183005110e+03 7.628894788319128262e-01
5.877936093351009731e+03 7.899958082995668374e-01
5.877970898533908439e+03 8.470029341903031472e-01
5.878005703716806238e+03 8.500768478412742413e-01
5.878040508899704946e+03 8.428112337571608270e-01
5.878075314082603654e+03 8.400167668017325395e-01
5.878110119265501453e+03 7.964230822970518320e-01
5.878144924448400161e+03 7.816124074332820859e-01
5.878179729631297960e+03 7.810535140421964728e-01
5.878214534814196668e+03 7.715523263937403842e-01
5.878249339997095376e+03 7.732290065669973345e-01
5.878284045165099087e+03 8.271622188067626613e-01
5.878318850347997795e+03 8.433701271482464401e-01
5.878353655530896503e+03 8.450468073215033904e-01
5.878388460713794302e+03 8.570630152298449600e-01
5.878423265896693010e+03 8.634902892273298436e-01
5.878457971064698540e+03 8.548274416655022856e-01
5.878492776247596339e+03 8.626519491407014240e-01
5.878527581430495047e+03 8.548274416655022856e-01
5.878562386613392846e+03 8.450468073215033904e-01
5.878597091781397467e+03 8.430906804527036336e-01
5.878631896964296175e+03 8.590191420986447168e-01
5.878666702147193973e+03 8.609752689674444737e-01
5.878701407315199504e+03 9.048484001676679878e-01
5.878736212498098212e+03 9.140701411205812699e-01
5.878770917666102832e+03 8.919938521726981095e-01
5.878805722849000631e+03 8.900377253038982417e-01
5.878840528031899339e+03 8.623725024451586174e-01
5.878875233199904869e+03 8.246471985468771804e-01
5.878910038382802668e+03 8.123515439429929152e-01
5.878944743550807289e+03 7.782590470867681853e-01
5.878979548733705997e+03 7.573005449210563622e-01
5.879014253901711527e+03 7.858041078664245171e-01
5.879049059084609326e+03 8.115132038563643846e-01
5.879083764252613946e+03 8.391784267151041199e-01
5.879118569435512654e+03 9.135112477294955458e-01
5.879153274603517275e+03 9.677239066648036792e-01
5.879188079786415983e+03 1.044292301243537890e+00
5.879222784954420604e+03 1.064971356713706907e+00
5.879257590137319312e+03 1.095151599832332012e+00
5.879292295305323933e+03 1.066927483582506664e+00
5.879327000473328553e+03 1.003213636998742553e+00
5.879361805656227261e+03 9.322341763308649165e-01
5.879396510824232791e+03 8.629313958362442305e-01
5.879431215992237412e+03 8.092776302920218212e-01
5.879466021175135211e+03 7.662428391784267268e-01
5.879500726343140741e+03 7.715523263937403842e-01
5.879535431511146271e+03 7.684784127427692901e-01
5.879570236694044070e+03 8.171021377672208486e-01
5.879604941862048690e+03 8.341483861953332690e-01
5.879639647030054221e+03 8.836104513064132471e-01
5.879674352198058841e+03 9.098784406874388386e-01
5.879709157380956640e+03 9.213357552046946841e-01
5.879743862548962170e+03 9.252480089422943088e-01
5.879778567716966791e+03 9.165851613804666398e-01
5.879813272884972321e+03 8.824926645242420209e-01
5.879847978052976941e+03 8.791393041777281203e-01
5.879882783235874740e+03 8.629313958362442305e-01
5.879917488403880270e+03 8.704764566159005623e-01
5.879952193571884891e+03 8.643286293139583742e-01
5.879986898739890421e+03 8.651669694005867939e-01
5.880021603907895042e+03 8.618136090540728933e-01
5.880056309075899662e+03 8.539891015788738660e-01
5.880091014243904283e+03 8.092776302920218212e-01
5.880125719411909813e+03 8.050859298588793900e-01
5.880160424579914434e+03 7.704345396115690470e-01
5.880195129747919964e+03 7.821713008243676990e-01
5.880229834915925494e+03 7.964230822970518320e-01
5.880264540083929205e+03 8.257649853290485176e-01
5.880299245251934735e+03 8.816543244376134902e-01
5.880333950419939356e+03 9.255274556378371154e-01
5.880368655587944886e+03 1.002934190303199635e+00
5.880403360755949507e+03 1.044292301243537890e+00
5.880438065923955037e+03 1.127567416515299792e+00
5.880472771091958748e+03 1.197149643705463173e+00
5.880507476259964278e+03 1.212519211960318533e+00
5.880542181427968899e+03 1.225094313259745604e+00
5.880576886595974429e+03 1.211680871873690002e+00
5.880611491749085872e+03 1.133435797121699062e+00
5.880646196917090492e+03 1.076428671230962753e+00
5.880680902085096022e+03 9.389408970238927177e-01
5.880715607253099733e+03 8.774626240044711700e-01
5.880750312421105264e+03 8.288388989800196116e-01
5.880785017589110794e+03 8.198966047226491360e-01
5.880819622742222236e+03 8.249266452424199869e-01
5.880854327910226857e+03 8.671230962693866617e-01
5.880889033078232387e+03 9.573843789297191709e-01
5.880923638231343830e+03 1.056029062456336431e+00
5.880958343399348450e+03 1.125331842950957117e+00
5.880993048567353071e+03 1.178706161799636609e+00
5.881027753735357692e+03 1.263657957244655572e+00
5.881062358888469134e+03 1.284337012714824588e+00
5.881097064056474665e+03 1.272041358110940434e+00
5.881131669209586107e+03 1.224535419868659991e+00
5.881166374377591637e+03 1.185412882492664632e+00
5.881201079545596258e+03 1.077267011317591061e+00
5.881235684698707701e+03 9.942713427413720773e-01
5.881270389866713231e+03 9.344697498952074799e-01
5.881304995019824673e+03 8.573424619253877665e-01
5.881339700187829294e+03 8.268827721112197437e-01
5.881374305340940737e+03 8.249266452424199869e-01
5.881409010508945357e+03 8.369428531507614455e-01
5.881443615662057709e+03 8.836104513064132471e-01
5.881478320830062330e+03 9.389408970238927177e-01
5.881512925983173773e+03 9.666061198826323420e-01
5.881547631151178393e+03 1.006846444040799149e+00
5.881582236304289836e+03 1.009361464300684741e+00
5.881616941472295366e+03 1.006008103954170840e+00
5.881651546625406809e+03 1.005169763867542310e+00
5.881686151778518251e+03 1.007684784127427680e+00
5.881720856946522872e+03 9.923152158725723204e-01
5.881755462099635224e+03 9.881235154394298892e-01
5.881790167267639845e+03 9.640910996227469720e-01
5.881824772420751287e+03 9.372642168506357674e-01
5.881859377573862730e+03 9.445298309347491816e-01
5.881893982726974173e+03 9.101578873829816452e-01
5.881928687894979703e+03 9.026128266033254244e-01
5.881963293048091145e+03 8.931116389548693357e-01
5.881997898201202588e+03 9.123934609473243196e-01
5.882032603369208118e+03 9.520748917144055135e-01
5.882067208522319561e+03 9.308369428531507728e-01
5.882101813675431004e+03 1.005728657258627923e+00
5.882136418828542446e+03 1.048763448372223017e+00
5.882171023981653889e+03 1.089003772530389824e+00
5.882205729149658509e+03 1.099902193656560057e+00
5.882240334302769952e+03 1.072236970797820321e+00
5.882274939455882304e+03 1.043733407852452055e+00
5.882309544608993747e+03 9.953891295235434145e-01
5.882344149762105189e+03 9.993013832611429281e-01
5.882378754915216632e+03 9.610171859717758780e-01
5.882413360068328075e+03 9.797401145731451377e-01
5.882447965221439517e+03 1.007405337431884762e+00
5.882482570374550960e+03 1.021098225513483282e+00
5.882517175527662403e+03 1.063853569931535459e+00
5.882551780680773845e+03 1.063294676540449846e+00
5.882586385833885288e+03 1.038144473941595702e+00
5.882620990986996730e+03 1.012714824647198641e+00
5.882655596140108173e+03 9.534721251921196572e-01
5.882690201293220525e+03 9.196590750314377338e-01
5.882724806446332877e+03 8.810954310465278772e-01
5.882759411599444320e+03 8.864049182618415346e-01
5.882794016752555763e+03 9.090401006008104190e-01
5.882828621905667205e+03 9.272041358110940656e-01
5.882863227058778648e+03 9.744306273578314803e-01
5.882897832211890091e+03 9.844907083973731821e-01
5.882932437365001533e+03 9.951096828280006079e-01
5.882967042518112976e+03 1.036467793768338641e+00
5.883001547656331240e+03 1.045968981416794730e+00
5.883036152809442683e+03 1.071957524102277404e+00
5.883070757962554126e+03 1.083973732010619084e+00
5.883105363115665568e+03 1.084253178706161780e+00
5.883139968268777011e+03 1.081738158446276410e+00
5.883174473406996185e+03 1.094592706441246399e+00
5.883209078560107628e+03 1.109682828000558841e+00
5.883243683713219070e+03 1.099343300265474443e+00
5.883278288866330513e+03 1.050719575241022774e+00
5.883312794004548778e+03 1.015229844907084011e+00
5.883347399157660220e+03 9.744306273578314803e-01
5.883382004310771663e+03 9.082017605141818883e-01
5.883416509448989018e+03 8.964649993013832363e-01
5.883451114602101370e+03 9.051278468632107943e-01
5.883485719755212813e+03 9.439709375436635685e-01
5.883520224893431077e+03 9.621349727539472152e-01
5.883554830046542520e+03 1.014670951515998398e+00
5.883589335184760785e+03 1.086488752270504454e+00
5.883623940337872227e+03 1.095710493223417625e+00
5.883658445476090492e+03 1.143216431465697847e+00
5.883693050629202844e+03 1.173955567975408787e+00
5.883727655782314287e+03 1.144054771552326377e+00
5.883762160920531642e+03 1.177588375017465383e+00
5.883796766073643084e+03 1.193237389967863660e+00
5.883831271211861349e+03 1.180662288668436588e+00
5.883865776350079614e+03 1.109123934609473228e+00
5.883900381503191056e+03 1.074472544362162996e+00
5.883934886641409321e+03 1.025289925946625713e+00
5.883969491794520764e+03 9.875646220483442761e-01
5.884003996932739028e+03 9.573843789297191709e-01
5.884038602085850471e+03 9.280424758977224853e-01
5.884073107224068735e+03 9.196590750314377338e-01
5.884107612362287000e+03 9.160262679893810267e-01
5.884142217515398443e+03 9.073634204275534687e-01
5.884176722653616707e+03 9.640910996227469720e-01
5.884211227791834972e+03 1.023892692468911569e+00
5.884245832944946415e+03 1.104093894089702488e+00
5.884280338083164679e+03 1.175073354757580013e+00
5.884314843221382944e+03 1.214754785524661207e+00
5.884349348359601208e+03 1.253597876205113870e+00
5.884383953512712651e+03 1.272879698197568743e+00
5.884418458650930006e+03 1.302221601229565540e+00
5.884452963789149180e+03 1.303618834707279683e+00
5.884487468927367445e+03 1.279306972195053849e+00
5.884522074080478887e+03 1.225932653346374135e+00
5.884556579218696243e+03 1.163895486935867085e+00
5.884591084356915417e+03 1.085650412183875924e+00
5.884625589495133681e+03 9.884029621349728068e-01
5.884660094633351036e+03 9.299986027665222421e-01
5.884694599771569301e+03 8.973033393880117670e-01
5.884729104909787566e+03 8.685203297471006945e-01
5.884763610048005830e+03 8.704764566159005623e-01
5.884798115186224095e+03 9.213357552046946841e-01
5.884832720339335538e+03 9.724745004890317235e-01
5.884867225477553802e+03 1.033952773508453271e+00
5.884901730615772067e+03 1.052116808718736918e+00
5.884936235753990331e+03 1.096828280005588852e+00
5.884970740892207687e+03 1.109962274696101758e+00
5.885005246030426861e+03 1.161101019980438798e+00
5.885039751168645125e+03 1.226770993433002666e+00
5.885074156291969302e+03 1.281263099063853605e+00
5.885108661430187567e+03 1.311163895486935793e+00
5.885143166568405832e+03 1.348050859298588700e+00
5.885177671706624096e+03 1.342461925387732347e+00
5.885212176844841451e+03 1.300824367751851396e+00
5.885246681983060625e+03 1.191840156490149516e+00
5.885281187121278890e+03 1.103255554003073957e+00
5.885315692259496245e+03 1.026128266033254244e+00
5.885350197397715419e+03 9.682828000558892922e-01
5.885384602521039596e+03 9.453681710213777123e-01
5.885419107659257861e+03 9.288808159843510159e-01
5.885453612797476126e+03 9.389408970238927177e-01
5.885488117935694390e+03 9.789017744865167181e-01
5.885522523059018567e+03 1.019700992035769138e+00
5.885557028197237742e+03 1.016347631689255238e+00
5.885591533335455097e+03 9.928741092636579335e-01
5.885626038473673361e+03 9.786223277909739116e-01
5.885660443596998448e+03 9.775045410088025744e-01
5.885694948735216713e+03 9.730333938801173366e-01
5.885729453873434068e+03 9.959480229146290275e-01
5.885763858996760064e+03 1.066089143495878133e+00
5.885798364134977419e+03 1.146569791812211747e+00
5.885832869273195683e+03 1.208327511527176101e+00
5.885867274396520770e+03 1.232639374039401936e+00
5.885901779534739035e+03 1.233757160821573384e+00
5.885936184658064121e+03 1.173117227888780256e+00
5.885970689796281476e+03 1.119742909040100542e+00
5.886005194934499741e+03 1.047645661590051791e+00
5.886039600057824828e+03 1.008243677518513293e+00
5.886074105196043092e+03 1.009082017605141823e+00
5.886108510319367269e+03 1.007405337431884762e+00
5.886143015457586444e+03 1.029761073075310840e+00
5.886177420580910621e+03 1.032276093335196210e+00
5.886211825704235707e+03 1.067206930278049359e+00
5.886246330842453972e+03 1.094592706441246399e+00
5.886280735965778149e+03 1.109962274696101758e+00
5.886315241103996414e+03 1.137906944250384189e+00
5.886349646227321500e+03 1.166410507195752455e+00
5.886384151365538855e+03 1.168087187369009294e+00
5.886418556488863942e+03 1.146569791812211747e+00
5.886452961612189029e+03 1.139863071119183946e+00
5.886487466750407293e+03 1.151040938940897096e+00
5.886521871873731470e+03 1.111080061478272984e+00
5.886556276997057466e+03 1.159983233198267349e+00
5.886590782135274821e+03 1.112477294955987128e+00
5.886625187258598999e+03 1.085370965488333006e+00
5.886659592381924995e+03 1.063015229844907150e+00
5.886693997505249172e+03 1.040100600810395459e+00
5.886728502643467436e+03 1.023892692468911569e+00
5.886762907766792523e+03 1.002654743607656940e+00
5.886797312890117610e+03 9.830934749196590383e-01
5.886831718013441787e+03 9.406175771971496680e-01
5.886866123136766873e+03 9.571049322341763643e-01
5.886900628274985138e+03 9.895207489171440329e-01
5.886935033398309315e+03 1.035629453681710110e+00
5.886969438521634402e+03 1.039262260723766929e+00
5.887003843644958579e+03 1.085650412183875924e+00
5.887038248768283665e+03 1.109962274696101758e+00
5.887072653891608752e+03 1.113315635042615659e+00
5.887107059014933839e+03 1.195752410227749030e+00
5.887141464138258016e+03 1.189045689534721228e+00
5.887175869261583102e+03 1.164174933631409781e+00
5.887210274384907279e+03 1.168087187369009294e+00
5.887244679508232366e+03 1.137906944250384189e+00
5.887279084631557453e+03 1.099343300265474443e+00
5.887313489754882539e+03 1.073075310884448852e+00
5.887347894878206716e+03 1.019421545340226443e+00
5.887382300001531803e+03 9.898001956126868395e-01
5.887416705124855980e+03 9.585021657118905081e-01
5.887451110248181067e+03 9.747100740533742869e-01
5.887485515371506153e+03 9.730333938801173366e-01
5.887519920494831240e+03 1.022216012295654508e+00
5.887554325618155417e+03 1.103255554003073957e+00
5.887588730741480504e+03 1.172278887802151726e+00
5.887623135864804681e+03 1.216710912393460964e+00
5.887657540988130677e+03 1.224814866564202909e+00
5.887691846096561676e+03 1.232639374039401936e+00
5.887726251219885853e+03 1.228727120301802422e+00
5.887760656343211849e+03 1.193237389967863660e+00
5.887795061466536026e+03 1.150761492245354178e+00
5.887829366574967935e+03 1.097107726701131769e+00
5.887863771698292112e+03 1.127008523124213957e+00
5.887898176821617199e+03 1.079223138186391040e+00
5.887932581944941376e+03 1.068324717060220808e+00
5.887966887053373284e+03 1.048484001676680100e+00
5.888001292176697461e+03 1.069163057146849338e+00
5.888035697300022548e+03 1.007964230822970597e+00
5.888070002408454457e+03 9.660472264915467289e-01
5.888104407531778634e+03 9.109962274696101758e-01
5.888138812655103720e+03 8.808159843509850706e-01
5.888173117763534719e+03 8.626519491407014240e-01
5.888207522886859806e+03 8.875227050440128718e-01
5.888241928010183983e+03 9.448092776302919882e-01
5.888276233118615892e+03 9.668855665781752595e-01
5.888310638241940978e+03 1.023054352382283039e+00
5.888344943350371977e+03 1.086768198966047150e+00
5.888379348473697064e+03 1.141260304596898090e+00
5.888413653582128063e+03 1.169484420846723438e+00
5.888448058705453150e+03 1.143495878161240764e+00
5.888482363813885058e+03 1.109682828000558841e+00
5.888516768937209235e+03 1.083135391923990554e+00
5.888551074045641144e+03 1.017465418471426686e+00
5.888585479168965321e+03 9.979041497834287844e-01
5.888619784277397230e+03 9.766662009221740437e-01
5.888654089385828229e+03 9.830934749196590383e-01
5.888688494509152406e+03 9.445298309347491816e-01
5.888722799617584315e+03 8.959061059102976232e-01
5.888757204740909401e+03 8.579013553164733796e-01
5.888791509849340400e+03 8.520329747100739981e-01
5.888825814957772309e+03 8.302361324577336443e-01
5.888860220081096486e+03 8.089981835964790147e-01
5.888894525189528395e+03 8.123515439429929152e-01
5.888928830297959394e+03 8.182199245493921858e-01
5.888963135406391302e+03 8.657258627916725180e-01
5.888997540529715479e+03 8.841693446974989712e-01
5.889031845638147388e+03 9.272041358110940656e-01
5.889066150746579297e+03 9.509571049322341763e-01
5.889100455855010296e+03 9.635322062316613589e-01
5.889134860978335382e+03 9.593405057985189277e-01
5.889169166086765472e+03 9.537515718876624637e-01
5.889203471195197380e+03 9.224535419868660213e-01
5.889237776303629289e+03 8.802570909598993465e-01
5.889272081412061198e+03 8.556657817521308163e-01
5.889306386520491287e+03 8.324717060220763187e-01
5.889340791643816374e+03 7.774207070001397657e-01
5.889375096752248282e+03 7.380187229286013784e-01
5.889409401860679282e+03 6.868799776442643390e-01
5.889443706969111190e+03 6.592147547855247147e-01
5.889478012077542189e+03 5.985748218527315867e-01
5.889512317185973188e+03 5.619673047366214869e-01
5.889546622294405097e+03 5.091518792790274972e-01
5.889580927402837006e+03 4.443202459130921045e-01
5.889615232511268005e+03 3.752969121140142250e-01
5.889649537619699004e+03 3.009640910996227436e-01
5.889683842728130912e+03 2.199245493922034334e-01
5.889718147836561911e+03 1.503423222020399685e-01
5.889752452944992910e+03 1.349727539471845816e-01
5.889786758053424819e+03 1.123375716082157388e-01
5.889821063161856728e+03 1.380466675981556479e-01
5.889855268255394549e+03 1.033952773508453327e-01
5.889889573363826457e+03 6.846444040799216924e-02
5.889923878472256547e+03 7.628894788319127984e-02
5.889958183580688456e+03 5.784546597736481971e-02
5.889992488689120364e+03 4.890317171999441354e-02
5.890026793797551363e+03 6.455218667039262781e-02
5.890061098905982362e+03 8.159843509850496501e-02
5.890095303999521093e+03 8.131898840296213071e-02
5.890129609107952092e+03 8.830515579153276617e-02
5.890163914216383091e+03 1.341344138605561065e-01
5.890198219324815000e+03 1.827581388850076927e-01
5.890232424418352821e+03 2.235573564342601682e-01
5.890266729526784729e+03 2.568115132038563675e-01
5.890301034635215728e+03 2.786083554561967213e-01
5.890335239728753550e+03 2.481486656420287817e-01
5.890369544837184549e+03 2.241162498253458091e-01
5.890403849945616457e+03 1.503423222020399685e-01
5.890438055039154278e+03 1.123375716082157388e-01
5.890472360147586187e+03 1.520190023752969188e-01
5.890506665256017186e+03 2.788878021517395833e-01
5.890540870349555007e+03 3.934609473242978717e-01
5.890575175457986916e+03 5.155791532765124918e-01
5.890609380551524737e+03 6.077965628056448688e-01
5.890643685659956645e+03 6.555819477434678966e-01
5.890677890753494466e+03 7.067206930278049359e-01
5.890712195861925466e+03 7.609333519631130693e-01
5.890746400955463287e+03 8.204554981137348602e-01
5.890780706063895195e+03 9.179823948581807835e-01
5.890814911157433016e+03 1.015509291602626707e+00
5.890849216265864925e+03 1.023333799077825956e+00
5.890883421359402746e+03 9.694005868380606294e-01
5.890917726467833745e+03 9.280424758977224853e-01
5.890951931561371566e+03 9.182618415537235901e-01
5.890986236669803475e+03 9.311163895486935793e-01
5.891020441763341296e+03 9.294397093754366290e-01
5.891054646856879117e+03 9.724745004890317235e-01
5.891088951965310116e+03 9.716361604024031928e-01
5.891123157058847937e+03 9.372642168506357674e-01
5.891157362152386668e+03 9.378231102417213805e-01
5.891191667260817667e+03 9.400586838060639439e-01
5.891225872354356397e+03 9.330725164174933361e-01
5.891260077447894218e+03 9.232918820734944410e-01
5.891294382556326127e+03 9.568254855386335578e-01
5.891328587649863948e+03 9.755484141400028175e-01
5.891362792743401769e+03 9.903590890037725636e-01
5.891396997836939590e+03 1.019142098644683525e+00
5.891431202930477411e+03 1.048204554981137404e+00
5.891465508038909320e+03 1.084812072097247393e+00
5.891499713132447141e+03 1.096828280005588852e+00
5.891533918225984962e+03 1.080899818359647879e+00
5.891568123319522783e+03 1.085370965488333006e+00
5.891602328413061514e+03 1.090401006008103968e+00
5.891636533506599335e+03 1.126729076428671261e+00
5.891670738600137156e+03 1.145731451725583439e+00
5.891705043708569065e+03 1.188207349448092698e+00
5.891739248802105976e+03 1.231801033952773405e+00
5.891773453895643797e+03 1.293838200363280677e+00
5.891807658989182528e+03 1.349727539471845761e+00
5.891841864082720349e+03 1.363979320944529894e+00
5.891876069176258170e+03 1.404219645102696701e+00
5.891910274269796901e+03 1.375716082157328435e+00
5.891944479363334722e+03 1.325974570350705539e+00
5.891978684456872543e+03 1.223976526477574378e+00
5.892012889550410364e+03 1.157188766242839284e+00
5.892047094643949094e+03 1.099902193656560057e+00
5.892081299737486916e+03 1.024731032555540100e+00
5.892115404816131559e+03 1.017465418471426686e+00
5.892149609909669380e+03 1.041218387592566685e+00
5.892183815003207201e+03 1.041777280983652298e+00
5.892218020096745931e+03 1.074193097666620078e+00
5.892252225190283752e+03 1.109682828000558841e+00
5.892286430283821574e+03 1.162777700153695637e+00
5.892320635377359395e+03 1.210842531787061693e+00
5.892354740456004038e+03 1.232918820734944854e+00
5.892388945549542768e+03 1.242978901774486555e+00
5.892423150643080589e+03 1.235433840994830224e+00
5.892457355736618410e+03 1.204974151180662201e+00
5.892491560830156232e+03 1.154394299287410997e+00
5.892525665908800875e+03 1.111638954869358598e+00
5.892559871002338696e+03 1.134274137208327593e+00
5.892594076095877426e+03 1.166410507195752455e+00
5.892628181174522069e+03 1.264775744026826798e+00
5.892662386268059890e+03 1.309487215313678954e+00
5.892696591361597712e+03 1.372642168506357452e+00
5.892730696440242355e+03 1.393600670672069386e+00
5.892764901533780176e+03 1.393041777280983551e+00
5.892799106627317997e+03 1.342182478692189429e+00
5.892833211705962640e+03 1.284337012714824588e+00
5.892867416799501370e+03 1.235433840994830224e+00
5.892901521878145104e+03 1.188207349448092698e+00
5.892935726971683835e+03 1.134274137208327593e+00
5.892969832050327568e+03 1.095431046527874708e+00
5.893004037143866299e+03 1.088444879139304211e+00
5.893038142222510942e+03 1.093195472963532255e+00
5.893072347316048763e+03 1.097387173396674687e+00
5.893106452394693406e+03 1.148805365376554422e+00
5.893140657488231227e+03 1.152997065809696853e+00
5.893174762566875870e+03 1.179265055190722444e+00
5.893208967660413691e+03 1.197987983792091704e+00
5.893243072739058334e+03 1.150202598854268565e+00
5.893277277832596155e+03 1.131759116948442001e+00
5.893311382911241708e+03 1.123096269386614443e+00
5.893345487989886351e+03 1.090680452703646885e+00
5.893379693083424172e+03 1.092077686181360807e+00
5.893413798162068815e+03 1.080061478273019349e+00
5.893447903240713458e+03 1.061059102976107393e+00
5.893482108334251279e+03 1.032834986726282045e+00
5.893516213412895922e+03 1.028084392902054001e+00
5.893550318491540565e+03 1.025569372642168409e+00
5.893584523585078387e+03 1.031996646639653514e+00
5.893618628663723030e+03 1.005449210563085005e+00
5.893652733742367673e+03 1.024172139164454487e+00
5.893686838821012316e+03 1.045410088025709117e+00
5.893721043914551046e+03 1.026966606119882552e+00
5.893755148993194780e+03 1.008523124214056210e+00
5.893789254071839423e+03 9.953891295235434145e-01
5.893823359150484066e+03 9.939918960458292707e-01
5.893857464229128709e+03 9.777839877043453809e-01
5.893891569307773352e+03 9.587816124074333146e-01
5.893925674386418905e+03 9.786223277909739116e-01
5.893959879479955816e+03 9.752689674444600110e-01
5.893993984558601369e+03 9.928741092636579335e-01
5.894028089637246012e+03 1.029481626379768144e+00
5.894062194715889746e+03 1.035350006986167415e+00
5.894096299794534389e+03 1.035070560290624497e+00
5.894130404873179032e+03 1.026407712728796939e+00
5.894164509951823675e+03 1.029202179684225227e+00
5.894198615030469227e+03 1.066368590191421051e+00
5.894232720109112961e+03 1.060779656280564476e+00
5.894266825187757604e+03 1.099063853569931526e+00
5.894300930266402247e+03 1.090401006008103968e+00
5.894335035345046890e+03 1.081738158446276410e+00
5.894369140423691533e+03 1.091239346094732499e+00
5.894403245502337086e+03 1.065530250104792520e+00
5.894437350580980819e+03 1.064133016627078376e+00
5.894471355644732284e+03 1.056587955847422045e+00
5.894505460723376927e+03 1.028084392902054001e+00
5.894539565802020661e+03 1.050999021936565692e+00
5.894573670880666214e+03 1.030878859857482288e+00
5.894607775959310857e+03 1.008802570909598906e+00
5.894641881037955500e+03 1.009361464300684741e+00
5.894675886101706055e+03 1.007684784127427680e+00
5.894709991180350698e+03 9.965069163057146406e-01
5.894744096258996251e+03 1.001257510129942796e+00
5.894778201337640894e+03 1.014670951515998398e+00
5.894812206401391450e+03 1.031717199944110597e+00
5.894846311480036093e+03 1.047645661590051791e+00
5.894880416558681645e+03 1.074193097666620078e+00
5.894914521637326288e+03 1.062456336453821537e+00
5.894948526701076844e+03 1.072236970797820321e+00
5.894982631779721487e+03 1.051837362023194000e+00
5.895016736858366130e+03 1.052396255414279835e+00
5.895050741922117595e+03 1.044292301243537890e+00
5.895084847000762238e+03 1.047086768198965956e+00
5.895118852064512794e+03 1.017744865166969381e+00
5.895152957143157437e+03 1.030040519770853757e+00
5.895187062221802989e+03 1.017465418471426686e+00
5.895221067285553545e+03 1.004331423780913779e+00
5.895255172364198188e+03 9.931535559592007401e-01
5.895289177427949653e+03 9.766662009221740437e-01
5.895323282506594296e+03 9.529132318010339331e-01
5.895357287570345761e+03 9.031717199944110375e-01
5.895391392648989495e+03 8.450468073215033904e-01
5.895425397712741869e+03 8.171021377672208486e-01
5.895459502791386512e+03 7.768618136090540416e-01
5.895493507855137068e+03 7.405337431884867483e-01
5.895527512918888533e+03 6.832471706022076319e-01
5.895561617997533176e+03 6.195333240184435208e-01
5.895595623061284641e+03 5.502305435238228348e-01
5.895629728139928375e+03 4.535419868660053311e-01
5.895663733203680749e+03 3.300265474360765672e-01
5.895697738267431305e+03 2.453541986866005220e-01
5.895731843346075948e+03 2.227190163476316931e-01
5.895765848409827413e+03 2.039960877462624056e-01
5.895799853473578878e+03 1.724186111499231566e-01
5.895833958552223521e+03 1.288249266452424213e-01
5.895867963615974986e+03 1.126170183037585593e-01
5.895901968679725542e+03 8.159843509850496501e-02
5.895935973743477007e+03 7.321503423222019968e-02
5.895970078822120740e+03 8.103954170741931029e-02
5.896004083885873115e+03 7.461226770993432955e-02
5.896038088949623670e+03 9.221740952913232148e-02
5.896072094013376045e+03 9.612966326673187678e-02
5.896106099077126601e+03 1.335755204694704379e-01
5.896140104140877156e+03 1.701830375855805377e-01
5.896174209219522709e+03 2.386474779935727208e-01
5.896208214283274174e+03 3.006846444040799371e-01
5.896242219347024729e+03 3.655162777700153853e-01
5.896276224410776194e+03 4.099483023613245680e-01
5.896310229474527659e+03 3.923431605421265900e-01
5.896344234538278215e+03 3.208048064831633406e-01
5.896378239602029680e+03 2.311024172139164445e-01
5.896412244665781145e+03 1.972893670532346044e-01
5.896446249729532610e+03 2.802850356294536716e-01
5.896480254793283166e+03 4.337012714824647341e-01
5.896514259857034631e+03 5.955009082017604927e-01
5.896548264920786096e+03 7.064412463322621294e-01
5.896582269984537561e+03 7.668017325695123398e-01
5.896616275048289026e+03 8.316333659354477881e-01
5.896650280112039582e+03 8.581808020120161862e-01
5.896684285175791047e+03 8.894788319128126286e-01
5.896718290239542512e+03 9.562665921475478337e-01
5.896752295303293067e+03 1.013832611429369868e+00
5.896786300367044532e+03 1.090680452703646885e+00
5.896820205415902819e+03 1.120022355735643460e+00
5.896854210479653375e+03 1.102417213916445426e+00
5.896888215543405749e+03 1.108006147827302001e+00
5.896922220607156305e+03 1.103535000698616653e+00
5.896956225670907770e+03 1.088444879139304211e+00
5.896990130719765148e+03 1.090959899399189581e+00
5.897024135783517522e+03 1.092077686181360807e+00
5.897058140847268078e+03 1.089283219225932742e+00
5.897092145911018633e+03 1.114433421824786885e+00
5.897126050959876920e+03 1.122537375995528830e+00
5.897160056023628385e+03 1.135391923990498819e+00
5.897194061087379851e+03 1.162498253458152941e+00
5.897227966136237228e+03 1.163616040240324168e+00
5.897261971199988693e+03 1.154953192678496610e+00
5.897295976263740158e+03 1.106050020958502245e+00
5.897329881312598445e+03 1.094592706441246399e+00
5.897363886376349001e+03 1.037306133854967172e+00
5.897397891440099556e+03 9.953891295235434145e-01
5.897431796488957843e+03 9.694005868380606294e-01
5.897465801552709308e+03 9.649294397093753917e-01
5.897499706601567595e+03 9.453681710213777123e-01
5.897533711665318151e+03 9.221740952913232148e-01
5.897567616714176438e+03 9.132318010339527392e-01
5.897601621777926994e+03 9.389408970238927177e-01
5.897635526826785281e+03 9.350286432862930930e-01
5.897669531890535836e+03 9.562665921475478337e-01
5.897703436939394123e+03 9.833729216152018449e-01
5.897737442003145588e+03 9.724745004890317235e-01
5.897771347052003875e+03 9.660472264915467289e-01
5.897805352115754431e+03 1.022495458991197426e+00
5.897839257164612718e+03 1.014950398211541094e+00
5.897873162213471005e+03 9.816962414419448946e-01
5.897907167277221561e+03 9.956685762190862210e-01
5.897941072326079848e+03 9.979041497834287844e-01
5.897975077389831313e+03 1.017185971775883768e+00
5.898008982438688690e+03 1.034791113595081802e+00
5.898042887487546068e+03 1.070839737320106178e+00
5.898076892551298442e+03 1.071398630711191791e+00
5.898110797600155820e+03 1.080899818359647879e+00
5.898144702649014107e+03 1.086488752270504454e+00
5.898178607697871485e+03 1.077825904708676896e+00
5.898212612761622950e+03 1.098225513483302995e+00
5.898246517810480327e+03 1.087885985748218598e+00
5.898280422859338614e+03 1.093754366354617868e+00
5.898314327908196901e+03 1.090401006008103968e+00
5.898348232957054279e+03 1.074193097666620078e+00
5.898382238020805744e+03 1.076428671230962753e+00
5.898416143069663121e+03 1.057146849238507658e+00
5.898450048118521408e+03 1.044012854547994973e+00
5.898483953167378786e+03 1.016906525080340851e+00
5.898517858216237073e+03 9.545899119742908834e-01
5.898551763265095360e+03 9.487215313678916129e-01
5.898585668313951828e+03 9.484420846723486953e-01
5.898619573362810115e+03 9.777839877043453809e-01
5.898653478411667493e+03 9.889618555260584198e-01
5.898687383460525780e+03 1.049881235154394243e+00
5.898721288509384067e+03 1.052675702109822531e+00
5.898755193558241444e+03 1.081738158446276410e+00
5.898789098607099731e+03 1.078943691490848122e+00
5.898823003655958018e+03 1.082017605141819105e+00
5.898856908704815396e+03 1.040100600810395459e+00
5.898890813753673683e+03 1.017744865166969381e+00
5.898924718802531061e+03 9.928741092636579335e-01
5.898958623851389348e+03 9.263657957244655350e-01
5.898992528900247635e+03 8.559452284476736228e-01
5.899026433949104103e+03 7.807740673466536663e-01
5.899060338997962390e+03 7.600950118764845387e-01
5.899094244046819767e+03 7.584183317032275884e-01
5.899128149095678054e+03 8.084392902053932906e-01
5.899161954129643163e+03 8.280005588933910810e-01
5.899195859178500541e+03 8.559452284476736228e-01
5.899229764227358828e+03 8.763448372222998328e-01
5.899263669276216206e+03 8.998183596478971369e-01
5.899297474310180405e+03 8.970238926924689604e-01
5.899331379359038692e+03 9.068045270364677446e-01
5.899365284407896979e+03 8.911555120860695789e-01
5.899399189456754357e+03 8.453262540170461969e-01
5.899432994490718556e+03 8.623725024451586174e-01
5.899466899539576843e+03 8.660053094872153245e-01
5.899500804588434221e+03 8.816543244376134902e-01
5.899534609622398420e+03 8.933910856504121423e-01
5.899568514671256708e+03 8.866843649573843411e-01
5.899602419720114085e+03 8.620930557496158109e-01
5.899636224754079194e+03 8.609752689674444737e-01
5.899670129802937481e+03 8.542685482744166725e-01
5.899703934836901681e+03 8.766242839178426394e-01
5.899737839885759058e+03 8.584602487075589927e-01
5.899771744934617345e+03 9.054072935587537119e-01
5.899805549968582454e+03 9.151879279027524960e-01
5.899839455017438922e+03 9.020539332122398113e-01
5.899873260051404031e+03 8.970238926924689604e-01
5.899907165100262318e+03 9.258069023333799219e-01
5.899940970134226518e+03 9.263657957244655350e-01
5.899974875183083896e+03 9.464859578035489385e-01
5.900008680217049005e+03 9.543104652787480768e-01
5.900042585265907292e+03 9.520748917144055135e-01
5.900076390299870582e+03 9.640910996227469720e-01
5.900110195333835691e+03 9.830934749196590383e-01
5.900144100382693068e+03 9.593405057985189277e-01
5.900177905416658177e+03 9.892413022216012264e-01
5.900211710450621467e+03 9.995808299566857347e-01
5.900245615499479754e+03 1.015229844907084011e+00
5.900279420533444863e+03 1.025569372642168409e+00
5.900313225567409063e+03 1.075590331144334222e+00
5.900347130616266440e+03 1.104652787480788101e+00
5.900380935650231550e+03 1.119742909040100542e+00
5.900414740684195749e+03 1.093474919659074951e+00
5.900448645733054036e+03 1.051278468632108387e+00
5.900482450767018236e+03 1.032276093335196210e+00
5.900516255800982435e+03 9.959480229146290275e-01
5.900550060834946635e+03 9.445298309347491816e-01
5.900583865868911744e+03 9.420148106748638117e-01
5.900617770917770031e+03 9.322341763308649165e-01
5.900651575951733321e+03 8.911555120860695789e-01
5.900685380985698430e+03 9.059661869498393250e-01
5.900719186019662629e+03 9.101578873829816452e-01
5.900752991053627738e+03 8.953472125192120101e-01
5.900786796087591938e+03 8.841693446974989712e-01
5.900820601121557047e+03 9.031717199944110375e-01
5.900854506170414425e+03 9.163057146849238332e-01
5.900888311204378624e+03 9.241302221601229716e-01
5.900922116238343733e+03 9.311163895486935793e-01
5.900955921272307933e+03 9.372642168506357674e-01
5.900989726306271223e+03 9.629733128405756348e-01
5.901023531340236332e+03 1.000419170043314265e+00
5.901057336374200531e+03 1.023613245773368652e+00
5.901091141408165640e+03 1.020259885426854751e+00
5.901124946442129840e+03 1.050719575241022774e+00
5.901158751476094949e+03 1.069163057146849338e+00
5.901192456495165970e+03 1.078384798099762509e+00
5.901226261529129260e+03 1.095151599832332012e+00
5.901260066563094369e+03 1.076428671230962753e+00
5.901293871597058569e+03 1.096548833310046156e+00
5.901327676631023678e+03 1.087047645661590067e+00
5.901361481664987878e+03 1.094872153136789095e+00
5.901395286698952987e+03 1.068604163755763503e+00
5.901429091732916277e+03 1.062456336453821537e+00
5.901462796751987298e+03 1.013273718038284255e+00
5.901496601785952407e+03 1.035908900377253028e+00
5.901530406819916607e+03 1.049881235154394243e+00
5.901564211853881716e+03 1.072516417493363239e+00
5.901597916872952737e+03 1.064971356713706907e+00
5.901631721906916937e+03 1.068324717060220808e+00
5.901665526940882046e+03 1.067765823669135195e+00
5.901699331974846245e+03 1.005169763867542310e+00
5.901733036993917267e+03 1.043174514461366442e+00
5.901766842027880557e+03 9.766662009221740437e-01
5.901800647061845666e+03 9.562665921475478337e-01
5.901834352080916688e+03 9.884029621349728068e-01
5.901868157114880887e+03 1.019421545340226443e+00
5.901901962148845996e+03 1.091239346094732499e+00
5.901935667167917018e+03 1.182897862232779040e+00
5.901969472201881217e+03 1.220623166131060477e+00
5.902003177220952239e+03 1.264496297331284103e+00
5.902036982254917348e+03 1.265334637417912633e+00
5.902070687273988369e+03 1.234595500908201693e+00
5.902104492307952569e+03 1.191281263099063903e+00
5.902138197327023590e+03 1.156909319547296366e+00
5.902172002360987790e+03 1.118625122257929316e+00
5.902205707380059721e+03 1.067765823669135195e+00
5.902239512414023011e+03 1.078384798099762509e+00
5.902273217433094032e+03 1.042615621070280829e+00
5.902307022467059141e+03 1.020539332122397669e+00
5.902340727486130163e+03 1.005449210563085005e+00
5.902374532520094363e+03 1.043733407852452055e+00
5.902408237539165384e+03 1.053793488891993757e+00
5.902441942558236406e+03 1.120022355735643460e+00
5.902475747592201515e+03 1.112756741651530046e+00
5.902509452611272536e+03 1.092357132876903725e+00
5.902543157630343558e+03 1.110241721391644454e+00
5.902576962664307757e+03 1.071398630711191791e+00
5.902610667683378779e+03 1.066927483582506664e+00
5.902644372702449800e+03 1.049322341763308630e+00
5.902678177736414909e+03 1.071957524102277404e+00
5.902711882755485931e+03 1.058544082716221801e+00
5.902745587774556952e+03 1.073913650971077161e+00
5.902779292793627974e+03 1.064133016627078376e+00
5.902812997812698995e+03 1.057146849238507658e+00
5.902846802846663195e+03 1.056587955847422045e+00
5.902880507865734216e+03 1.078105351404219592e+00
5.902914212884805238e+03 1.080620371664104962e+00
5.902947917903876260e+03 1.069163057146849338e+00
5.902981622922947281e+03 1.044012854547994973e+00
5.903015327942019212e+03 1.054072935587536675e+00
5.903049132975983412e+03 1.066648036886963746e+00
5.903082837995054433e+03 1.094592706441246399e+00
5.903116543014125455e+03 1.117227888780215173e+00
5.903150248033196476e+03 1.165572167109123924e+00
5.903183953052267498e+03 1.173955567975408787e+00
5.903217658071338519e+03 1.187089562665921472e+00
5.903251363090409541e+03 1.197987983792091704e+00
5.903285068109480562e+03 1.214195892133575594e+00
5.903318773128551584e+03 1.189604582925806842e+00
5.903352478147622605e+03 1.165851613804666842e+00
5.903386183166694536e+03 1.157747659633924897e+00
5.903419888185765558e+03 9.900796423082297570e-01
5.903453593204836579e+03 1.096548833310046156e+00
5.903487298223907601e+03 1.128685203297471018e+00
5.903520903228085444e+03 1.132318010339527836e+00
5.903554608247156466e+03 8.852871314796703084e-01
5.903588313266227487e+03 1.129244096688556631e+00
5.903622018285298509e+03 1.149923152158725648e+00
5.903655723304369531e+03 1.154394299287410997e+00
5.903689428323440552e+03 1.239904988123515350e+00
5.903723033327617486e+03 1.158027106329467593e+00
5.903756738346689417e+03 1.130361883470727857e+00
5.903790443365760439e+03 1.090680452703646885e+00
5.903824148384832370e+03 1.066648036886963746e+00
5.903857853403903391e+03 1.045410088025709117e+00
5.903891458408080325e+03 1.011876484560570111e+00
5.903925163427151347e+03 1.003772530389828166e+00
5.903958868446222368e+03 9.948302361324576903e-01
5.903992473450400212e+03 1.046248428112337647e+00
5.904026178469471233e+03 1.072795864188905934e+00
5.904059883488542255e+03 1.109682828000558841e+00
5.904093488492720098e+03 1.095431046527874708e+00
5.904127193511791120e+03 1.120022355735643460e+00
5.904160898530862141e+03 1.126449629733128344e+00
5.904194503535039985e+03 1.122537375995528830e+00
5.904228208554111006e+03 1.094872153136789095e+00
5.904261813558288850e+03 1.107447254436216388e+00
5.904295518577359871e+03 1.120301802431186156e+00
5.904329123581537715e+03 1.106888361045130553e+00
5.904362828600608736e+03 1.128405756601928100e+00
5.904396433604786580e+03 1.117786782171300786e+00
5.904430138623857601e+03 1.113315635042615659e+00
5.904463743628034536e+03 1.126729076428671261e+00
5.904497448647105557e+03 1.115271761911415416e+00
5.904531053651284310e+03 1.143495878161240764e+00
5.904564758670355332e+03 1.138186390945927107e+00
5.904598363674532266e+03 1.144893111638954908e+00
5.904632068693603287e+03 1.133715243817241758e+00
5.904665673697781131e+03 1.104932234176330796e+00
5.904699278701959884e+03 1.034511666899538884e+00
5.904732983721030905e+03 9.889618555260584198e-01
5.904766588725207839e+03 9.484420846723486953e-01
5.904800193729385683e+03 9.313958362442363859e-01
5.904833898748456704e+03 8.724325834847003192e-01
5.904867503752634548e+03 8.489590610591030151e-01
5.904901108756812391e+03 8.411345535839038767e-01
5.904934813775883413e+03 8.187788179404777988e-01
5.904968418780061256e+03 8.115132038563643846e-01
5.905002023784238190e+03 8.293977923711052247e-01
5.905035628788416943e+03 8.372222998463043631e-01
5.905069333807487965e+03 8.559452284476736228e-01
5.905102938811664899e+03 8.623725024451586174e-01
5.905136543815842742e+03 9.132318010339527392e-01
5.905170148820020586e+03 9.308369428531507728e-01
5.905203753824198429e+03 9.632527595361184414e-01
5.905237358828375363e+03 9.503982115411485632e-01
5.905270963832553207e+03 9.562665921475478337e-01
5.905304668851624228e+03 9.473242978901774691e-01
5.905338273855802981e+03 9.333519631130361427e-01
5.905371878859979915e+03 9.308369428531507728e-01
5.905405483864157759e+03 9.028922732988682309e-01
5.905439088868335602e+03 8.889199385217270155e-01
5.905472693872513446e+03 8.866843649573843411e-01
5.905506298876690380e+03 8.855665781752131149e-01
5.905539903880868223e+03 8.908760653905267723e-01
5.905573508885046977e+03 9.260863490289227284e-01
5.905607113889223911e+03 8.970238926924689604e-01
5.905640718893401754e+03 9.090401006008104190e-01
5.905674323897578688e+03 9.188207349448093142e-01
5.905707928901757441e+03 9.073634204275534687e-01
5.905741533905934375e+03 9.638116529272041655e-01
5.905775038895219041e+03 9.216152019002374907e-01
5.905808643899396884e+03 9.439709375436635685e-01
