5.877051015506135627e+03 8.409560342283859402e-01
5.877085918729268997e+03 8.681026851578637071e-01
5.877120721943167155e+03 7.707288285629979585e-01
5.877155525157065313e+03 8.120389495426380000e-01
5.877190328370963471e+03 8.244319858365299902e-01
5.877225231594096840e+03 8.775449985246385198e-01
5.877260034807994998e+03 8.214812629094128127e-01
5.877294838021894066e+03 9.495426379462968969e-01
5.877329641235791314e+03 8.787252876954854131e-01
5.877364544458925593e+03 7.577456476836824661e-01
5.877399347672823751e+03 8.143995278843316754e-01
5.877434150886721909e+03 8.285629979344939500e-01
5.877468954100620067e+03 8.326940100324579097e-01
5.877503757314518225e+03 7.854824431985836242e-01
5.877538560528417293e+03 7.984656240778991165e-01
5.877573463751549752e+03 8.143995278843316754e-01
5.877608266965448820e+03 8.291531425199173411e-01
5.877643070179346068e+03 9.005606373561522160e-01
5.877677873393245136e+03 8.616110947182059610e-01
5.877712676607142384e+03 8.155798170551785686e-01
5.877747479821041452e+03 8.197108291531425284e-01
5.877782283034939610e+03 7.789908527589259890e-01
5.877817086248837768e+03 8.492180584243139707e-01
5.877851889462735926e+03 8.155798170551785686e-01
5.877886692676634084e+03 8.256122750073767724e-01
5.877921495890532242e+03 8.486279138388905796e-01
5.877956299104431309e+03 9.312481557981705516e-01
5.877991102318328558e+03 9.129536736500442062e-01
5.878025905532226716e+03 8.309235762761876254e-01
5.878060708746125783e+03 9.017409265269991092e-01
5.878095411950787820e+03 8.539392151077014326e-01
5.878130215164686888e+03 9.017409265269991092e-01
5.878165018378585046e+03 9.029212156978460024e-01
5.878199821592482294e+03 8.291531425199173411e-01
5.878234624806381362e+03 8.338742992033048029e-01
5.878269428020278610e+03 8.781351431100619109e-01
5.878304231234177678e+03 8.486279138388905796e-01
5.878338934438840624e+03 9.147241074063146016e-01
5.878373737652737873e+03 8.976099144290351495e-01
5.878408540866636940e+03 9.117733844791974240e-01
5.878443344080535098e+03 8.911183239893774033e-01
5.878478047285198045e+03 8.887577456476837279e-01
5.878512850499096203e+03 9.052817940395396779e-01
5.878547653712994361e+03 8.793154322809088042e-01
5.878582356917657307e+03 8.669223959870168139e-01
5.878617160131555465e+03 9.660666863381528469e-01
5.878651963345454533e+03 9.052817940395396779e-01
5.878686666550116570e+03 9.430510475066391507e-01
5.878721469764014728e+03 9.159043965771613838e-01
5.878756272977913795e+03 8.515786367660076461e-01
5.878790976182576742e+03 9.029212156978460024e-01
5.878825779396473990e+03 9.424609029212156486e-01
5.878860482601136937e+03 8.834464443788728749e-01
5.878895285815036004e+03 8.692829743287104893e-01
5.878929989019698041e+03 9.076423723812333533e-01
5.878964792233596199e+03 9.324284449690174448e-01
5.878999495438259146e+03 8.627913838890528542e-01
5.879034298652157304e+03 8.645618176453231385e-01
5.879069001856820250e+03 9.642962525818825625e-01
5.879103805070718408e+03 9.778695780466214460e-01
5.879138508275382264e+03 1.011507819415756959e+00
5.879173311489279513e+03 1.023900855709648949e+00
5.879208014693942459e+03 1.030982590734730087e+00
5.879242817907841527e+03 1.025671289465919234e+00
5.879277521112504473e+03 9.572145175568014253e-01
5.879312224317166510e+03 9.483623487754500037e-01
5.879347027531064668e+03 8.787252876954854131e-01
5.879381730735727615e+03 8.433166125700796156e-01
5.879416433940391471e+03 9.442313366774859329e-01
5.879451237154288719e+03 8.881676010622602258e-01
5.879485940358951666e+03 8.816760106226025906e-01
5.879520643563614613e+03 8.917084685748007944e-01
5.879555446777513680e+03 9.082325169666568554e-01
5.879590149982175717e+03 8.686928297432870982e-01
5.879624853186838664e+03 9.300678666273236583e-01
5.879659556391501610e+03 9.064620832103865711e-01
5.879694359605400678e+03 9.212156978459722367e-01
5.879729062810062715e+03 9.094128061375036376e-01
5.879763766014725661e+03 1.009147241074063173e+00
5.879798469219388608e+03 1.041015048686928290e+00
5.879833172424051554e+03 1.111242254352316383e+00
5.879867875628714501e+03 1.038654470345234504e+00
5.879902578833377447e+03 9.991147831218648578e-01
5.879937382047275605e+03 1.045146060784892361e+00
5.879972085251938552e+03 9.483623487754500037e-01
5.880006788456601498e+03 9.607553850693419939e-01
5.880041491661264445e+03 8.917084685748007944e-01
5.880076194865926482e+03 8.586603717910887834e-01
5.880110898070589428e+03 8.132192387134847822e-01
5.880145601275252375e+03 7.813514311006196644e-01
5.880180304479915321e+03 8.008262024195927919e-01
5.880215007684579177e+03 8.905281794039540122e-01
5.880249710889242124e+03 9.454116258483328261e-01
5.880284414093904161e+03 9.324284449690174448e-01
5.880319117298567107e+03 9.896724697550900451e-01
5.880353820503230054e+03 1.055178518737090565e+00
5.880388523707893000e+03 1.136028326940100364e+00
5.880423226912555947e+03 1.231041605193272437e+00
5.880457830107983682e+03 1.224550014753614580e+00
5.880492533312646628e+03 1.231041605193272437e+00
5.880527236517308665e+03 1.266450280318678123e+00
5.880561939721971612e+03 1.135438182354676862e+00
5.880596642926634559e+03 1.066391265860135773e+00
5.880631346131297505e+03 1.047506639126585926e+00
5.880665949326725240e+03 9.719681321923870909e-01
5.880700652531388187e+03 9.424609029212156486e-01
5.880735355736051133e+03 8.958394806727648652e-01
5.880770058940714080e+03 9.926231926822071117e-01
5.880804662136141815e+03 9.524933608734139634e-01
5.880839365340803852e+03 9.766892888757745528e-01
5.880874068545467708e+03 1.091767483033343256e+00
5.880908771750130654e+03 1.073473000885216910e+00
5.880943374945557480e+03 1.164355267040424913e+00
5.880978078150220426e+03 1.205075243434641452e+00
5.881012781354884282e+03 1.189141339628208893e+00
5.881047384550311108e+03 1.206255532605488234e+00
5.881082087754974054e+03 1.179108881676010689e+00
5.881116690950401789e+03 1.164355267040424913e+00
5.881151394155063826e+03 1.125405724402478658e+00
5.881186097359726773e+03 9.991147831218648578e-01
5.881220700555154508e+03 9.601652404839186028e-01
5.881255403759817455e+03 8.675125405724402050e-01
5.881290006955245190e+03 8.439067571555031178e-01
5.881324710159908136e+03 9.406904691649453643e-01
5.881359313355335871e+03 8.816760106226025906e-01
5.881394016559998818e+03 8.970197698436116474e-01
5.881428619755426553e+03 8.498082030097373618e-01
5.881463322960089499e+03 8.450870463263500110e-01
5.881497926155517234e+03 1.027441723222189518e+00
5.881532629360180181e+03 1.021540277367955163e+00
5.881567232555607006e+03 9.902626143405134362e-01
5.881601835751034741e+03 9.424609029212156486e-01
5.881636538955697688e+03 9.719681321923870909e-01
5.881671142151125423e+03 1.006786662732369386e+00
5.881705745346553158e+03 9.837710239008556901e-01
5.881740448551216105e+03 9.766892888757745528e-01
5.881775051746643840e+03 9.802301563883151214e-01
5.881809654942070665e+03 1.002655650634405538e+00
5.881844358146732702e+03 9.117733844791974240e-01
5.881878961342160437e+03 9.572145175568014253e-01
5.881913564537589082e+03 9.324284449690174448e-01
5.881948267742251119e+03 1.009737385659486675e+00
5.881982870937678854e+03 9.306580112127471605e-01
5.882017474133106589e+03 8.952493360873413630e-01
5.882052077328534324e+03 9.678371200944231312e-01
5.882086680523962059e+03 1.108291531425199095e+00
5.882121383728624096e+03 1.141929772794334719e+00
5.882155986924051831e+03 9.861316022425494765e-01
5.882190590119479566e+03 1.089997049277072971e+00
5.882225193314907301e+03 1.121864856889938089e+00
5.882259796510335036e+03 9.737385659486573752e-01
5.882294399705762771e+03 9.914429035113603295e-01
5.882329002901190506e+03 9.725582767778105930e-01
5.882363606096617332e+03 9.884921805842431519e-01
5.882398209292045067e+03 1.034523458247270655e+00
5.882432912496708013e+03 1.039834759516081508e+00
5.882467515692135748e+03 1.055178518737090565e+00
5.882502118887563483e+03 9.607553850693419939e-01
5.882536722082990309e+03 9.755089997049276596e-01
5.882571325278418044e+03 9.873118914133962587e-01
5.882605928473845779e+03 9.672469755089997401e-01
5.882640431660037393e+03 9.613455296547653850e-01
5.882675034855465128e+03 1.006786662732369386e+00
5.882709638050892863e+03 9.513130717025671812e-01
5.882744241246320598e+03 1.010327530244909955e+00
5.882778844441747424e+03 9.660666863381528469e-01
5.882813447637175159e+03 1.056948952493360849e+00
5.882848050832602894e+03 1.089406904691649469e+00
5.882882654028030629e+03 1.024491000295072229e+00
5.882917257223458364e+03 1.053408084980820281e+00
5.882951760409650888e+03 9.902626143405134362e-01
5.882986363605077713e+03 1.107701386839775815e+00
5.883020966800505448e+03 1.196223074653290031e+00
5.883055569995933183e+03 1.096488639716730606e+00
5.883090173191360918e+03 1.086456181764532403e+00
5.883124676377552532e+03 1.125405724402478658e+00
5.883159279572980267e+03 1.060489820005901418e+00
5.883193882768408002e+03 1.193272351726172964e+00
5.883228385954600526e+03 1.144290351136028283e+00
5.883262989150028261e+03 9.654765417527294558e-01
5.883297592345455087e+03 9.949837710239008981e-01
5.883332095531647610e+03 9.430510475066391507e-01
5.883366698727075345e+03 9.749188551195042685e-01
5.883401301922502171e+03 9.524933608734139634e-01
5.883435805108694694e+03 9.879020359988197608e-01
5.883470408304121520e+03 9.890823251696665430e-01
5.883505011499549255e+03 1.052817940395396779e+00
5.883539514685742688e+03 1.053998229566243783e+00
5.883574117881169514e+03 1.126586013573325440e+00
5.883608621067362037e+03 1.156683387429920273e+00
5.883643224262788863e+03 1.172617291236352832e+00
5.883677727448981386e+03 1.185600472115668325e+00
5.883712330644409121e+03 1.125405724402478658e+00
5.883746833830601645e+03 1.172617291236352832e+00
5.883781437026029380e+03 1.202714665092947666e+00
5.883815940212220994e+03 1.156683387429920273e+00
5.883850543407648729e+03 1.127766302744172222e+00
5.883885046593840343e+03 1.051047506639126494e+00
5.883919549780033776e+03 1.012097964001180239e+00
5.883954152975460602e+03 9.843611684862791922e-01
5.883988656161653125e+03 9.595750958984951007e-01
5.884023259357079951e+03 9.849513130717025833e-01
5.884057762543272474e+03 9.932133372676306138e-01
5.884092265729464998e+03 9.123635290646208151e-01
5.884126868924892733e+03 9.867217468279728676e-01
5.884161372111084347e+03 1.071702567128946626e+00
5.884195875297276871e+03 1.155503098259073491e+00
5.884230378483468485e+03 1.125405724402478658e+00
5.884264981678896220e+03 1.123045146060784871e+00
5.884299484865088743e+03 1.182059604603127756e+00
5.884333988051281267e+03 1.230451460607848935e+00
5.884368491237472881e+03 1.145470640306875287e+00
5.884403094432900616e+03 1.109471820596046099e+00
5.884437597619093140e+03 1.121274712304514587e+00
5.884472100805285663e+03 1.156683387429920273e+00
5.884506603991477277e+03 1.046916494541162646e+00
5.884541107177668891e+03 1.156683387429920273e+00
5.884575610363862324e+03 1.080554735910298048e+00
5.884610213559289150e+03 1.013868397757450523e+00
5.884644716745481674e+03 1.044555916199468859e+00
5.884679219931673288e+03 9.631159634110356693e-01
5.884713723117866721e+03 9.908527589259368273e-01
5.884748226304058335e+03 9.849513130717025833e-01
5.884782729490249949e+03 1.064620832103865489e+00
5.884817232676442472e+03 9.825907347300087968e-01
5.884851735862634996e+03 1.065801121274712271e+00
5.884886239048826610e+03 1.079374446739451265e+00
5.884920742235019134e+03 1.134848037769253359e+00
5.884955245421210748e+03 1.140159339038064434e+00
5.884989748607404181e+03 1.196223074653290031e+00
5.885024251793595795e+03 1.266450280318678123e+00
5.885058754979787409e+03 1.366774859840661049e+00
5.885093258165980842e+03 1.227500737680731868e+00
5.885127661342937245e+03 1.197403363824136813e+00
5.885162164529128859e+03 1.241074063145470641e+00
5.885196667715322292e+03 1.126586013573325440e+00
5.885231170901513906e+03 1.095308350545883824e+00
5.885265674087705520e+03 1.068751844201829337e+00
5.885300177273898043e+03 1.053408084980820281e+00
5.885334680460090567e+03 1.046326349955739143e+00
5.885369083637046970e+03 9.867217468279728676e-01
5.885403586823238584e+03 1.046326349955739143e+00
5.885438090009432017e+03 1.059309530835054636e+00
5.885472593195623631e+03 9.796400118028917303e-01
5.885506996372580033e+03 1.106521097668928810e+00
5.885541499558773467e+03 1.065210976689288769e+00
5.885576002744965081e+03 1.075243434641487195e+00
5.885610405921922393e+03 1.087046326349955683e+00
5.885644909108114007e+03 1.171437002065506050e+00
5.885679412294306530e+03 1.136028326940100364e+00
5.885713815471263842e+03 1.246385364414281494e+00
5.885748318657455457e+03 1.161994688698731126e+00
5.885782821843647980e+03 1.241074063145470641e+00
5.885817225020605292e+03 1.131897314842136293e+00
5.885851728206796906e+03 1.111832398937739663e+00
5.885886131383753309e+03 1.077604012983180981e+00
5.885920634569945832e+03 1.064030687518441987e+00
5.885955037746902235e+03 1.002655650634405538e+00
5.885989540933094759e+03 1.115373266450280232e+00
5.886024044119287282e+03 1.033343169076423651e+00
5.886058447296243685e+03 1.054588374151667063e+00
5.886092850473200997e+03 1.108291531425199095e+00
5.886127353659393521e+03 1.004426084390675822e+00
5.886161756836349923e+03 1.086456181764532403e+00
5.886196260022542447e+03 1.058129241664207632e+00
5.886230663199498849e+03 1.075243434641487195e+00
5.886265166385690463e+03 1.113602832694009948e+00
5.886299569562647775e+03 1.072292711714370128e+00
5.886333972739604178e+03 1.097078784302154109e+00
5.886368475925797611e+03 1.182059604603127756e+00
5.886402879102754014e+03 1.153732664502803207e+00
5.886437282279711326e+03 1.042785482443198575e+00
5.886471785465902940e+03 1.041605193272351793e+00
5.886506188642859343e+03 1.050457362053703214e+00
5.886540591819816655e+03 9.513130717025671812e-01
5.886575095006009178e+03 1.024491000295072229e+00
5.886609498182966490e+03 1.069932133372676342e+00
5.886643901359922893e+03 1.021540277367955163e+00
5.886678304536880205e+03 1.038654470345234504e+00
5.886712807723071819e+03 9.849513130717025833e-01
5.886747210900029131e+03 1.035703747418117437e+00
5.886781614076985534e+03 9.790498672174682282e-01
5.886816017253941936e+03 1.005606373561522604e+00
5.886850420430899248e+03 9.347890233107111202e-01
5.886884823607855651e+03 9.766892888757745528e-01
5.886919326794049084e+03 9.519032162879905723e-01
5.886953729971005487e+03 9.206255532605488456e-01
5.886988133147962799e+03 1.079374446739451265e+00
5.887022536324919201e+03 1.113012688108586667e+00
5.887056939501876514e+03 1.178518737090587187e+00
5.887091342678832916e+03 1.121864856889938089e+00
5.887125745855790228e+03 1.049277072882856210e+00
5.887160149032746631e+03 1.115373266450280232e+00
5.887194552209703943e+03 1.084685748008262118e+00
5.887228955386660346e+03 1.074063145470640412e+00
5.887263358563617658e+03 1.097078784302154109e+00
5.887297761740574060e+03 9.772794334611979439e-01
5.887332164917531372e+03 9.619356742401888871e-01
5.887366568094487775e+03 9.997049277072882489e-01
5.887400971271445087e+03 9.843611684862791922e-01
5.887435374448401490e+03 1.022720566538801945e+00
5.887469777625358802e+03 1.025081144880495732e+00
5.887504080793079993e+03 1.061079964591324920e+00
5.887538483970037305e+03 1.087636470935379185e+00
5.887572887146993708e+03 1.151372086161109420e+00
5.887607290323951020e+03 1.071702567128946626e+00
5.887641693500907422e+03 1.118914133962820801e+00
5.887676096677864734e+03 1.042785482443198575e+00
5.887710399845585926e+03 1.035703747418117437e+00
5.887744803022542328e+03 1.015048686928297528e+00
5.887779206199499640e+03 1.017409265269991092e+00
5.887813609376456043e+03 9.825907347300087968e-01
5.887847912544178143e+03 9.867217468279728676e-01
5.887882315721134546e+03 1.029802301563883082e+00
5.887916718898091858e+03 1.083505458837415114e+00
5.887951022065813049e+03 9.849513130717025833e-01
5.887985425242770361e+03 1.019769843611684879e+00
5.888019828419726764e+03 9.560342283859545320e-01
5.888054131587447955e+03 9.436411920920625418e-01
5.888088534764405267e+03 8.899380348185305101e-01
5.888122937941361670e+03 9.200354086751254545e-01
5.888157241109083770e+03 8.149896724697550665e-01
5.888191644286040173e+03 8.226615520802597059e-01
5.888225947453762274e+03 8.858070227205665503e-01
5.888260350630719586e+03 9.141339628208910995e-01
5.888294753807675988e+03 9.477722041900265015e-01
5.888329056975397179e+03 9.873118914133962587e-01
5.888363460152353582e+03 1.027441723222189518e+00
5.888397763320075683e+03 9.731484213632339841e-01
5.888432066487797783e+03 1.020950132782531661e+00
5.888466469664754186e+03 1.064030687518441987e+00
5.888500772832475377e+03 1.052817940395396779e+00
5.888535176009431780e+03 1.042785482443198575e+00
5.888569479177153880e+03 1.000295072292711751e+00
5.888603882354111192e+03 9.749188551195042685e-01
5.888638185521832384e+03 1.002065506048982035e+00
5.888672488689553575e+03 9.997049277072882489e-01
5.888706891866510887e+03 9.654765417527294558e-01
5.888741195034232078e+03 1.053408084980820281e+00
5.888775498201954179e+03 9.501327825317202880e-01
5.888809901378911491e+03 9.088226615520802465e-01
5.888844204546631772e+03 8.397757450575390470e-01
5.888878507714353873e+03 8.557096488639717169e-01
5.888912910891310275e+03 9.200354086751254545e-01
5.888947214059032376e+03 8.433166125700796156e-01
5.888981517226753567e+03 8.922986131602242965e-01
5.889015820394475668e+03 8.539392151077014326e-01
5.889050223571432070e+03 8.999704927707288249e-01
5.889084526739154171e+03 8.427264679846562245e-01
5.889118829906875362e+03 8.480377692534670775e-01
5.889153133074596553e+03 8.303334316907642343e-01
5.889187436242318654e+03 8.344644437887281940e-01
5.889221739410039845e+03 8.297432871053408432e-01
5.889256142586996248e+03 7.925641782236647614e-01
5.889290445754718348e+03 8.521687813514311483e-01
5.889324748922440449e+03 8.114488049572144979e-01
5.889359052090160731e+03 8.279728533490705589e-01
5.889393355257882831e+03 8.108586603717911068e-01
5.889427658425604932e+03 8.179403953968722440e-01
5.889461961593325213e+03 7.860725877840071263e-01
5.889496264761047314e+03 8.214812629094128127e-01
5.889530567928769415e+03 7.648273827087636034e-01
5.889564871096490606e+03 8.309235762761876254e-01
5.889599174264211797e+03 6.951903216287990128e-01
5.889633477431933898e+03 7.258778400708173484e-01
5.889667780599655089e+03 6.668633815284744637e-01
5.889702083767376280e+03 6.969607553850692971e-01
5.889736386935098380e+03 5.240483918560047139e-01
5.889770690102819572e+03 4.325759811153732648e-01
5.889804893261305551e+03 4.266745352611389652e-01
5.889839196429027652e+03 4.933608734139864338e-01
5.889873499596748843e+03 5.470640306875184100e-01
5.889907802764470034e+03 4.201829448214812746e-01
5.889942105932192135e+03 3.965771614045441318e-01
5.889976409099913326e+03 2.891708468574800683e-01
5.890010612258399306e+03 3.499557391560932373e-01
5.890044915426121406e+03 3.717910888167600958e-01
5.890079218593842597e+03 5.305399822956624600e-01
5.890113521761564698e+03 5.995868987902035485e-01
5.890147824929285889e+03 5.393921510770138816e-01
5.890182028087771869e+03 5.405724402478607749e-01
5.890216331255493969e+03 5.877840070817350604e-01
5.890250634423215160e+03 4.709353791678961287e-01
5.890284837581702050e+03 5.240483918560047139e-01
5.890319140749422331e+03 4.845087046326350122e-01
5.890353443917144432e+03 4.201829448214812746e-01
5.890387647075630412e+03 4.591324874594275851e-01
5.890421950243352512e+03 4.780171141929772660e-01
5.890456253411072794e+03 4.721156683387429664e-01
5.890490456569559683e+03 5.694895249336087151e-01
5.890524759737280874e+03 5.252286810268516071e-01
5.890558962895767763e+03 5.494246090292121965e-01
5.890593266063488954e+03 5.081144880495721550e-01
5.890627469221975844e+03 5.694895249336087151e-01
5.890661772389696125e+03 6.645028031867807883e-01
5.890695975548183014e+03 7.724992623192682428e-01
5.890730278715904205e+03 7.022720566538801501e-01
5.890764481874391095e+03 7.730894069046916339e-01
5.890798785042112286e+03 8.273827087636470567e-01
5.890832988200599175e+03 8.132192387134847822e-01
5.890867291368319457e+03 8.722336972558276669e-01
5.890901494526805436e+03 8.539392151077014326e-01
5.890935697685292325e+03 8.934789023310710787e-01
5.890970000853013516e+03 8.468574800826202953e-01
5.891004204011500406e+03 9.277072882856299829e-01
5.891038507179221597e+03 9.141339628208910995e-01
5.891072710337707576e+03 8.503983475951608639e-01
5.891106913496193556e+03 9.837710239008556901e-01
5.891141216663915657e+03 9.147241074063146016e-01
5.891175419822401636e+03 9.135438182354677084e-01
5.891209622980887616e+03 9.536736500442608566e-01
5.891243826139373596e+03 9.082325169666568554e-01
5.891278129307095696e+03 9.159043965771613838e-01
5.891312332465581676e+03 9.282974328710533740e-01
5.891346535624068565e+03 1.017999409855414594e+00
5.891380738782553635e+03 9.943936264384773960e-01
5.891415041950275736e+03 9.341988787252877291e-01
5.891449245108761716e+03 1.062260253762171702e+00
5.891483448267247695e+03 9.760991442903511617e-01
5.891517651425734584e+03 1.016819120684567812e+00
5.891551854584220564e+03 1.033343169076423651e+00
5.891586057742706544e+03 1.037474181174387722e+00
5.891620260901192523e+03 1.037474181174387722e+00
5.891654464059679412e+03 1.042195337857775073e+00
5.891688767227399694e+03 1.057539097078784351e+00
5.891722970385886583e+03 1.122455001475361369e+00
5.891757173544372563e+03 1.159043965771614060e+00
5.891791376702858543e+03 1.208616110947182021e+00
5.891825579861345432e+03 1.148421363233992354e+00
5.891859783019831411e+03 1.193272351726172964e+00
5.891893986178317391e+03 1.137798760696370648e+00
5.891928189336803371e+03 1.140749483623487714e+00
5.891962392495290260e+03 1.127176158158748942e+00
5.891996595653776239e+03 1.089997049277072971e+00
5.892030798812262219e+03 1.065210976689288769e+00
5.892064901961512987e+03 1.036293892003540940e+00
5.892099105119998967e+03 9.513130717025671812e-01
5.892133308278485856e+03 9.572145175568014253e-01
5.892167511436971836e+03 9.530835054588374655e-01
5.892201714595457815e+03 9.997049277072882489e-01
5.892235917753944705e+03 9.955739156093242892e-01
5.892270120912430684e+03 1.086456181764532403e+00
5.892304224061681452e+03 1.105930953083505530e+00
5.892338427220167432e+03 1.120684567719091085e+00
5.892372630378653412e+03 1.144880495721451785e+00
5.892406833537140301e+03 1.175568014163470121e+00
5.892441036695626281e+03 1.203894954263794670e+00
5.892475139844877049e+03 1.137798760696370648e+00
5.892509343003363028e+03 1.210386544703452305e+00
5.892543546161849918e+03 1.219828858070227229e+00
5.892577649311099776e+03 1.153142519917379705e+00
5.892611852469586665e+03 1.208025966361758741e+00
5.892646055628072645e+03 1.236352906462083290e+00
5.892680158777323413e+03 1.270581292416641972e+00
5.892714361935809393e+03 1.199763942165830599e+00
5.892748565094296282e+03 1.181469460017704254e+00
5.892782668243547050e+03 1.155503098259073491e+00
5.892816871402033030e+03 1.156683387429920273e+00
5.892850974551283798e+03 1.080554735910298048e+00
5.892885177709769778e+03 1.084095603422838616e+00
5.892919380868255757e+03 1.052227795809973498e+00
5.892953484017506526e+03 1.005606373561522604e+00
5.892987687175993415e+03 1.055768663322514067e+00
5.893021790325243273e+03 1.056948952493360849e+00
5.893055993483730163e+03 1.164945411625848415e+00
5.893090096632980931e+03 1.108291531425199095e+00
5.893124199782231699e+03 1.161404544113307846e+00
5.893158402940717679e+03 1.163765122455001411e+00
5.893192506089968447e+03 1.206255532605488234e+00
5.893226709248454426e+03 1.125405724402478658e+00
5.893260812397706104e+03 1.077604012983180981e+00
5.893295015556192084e+03 1.226320448509884864e+00
5.893329118705442852e+03 1.113012688108586667e+00
5.893363221854693620e+03 1.167305989967541979e+00
5.893397425013180509e+03 1.160224254942460842e+00
5.893431528162430368e+03 1.091767483033343256e+00
5.893465631311681136e+03 1.041605193272351793e+00
5.893499834470168025e+03 1.111832398937739663e+00
5.893533937619418793e+03 1.043965771614045357e+00
5.893568040768669562e+03 1.094128061375036820e+00
5.893602143917920330e+03 9.766892888757745528e-01
5.893636347076406309e+03 9.460017704337562172e-01
5.893670450225657987e+03 1.052227795809973498e+00
5.893704553374908755e+03 1.036293892003540940e+00
5.893738656524159524e+03 1.050457362053703214e+00
5.893772759673409382e+03 1.059899675420477916e+00
5.893806962831896271e+03 1.075243434641487195e+00
5.893841065981147040e+03 1.073473000885216910e+00
5.893875169130397808e+03 1.022130421953378665e+00
5.893909272279649485e+03 1.066391265860135773e+00
5.893943375428899344e+03 1.002065506048982035e+00
5.893977478578150112e+03 1.060489820005901418e+00
5.894011581727400880e+03 9.943936264384773960e-01
5.894045684876651649e+03 1.055768663322514067e+00
5.894079788025902417e+03 1.065801121274712271e+00
5.894113891175154095e+03 1.003245795219828818e+00
5.894147994324404863e+03 1.053998229566243783e+00
5.894182097473655631e+03 1.085866037179108901e+00
5.894216200622906399e+03 1.094718205960460322e+00
5.894250303772157167e+03 1.118914133962820801e+00
5.894284406921407935e+03 1.138388905281794150e+00
5.894318510070658704e+03 1.164355267040424913e+00
5.894352613219910381e+03 1.132487459427559795e+00
5.894386716369161149e+03 1.177928592505163685e+00
5.894420819518411008e+03 1.075833579226910697e+00
5.894454922667661776e+03 1.103570374741811744e+00
5.894489025816912545e+03 1.049277072882856210e+00
5.894523128966163313e+03 1.056948952493360849e+00
5.894557132106179779e+03 1.046326349955739143e+00
5.894591235255430547e+03 1.052817940395396779e+00
5.894625338404681315e+03 1.010917674830333457e+00
5.894659441553932083e+03 9.985246385364414667e-01
5.894693544703182852e+03 9.519032162879905723e-01
5.894727547843198408e+03 1.016819120684567812e+00
5.894761650992449177e+03 1.056948952493360849e+00
5.894795754141699945e+03 1.071112422543523124e+00
5.894829857290950713e+03 1.077013868397757479e+00
5.894863860430966270e+03 9.589849513130717096e-01
5.894897963580217038e+03 1.013868397757450523e+00
5.894932066729467806e+03 1.069341988787252840e+00
5.894966069869483363e+03 1.005016228976099102e+00
5.895000173018735040e+03 1.084685748008262118e+00
5.895034276167985809e+03 1.102980230156388242e+00
5.895068279308000456e+03 1.025671289465919234e+00
5.895102382457251224e+03 1.023310711124225447e+00
5.895136385597267690e+03 1.007376807317792888e+00
5.895170488746518458e+03 1.085275892593685398e+00
5.895204591895769227e+03 9.949837710239008981e-01
5.895238595035783874e+03 9.831808793154322990e-01
5.895272698185035551e+03 9.572145175568014253e-01
5.895306701325051108e+03 8.757745647683682355e-01
5.895340804474301876e+03 8.663322514015934228e-01
5.895374807614317433e+03 8.728238418412510580e-01
5.895408910763568201e+03 8.179403953968722440e-01
5.895442913903583758e+03 7.642372381233402123e-01
5.895477017052834526e+03 8.598406609619356766e-01
5.895511020192850083e+03 7.778105635880790958e-01
5.895545023332865640e+03 7.949247565653585479e-01
5.895579126482116408e+03 7.671879610504573899e-01
5.895613129622131964e+03 7.105340808498081806e-01
5.895647232771382733e+03 6.804367069932133472e-01
5.895681235911398289e+03 6.172912363529065027e-01
5.895715239051412937e+03 4.980820300973738401e-01
5.895749342200664614e+03 5.252286810268516071e-01
5.895783345340680171e+03 4.384774269696075644e-01
5.895817348480694818e+03 5.771614045441133545e-01
5.895851351620711284e+03 4.951313071702567181e-01
5.895885454769962053e+03 4.945411625848332715e-01
5.895919457909976700e+03 4.243139569194452898e-01
5.895953461049993166e+03 3.475951608143995064e-01
5.895987464190008723e+03 3.428740041310121001e-01
5.896021567339258581e+03 3.989377397462378072e-01
5.896055570479275048e+03 4.437887282384184173e-01
5.896089573619290604e+03 5.370315727353202062e-01
5.896123576759305251e+03 6.096193567424018633e-01
5.896157579899321718e+03 5.529654765417527651e-01
5.896191583039336365e+03 4.998524638536441245e-01
5.896225686188587133e+03 5.329005606373561355e-01
5.896259689328603599e+03 5.169666568309235766e-01
5.896293692468618246e+03 4.868692829743286876e-01
5.896327695608633803e+03 5.807022720566539231e-01
5.896361698748649360e+03 5.092947772204190482e-01
5.896395701888664917e+03 4.998524638536441245e-01
5.896429705028681383e+03 4.939510179994098804e-01
5.896463708168696030e+03 4.190026556506343813e-01
5.896497711308711587e+03 4.856889938034818499e-01
5.896531714448727143e+03 6.255532605488344222e-01
5.896565717588742700e+03 6.662732369430510726e-01
5.896599720728758257e+03 7.506639126586013289e-01
5.896633723868773814e+03 8.580702272056653923e-01
5.896667727008789370e+03 8.391856004721156559e-01
5.896701730148804927e+03 8.999704927707288249e-01
5.896735733288820484e+03 9.566243729713780342e-01
5.896769636419600829e+03 9.784597226320448371e-01
5.896803639559615476e+03 9.701976984361168066e-01
5.896837642699631033e+03 1.036293892003540940e+00
5.896871645839647499e+03 9.778695780466214460e-01
5.896905648979662146e+03 1.065801121274712271e+00
5.896939652119678613e+03 9.406904691649453643e-01
5.896973555250458048e+03 1.012097964001180239e+00
5.897007558390473605e+03 9.672469755089997401e-01
5.897041561530489162e+03 1.041605193272351793e+00
5.897075564670504718e+03 1.012097964001180239e+00
5.897109467801285064e+03 1.010917674830333457e+00
5.897143470941299711e+03 1.043965771614045357e+00
5.897177474081316177e+03 1.061079964591324920e+00
5.897211477221330824e+03 1.160814399527884344e+00
5.897245380352112079e+03 9.613455296547653850e-01
5.897279383492126726e+03 9.979344939510179646e-01
5.897313386632142283e+03 1.017409265269991092e+00
5.897347289762922628e+03 9.908527589259368273e-01
5.897381292902938185e+03 1.021540277367955163e+00
5.897415196033718530e+03 9.902626143405134362e-01
5.897449199173733177e+03 9.642962525818825625e-01
5.897483202313749644e+03 9.341988787252877291e-01
5.897517105444529079e+03 1.025081144880495732e+00
5.897551108584545545e+03 9.731484213632339841e-01
5.897585011715324981e+03 9.955739156093242892e-01
5.897619014855340538e+03 9.223959870168191300e-01
5.897652917986120883e+03 1.058129241664207632e+00
5.897686921126136440e+03 1.019179699026261376e+00
5.897720824256915876e+03 1.032753024491000371e+00
5.897754827396932342e+03 1.101209796400117957e+00
5.897788730527711778e+03 1.030392446149306585e+00
5.897822733667728244e+03 1.007966951903216390e+00
5.897856636798507679e+03 1.073473000885216910e+00
5.897890539929288025e+03 1.075243434641487195e+00
5.897924543069303581e+03 1.075833579226910697e+00
5.897958446200083927e+03 1.107111242254352312e+00
5.897992349330864272e+03 1.015638831513720808e+00
5.898026352470879829e+03 1.183830038359398040e+00
5.898060255601660174e+03 1.087046326349955683e+00
5.898094158732439610e+03 1.042785482443198575e+00
5.898128161872456076e+03 1.048096783712009428e+00
5.898162065003235512e+03 1.148421363233992354e+00
5.898195968134015857e+03 1.069341988787252840e+00
5.898229971274031413e+03 1.046916494541162646e+00
5.898263874404811759e+03 1.081144880495721550e+00
5.898297777535591194e+03 1.137798760696370648e+00
5.898331680666371540e+03 1.059309530835054636e+00
5.898365583797151885e+03 1.084095603422838616e+00
5.898399586937167442e+03 1.034523458247270655e+00
5.898433490067947787e+03 9.908527589259368273e-01
5.898467393198727223e+03 9.737385659486573752e-01
5.898501296329508477e+03 9.554440838005311409e-01
5.898535199460287913e+03 9.690174092652700244e-01
5.898569102591068258e+03 1.020359988197108381e+00
5.898603005721848604e+03 1.016228976099144310e+00
5.898636908852628039e+03 9.719681321923870909e-01
5.898670811983409294e+03 9.879020359988197608e-01
5.898704715114188730e+03 1.017409265269991092e+00
5.898738718254204286e+03 9.713779876069636998e-01
5.898772621384984632e+03 9.719681321923870909e-01
5.898806524515764977e+03 9.383298908232516888e-01
5.898840427646545322e+03 9.790498672174682282e-01
5.898874230768090456e+03 9.926231926822071117e-01
5.898908133898869892e+03 9.814104455591620146e-01
5.898942037029650237e+03 9.601652404839186028e-01
5.898975940160429673e+03 9.312481557981705516e-01
5.899009843291210927e+03 9.401003245795219732e-01
5.899043746421991273e+03 9.218058424313957389e-01
5.899077649552770708e+03 9.229861316022425211e-01
5.899111552683551054e+03 9.058719386249630690e-01
5.899145455814330489e+03 8.757745647683682355e-01
5.899179358945111744e+03 9.578046621422248164e-01
5.899213162066655968e+03 9.389200354086750799e-01
5.899247065197436314e+03 9.324284449690174448e-01
5.899280968328216659e+03 9.406904691649453643e-01
5.899314871458997004e+03 9.637061079964591714e-01
5.899348774589776440e+03 1.056948952493360849e+00
5.899382577711321574e+03 1.071112422543523124e+00
5.899416480842101919e+03 1.034523458247270655e+00
5.899450383972882264e+03 9.701976984361168066e-01
5.899484187094426488e+03 1.021540277367955163e+00
5.899518090225207743e+03 9.005606373561522160e-01
5.899551993355987179e+03 8.586603717910887834e-01
5.899585796477532313e+03 8.486279138388905796e-01
5.899619699608312658e+03 9.005606373561522160e-01
5.899653602739092094e+03 8.887577456476837279e-01
5.899687405860637227e+03 9.530835054588374655e-01
5.899721308991417573e+03 9.141339628208910995e-01
5.899755212122197008e+03 8.893478902331071190e-01
5.899789015243742142e+03 9.619356742401888871e-01
5.899822918374522487e+03 9.442313366774859329e-01
5.899856721496067621e+03 8.982000590144585406e-01
5.899890624626847057e+03 8.846267335497196571e-01
5.899924427748392191e+03 9.772794334611979439e-01
5.899958330879172536e+03 9.690174092652700244e-01
5.899992134000717670e+03 9.288875774564768761e-01
5.900026037131497105e+03 9.831808793154322990e-01
5.900059840253042239e+03 9.672469755089997401e-01
5.900093743383822584e+03 1.010917674830333457e+00
5.900127546505366809e+03 1.073473000885216910e+00
5.900161449636147154e+03 1.035703747418117437e+00
5.900195252757692288e+03 1.043375627028622077e+00
5.900229055879237421e+03 1.027441723222189518e+00
5.900262959010016857e+03 1.023310711124225447e+00
5.900296762131561991e+03 1.063440542933018484e+00
5.900330565253107125e+03 1.048686928297432930e+00
5.900364468383887470e+03 1.020359988197108381e+00
5.900398271505431694e+03 9.778695780466214460e-01
5.900432074626976828e+03 9.601652404839186028e-01
5.900465977757757173e+03 8.858070227205665503e-01
5.900499780879302307e+03 8.716435526704042758e-01
5.900533584000846531e+03 8.757745647683682355e-01
5.900567387122391665e+03 8.574800826202420012e-01
5.900601290253172010e+03 8.456771909117734021e-01
5.900635093374717144e+03 9.218058424313957389e-01
5.900668896496262278e+03 9.023310711124225003e-01
5.900702699617805592e+03 9.265269991147830897e-01
5.900736502739350726e+03 9.153142519917379927e-01
5.900770305860895860e+03 9.406904691649453643e-01
5.900804208991676205e+03 9.483623487754500037e-01
5.900838012113220429e+03 1.026261434051342514e+00
5.900871815234765563e+03 9.831808793154322990e-01
5.900905618356310697e+03 1.012688108586603741e+00
5.900939421477855831e+03 1.105930953083505530e+00
5.900973224599400055e+03 1.022130421953378665e+00
5.901007027720945189e+03 1.032753024491000371e+00
5.901040830842489413e+03 1.089997049277072971e+00
5.901074633964034547e+03 1.137208616110947146e+00
5.901108437085579681e+03 1.106521097668928810e+00
5.901142240207124814e+03 1.118323989377397520e+00
5.901176043328669039e+03 1.217468279728533442e+00
5.901209846450214172e+03 1.179108881676010689e+00
5.901243649571758397e+03 1.105340808498082028e+00
5.901277452693303530e+03 1.091767483033343256e+00
5.901311255814848664e+03 1.094718205960460322e+00
5.901345058936393798e+03 1.032753024491000371e+00
5.901378862057938022e+03 1.141929772794334719e+00
5.901412565170247944e+03 1.091767483033343256e+00
5.901446368291793078e+03 1.033933313661847153e+00
5.901480171413337303e+03 1.070522277958099844e+00
5.901513974534881527e+03 1.092947772204190038e+00
5.901547777656426661e+03 1.125405724402478658e+00
5.901581580777971794e+03 1.084095603422838616e+00
5.901615283890281717e+03 1.060489820005901418e+00
5.901649087011825941e+03 1.170256712894659268e+00
5.901682890133371075e+03 1.039244614930658006e+00
5.901716693254915299e+03 9.890823251696665430e-01
5.901750396367226131e+03 9.701976984361168066e-01
5.901784199488769445e+03 1.056948952493360849e+00
5.901818002610314579e+03 9.395101799940985821e-01
5.901851705722624502e+03 1.074653290056063693e+00
5.901885508844169635e+03 1.114783121864856952e+00
5.901919311965713860e+03 1.126586013573325440e+00
5.901953015078023782e+03 1.042785482443198575e+00
5.901986818199568916e+03 9.625258188256122782e-01
5.902020621321114049e+03 8.775449985246385198e-01
5.902054324433423062e+03 9.530835054588374655e-01
5.902088127554967286e+03 1.084095603422838616e+00
5.902121830667277209e+03 1.049277072882856210e+00
5.902155633788821433e+03 1.099439362643847673e+00
5.902189336901131355e+03 1.138979049867217430e+00
5.902223140022676489e+03 1.095308350545883824e+00
5.902256843134985502e+03 1.090587193862496251e+00
5.902290646256530636e+03 1.140159339038064434e+00
5.902324349368839648e+03 1.185600472115668325e+00
5.902358152490384782e+03 1.157273532015343775e+00
5.902391855602694704e+03 1.069932133372676342e+00
5.902425658724238929e+03 1.079964591324874545e+00
5.902459361836548851e+03 1.062850398347595204e+00
5.902493164958093985e+03 1.074063145470640412e+00
5.902526868070402998e+03 1.025671289465919234e+00
5.902560571182712920e+03 1.140159339038064434e+00
5.902594374304258054e+03 1.091177338447919754e+00
5.902628077416567066e+03 1.039244614930658006e+00
5.902661780528876989e+03 1.052227795809973498e+00
5.902695583650421213e+03 1.093537916789613540e+00
5.902729286762731135e+03 1.025081144880495732e+00
5.902762989875040148e+03 1.069932133372676342e+00
5.902796692987350070e+03 1.016228976099144310e+00
5.902830496108895204e+03 1.052227795809973498e+00
5.902864199221204217e+03 1.082325169666568332e+00
5.902897902333514139e+03 1.054588374151667063e+00
5.902931605445823152e+03 1.092947772204190038e+00
5.902965408567368286e+03 1.045736205370315641e+00
5.902999111679677299e+03 1.033343169076423651e+00
5.903032814791987221e+03 1.079964591324874545e+00
5.903066517904296234e+03 1.102390085570964962e+00
5.903100221016606156e+03 1.183830038359398040e+00
5.903133924128915169e+03 1.152552375331956425e+00
5.903167627241225091e+03 1.138388905281794150e+00
5.903201430362770225e+03 1.161994688698731126e+00
5.903235133475079238e+03 1.277072882856299829e+00
5.903268836587389160e+03 1.223959870168191300e+00
5.903302539699698173e+03 9.967542047801711824e-01
5.903336242812007185e+03 1.101799940985541459e+00
5.903369945924317108e+03 1.160224254942460842e+00
5.903403649036626121e+03 1.208616110947182021e+00
5.903437352148936043e+03 1.169076423723812264e+00
5.903471055261245056e+03 1.182649749188551258e+00
5.903504758373554978e+03 1.252286810268515849e+00
5.903538461485863991e+03 1.169076423723812264e+00
5.903572164598173913e+03 1.202124520507524386e+00
5.903605867710482926e+03 1.157273532015343775e+00
5.903639470813557637e+03 1.141929772794334719e+00
5.903673173925867559e+03 1.175568014163470121e+00
5.903706877038176572e+03 1.039244614930658006e+00
5.903740580150486494e+03 1.095898495131307104e+00
5.903774283262795507e+03 1.069932133372676342e+00
5.903807986375105429e+03 1.022720566538801945e+00
5.903841689487414442e+03 1.006786662732369386e+00
5.903875292590488243e+03 1.031572735320153367e+00
5.903908995702798165e+03 1.000885216878135253e+00
5.903942698815107178e+03 1.022720566538801945e+00
5.903976401927417101e+03 1.027441723222189518e+00
5.904010005030491811e+03 1.058719386249631134e+00
5.904043708142800824e+03 9.707878430215403087e-01
5.904077411255110746e+03 1.001475361463558533e+00
5.904111014358184548e+03 1.025081144880495732e+00
5.904144717470493561e+03 9.613455296547653850e-01
5.904178420582803483e+03 9.861316022425494765e-01
5.904212023685877284e+03 1.080554735910298048e+00
5.904245726798186297e+03 1.111832398937739663e+00
5.904279429910496219e+03 1.044555916199468859e+00
5.904313033013570930e+03 1.082325169666568332e+00
5.904346736125880852e+03 1.050457362053703214e+00
5.904380439238189865e+03 1.076423723812333977e+00
5.904414042341263666e+03 1.041015048686928290e+00
5.904447745453573589e+03 1.073473000885216910e+00
5.904481348556647390e+03 1.090587193862496251e+00
5.904515051668956403e+03 1.107701386839775815e+00
5.904548654772031114e+03 1.033343169076423651e+00
5.904582357884341036e+03 1.123635290646208373e+00
5.904615960987414837e+03 1.097078784302154109e+00
5.904649664099723850e+03 1.054588374151667063e+00
5.904683267202797651e+03 1.026851578636766016e+00
5.904716870305873272e+03 9.719681321923870909e-01
5.904750573418182285e+03 9.772794334611979439e-01
5.904784176521256086e+03 9.336087341398642270e-01
5.904817879633566008e+03 8.911183239893774033e-01
5.904851482736639809e+03 9.200354086751254545e-01
5.904885085839714520e+03 8.686928297432870982e-01
5.904918788952023533e+03 8.415461788138093313e-01
5.904952392055097334e+03 8.704632634995573826e-01
5.904985995158172045e+03 9.147241074063146016e-01
5.905019698270481058e+03 8.557096488639717169e-01
5.905053301373555769e+03 8.627913838890528542e-01
5.905086904476629570e+03 9.300678666273236583e-01
5.905120607588939492e+03 9.271171437002065918e-01
5.905154210692013294e+03 8.586603717910887834e-01
5.905187813795087095e+03 9.324284449690174448e-01
5.905221416898161806e+03 8.557096488639717169e-01
5.905255020001235607e+03 9.766892888757745528e-01
5.905288723113545529e+03 9.389200354086750799e-01
5.905322326216619331e+03 9.218058424313957389e-01
5.905355929319694042e+03 1.003245795219828818e+00
5.905389532422767843e+03 9.507229271171436791e-01
5.905423135525841644e+03 9.436411920920625418e-01
5.905456738628915446e+03 9.666568309235762380e-01
5.905490341731990156e+03 9.825907347300087968e-01
5.905523944835063958e+03 9.395101799940985821e-01
5.905557547938138669e+03 9.241664207730894143e-01
5.905591251050447681e+03 9.288875774564768761e-01
5.905624854153522392e+03 8.804957214517556974e-01
5.905658457256596193e+03 8.527589259368545394e-01
5.905692060359669995e+03 8.946591915019179719e-01
5.905725663462743796e+03 9.052817940395396779e-01
5.905759266565819416e+03 9.347890233107111202e-01
5.905792869668893218e+03 8.710534080849807737e-01
5.905826372762730898e+03 9.229861316022425211e-01
