5.877037736119096735e+03 8.104798894082022587e-01
5.877072541192278550e+03 8.266736883681127246e-01
5.877107446280039767e+03 8.451056546639457157e-01
5.877142251353220672e+03 8.379961819498387143e-01
5.877177056426403396e+03 8.332565334737673801e-01
5.877211861499585211e+03 8.245671779343032304e-01
5.877246766587345519e+03 8.189059311434402355e-01
5.877281571660527334e+03 8.154828516884997658e-01
5.877316376733710058e+03 8.199591863603449271e-01
5.877351181806892782e+03 8.320716213547495466e-01
5.877386086894652180e+03 8.397077216773088937e-01
5.877420891967834905e+03 8.457639391745112034e-01
5.877455697041016720e+03 8.393127509709696898e-01
5.877490502114198534e+03 8.279902573892435891e-01
5.877525307187380349e+03 8.249621486406424342e-01
5.877560112260563074e+03 8.300967678230530833e-01
5.877595017348322472e+03 8.368112698308208808e-01
5.877629822421505196e+03 8.349680732012375595e-01
5.877664627494687920e+03 8.553748930287670138e-01
5.877699432567869735e+03 8.614311105259693235e-01
5.877734237641051550e+03 8.684089263379632939e-01
5.877769042714233365e+03 8.672240142189454604e-01
5.877803847787416089e+03 8.626160226449871571e-01
5.877838652860598813e+03 8.548482654203146680e-01
5.877873457933779719e+03 8.354947008096899053e-01
5.877908263006962443e+03 8.433941149364755363e-01
5.877943068080144258e+03 8.444473701533803389e-01
5.877977873153326072e+03 8.560331775393325016e-01
5.878012678226508797e+03 8.587979724837074835e-01
5.878047483299690612e+03 8.610361398196300087e-01
5.878082288372873336e+03 8.627476795471002990e-01
5.878117093446054241e+03 8.397077216773088937e-01
5.878151798504658473e+03 8.353630439075768743e-01
5.878186603577841197e+03 8.257520900533210639e-01
5.878221408651023012e+03 8.179843328286485749e-01
5.878256213724205736e+03 8.340464748864458988e-01
5.878291018797387551e+03 8.328615627674280653e-01
5.878325823870569366e+03 8.605095122111776629e-01
5.878360628943752090e+03 8.728852610098084552e-01
5.878395334002356321e+03 8.865775788295701121e-01
5.878430139075538136e+03 8.778882232901059623e-01
5.878464944148719951e+03 8.961885326838259225e-01
5.878499749221902675e+03 9.067210848528733935e-01
5.878534454280505997e+03 9.131722730564150181e-01
5.878569259353688722e+03 9.111974195247185548e-01
5.878604064426870536e+03 9.140938713712066788e-01
5.878638769485473858e+03 9.054045158317425290e-01
5.878673574558656583e+03 9.148838127838851975e-01
5.878708379631839307e+03 9.238364821275755201e-01
5.878743084690442629e+03 9.305509841353433176e-01
5.878777889763625353e+03 9.208083733789743652e-01
5.878812694836807168e+03 9.179119215324863523e-01
5.878847399895410490e+03 9.044829175169508684e-01
5.878882204968593214e+03 8.860509512211177663e-01
5.878917010041775939e+03 8.710420643802251339e-01
5.878951715100379261e+03 8.489237048252255002e-01
5.878986520173561075e+03 8.445790270554933699e-01
5.879021225232165307e+03 8.415509183068922150e-01
5.879056030305348031e+03 8.515568428674873402e-01
5.879090735363951353e+03 8.772299387795404746e-01
5.879125540437134077e+03 9.163320387071292039e-01
5.879160245495738309e+03 9.425317622276347951e-01
5.879195050568919214e+03 9.734711342242117205e-01
5.879229755627523446e+03 1.003357251003883954e+00
5.879264560700706170e+03 1.028108748601145317e+00
5.879299265759310401e+03 1.046145744190639215e+00
5.879333970817913723e+03 1.026397208873675249e+00
5.879368775891096448e+03 1.009150154696859980e+00
5.879403480949700679e+03 9.745243894411164121e-01
5.879438286022881584e+03 9.247580804423671808e-01
5.879472991081485816e+03 8.952669343690342618e-01
5.879507696140090047e+03 8.701204660654334733e-01
5.879542501213272772e+03 8.514251859653741983e-01
5.879577206271877003e+03 8.480021065104338396e-01
5.879611911330480325e+03 8.707787505759989610e-01
5.879646616389084556e+03 8.942136791521295702e-01
5.879681421462267281e+03 9.214666578895398530e-01
5.879716126520871512e+03 9.474030676058192713e-01
5.879750831579473925e+03 9.688631426502534172e-01
5.879785536638078156e+03 9.812388914488842095e-01
5.879820341711260880e+03 9.754459877559080727e-01
5.879855046769865112e+03 9.649134355868606017e-01
5.879889751828469343e+03 9.470080968994799564e-01
5.879924456887072665e+03 9.284444737015338234e-01
5.879959161945676897e+03 8.982950431176354167e-01
5.879993967018859621e+03 8.906589427950760696e-01
5.880028672077463852e+03 8.564281482456718164e-01
5.880063377136067174e+03 8.530050687907313467e-01
5.880098082194670496e+03 8.410242906984398692e-01
5.880132787253274728e+03 8.300967678230530833e-01
5.880167492311878959e+03 8.407609768942136963e-01
5.880202197370483191e+03 8.335198472779935530e-01
5.880236902429087422e+03 8.383911526561780292e-01
5.880271607487690744e+03 8.441840563491540550e-01
5.880306312546294976e+03 8.719636626950167946e-01
5.880341017604899207e+03 9.001382397472187380e-01
5.880375722663503439e+03 9.067210848528733935e-01
5.880410427722107670e+03 9.308142979395694905e-01
5.880445132780711901e+03 9.313409255480218363e-01
5.880479837839315223e+03 9.603054440129024094e-01
5.880514542897919455e+03 9.803172931340925489e-01
5.880549247956523686e+03 1.009940096109538610e+00
5.880583953015127918e+03 1.025607267460996619e+00
5.880618658073732149e+03 1.029293660720163262e+00
5.880653363132335471e+03 1.029951945230728638e+00
5.880687968176362119e+03 1.001777368178526695e+00
5.880722673234965441e+03 9.646501217826344288e-01
5.880757378293569673e+03 9.163320387071292039e-01
5.880792083352172995e+03 8.963201895859390644e-01
5.880826788410777226e+03 8.695938384569811275e-01
5.880861393454803874e+03 8.785465078006714501e-01
5.880896098513407196e+03 9.047462313211770413e-01
5.880930803572011428e+03 9.526693436903429513e-01
5.880965508630614750e+03 1.001514054374300633e+00
5.881000113674641398e+03 1.056809953261799828e+00
5.881034818733244720e+03 1.099730103350668120e+00
5.881069523791848951e+03 1.138832203278256960e+00
5.881104228850453183e+03 1.150549667566322265e+00
5.881138833894478921e+03 1.161345533539595909e+00
5.881173538953083153e+03 1.142650253439536634e+00
5.881208244011687384e+03 1.108551115792245412e+00
5.881242849055713123e+03 1.058389836087156866e+00
5.881277554114317354e+03 1.003357251003883954e+00
5.881312159158344002e+03 9.667566322164439230e-01
5.881346864216946415e+03 9.335790928839444724e-01
5.881381569275550646e+03 9.150154696859983394e-01
5.881416174319577294e+03 9.150154696859983394e-01
5.881450879378180616e+03 9.048778882232900722e-01
5.881485484422207264e+03 9.208083733789743652e-01
5.881520189480811496e+03 9.416101639128431344e-01
5.881554794524837234e+03 9.471397538015930984e-01
5.881589499583441466e+03 9.563557369495095939e-01
5.881624104627467204e+03 9.717595944967415411e-01
5.881658809686071436e+03 9.817655190573365553e-01
5.881693414730097174e+03 9.729445066157593747e-01
5.881728119788701406e+03 9.601737871107892675e-01
5.881762724832727145e+03 9.421367915212954802e-01
5.881797329876752883e+03 9.330524652754920156e-01
5.881832034935357115e+03 9.381870844579026647e-01
5.881866639979382853e+03 9.500362056480811113e-01
5.881901245023408592e+03 9.480613521163846480e-01
5.881935950082012823e+03 9.499045487459679693e-01
5.881970555126038562e+03 9.364755447304324854e-01
5.882005160170065210e+03 9.639918372720689410e-01
5.882039865228667622e+03 9.671516029227832378e-01
5.882074470272694271e+03 9.817655190573365553e-01
5.882109075316720919e+03 1.016259627410966981e+00
5.882143780375324241e+03 1.023369100125073983e+00
5.882178385419349979e+03 1.051412020275162895e+00
5.882212990463375718e+03 1.071555526298466177e+00
5.882247595507402366e+03 1.087617668356263501e+00
5.882282300566005688e+03 1.076821802382989857e+00
5.882316905610031426e+03 1.071292212494240115e+00
5.882351510654057165e+03 1.053386873806859247e+00
5.882386115698082904e+03 1.043907576854716579e+00
5.882420720742110461e+03 1.035744848923704886e+00
5.882455325786136200e+03 1.031531828056085898e+00
5.882489930830161939e+03 1.032321769468764305e+00
5.882524635888765260e+03 1.049042196037127228e+00
5.882559240932791909e+03 1.038641300770192899e+00
5.882593845976817647e+03 1.020735962082812254e+00
5.882628451020843386e+03 1.008491870186294603e+00
5.882663056064869124e+03 9.815022052531103824e-01
5.882697661108895772e+03 9.406885655980514738e-01
5.882732266152921511e+03 9.305509841353433176e-01
5.882766871196947250e+03 9.111974195247185548e-01
5.882801476240972988e+03 9.235731683233493472e-01
5.882836081284998727e+03 9.348956619050753369e-01
5.882870686329024466e+03 9.560924231452834210e-01
5.882905291373050204e+03 9.792640379171878573e-01
5.882939896417075943e+03 1.006648673556711282e+00
5.882974501461102591e+03 1.028108748601145317e+00
5.883009106505128329e+03 1.038904614574418961e+00
5.883043611534575575e+03 1.042591007833585603e+00
5.883078216578601314e+03 1.063392798367454484e+00
5.883112821622627962e+03 1.060364689618853218e+00
5.883147426666654610e+03 1.059706405108287841e+00
5.883182031710680349e+03 1.044697518267395209e+00
5.883216636754706087e+03 1.040484497399776220e+00
5.883251141784153333e+03 1.038509643868079868e+00
5.883285746828179072e+03 1.035218221315252540e+00
5.883320351872204810e+03 1.026923836482127594e+00
5.883354956916231458e+03 1.021920874201829976e+00
5.883389561960257197e+03 1.010071753011651641e+00
5.883424066989704443e+03 9.924297281284971683e-01
5.883458672033730181e+03 9.878217365545388651e-01
5.883493277077756829e+03 9.826871173721282160e-01
5.883527782107204985e+03 9.934829833454018599e-01
5.883562387151230723e+03 9.986176025278125090e-01
5.883596992195256462e+03 1.015469685998288352e+00
5.883631497224703708e+03 1.035481535119478602e+00
5.883666102268729446e+03 1.059443091304061557e+00
5.883700707312756094e+03 1.072872095319597152e+00
5.883735212342204250e+03 1.088012639062602815e+00
5.883769817386229988e+03 1.117635442038048765e+00
5.883804322415677234e+03 1.109999341715489418e+00
5.883838927459702973e+03 1.087749325258376754e+00
5.883873532503729621e+03 1.077480086893555455e+00
5.883908037533176866e+03 1.071160555592126862e+00
5.883942642577202605e+03 1.044039233756829610e+00
5.883977147606650760e+03 1.033506681587782250e+00
5.884011752650677408e+03 1.014943058389836006e+00
5.884046257680124654e+03 1.001909025080639948e+00
5.884080862724150393e+03 9.876900796524257231e-01
5.884115367753597639e+03 9.703113685734974236e-01
5.884149872783045794e+03 9.770258705812652211e-01
5.884184477827072442e+03 9.887433348693305257e-01
5.884218982856519688e+03 1.020077677572246655e+00
5.884253587900545426e+03 1.073135409123823214e+00
5.884288092929993581e+03 1.099730103350668120e+00
5.884322597959440827e+03 1.150549667566322265e+00
5.884357203003466566e+03 1.187808570864327562e+00
5.884391708032915631e+03 1.204134026726351170e+00
5.884426213062362876e+03 1.237706536765189824e+00
5.884460818106388615e+03 1.246395892304654085e+00
5.884495323135835861e+03 1.235468369429267410e+00
5.884529828165284925e+03 1.202290830096767849e+00
5.884564333194732171e+03 1.150944638272661358e+00
5.884598938238757910e+03 1.089855835692186137e+00
5.884633443268205156e+03 1.014679744585609944e+00
5.884667948297653311e+03 9.456915278783489809e-01
5.884702453327101466e+03 8.839444407873082721e-01
5.884737058371127205e+03 8.368112698308208808e-01
5.884771563400575360e+03 8.489237048252255002e-01
5.884806068430022606e+03 8.822329010598380927e-01
5.884840573459470761e+03 9.414785070107299925e-01
5.884875078488918916e+03 9.967744058982291877e-01
5.884909583518366162e+03 1.051412020275162895e+00
5.884944088547813408e+03 1.070238957277335201e+00
5.884978693591839146e+03 1.093015601342900434e+00
5.885013198621288211e+03 1.110920940030281079e+00
5.885047703650735457e+03 1.127378052794417718e+00
5.885082208680182703e+03 1.150023039957869697e+00
5.885116713709631767e+03 1.190046738200250198e+00
5.885151218739079013e+03 1.218879599763017518e+00
5.885185723768526259e+03 1.244816009479297048e+00
5.885220228797974414e+03 1.235336712527154157e+00
5.885254733827422569e+03 1.192811533144625180e+00
5.885289238856869815e+03 1.153841090119149593e+00
5.885323743886317970e+03 1.117635442038048765e+00
5.885358248915765216e+03 1.062339543150549570e+00
5.885392753945214281e+03 1.025607267460996619e+00
5.885427158960083034e+03 1.018629451649002648e+00
5.885461663989530280e+03 1.000987426765848287e+00
5.885496169018979344e+03 9.866368244355210315e-01
5.885530674048426590e+03 1.003488907905996985e+00
5.885565179077873836e+03 1.017444539529984926e+00
5.885599684107322901e+03 1.029688631426502576e+00
5.885634189136770146e+03 1.005595418339806368e+00
5.885668594151639809e+03 1.002567309591205325e+00
5.885703099181087964e+03 9.897965900862352173e-01
5.885737604210535210e+03 9.713646237904022263e-01
5.885772109239983365e+03 9.758409584622473876e-01
5.885806514254853028e+03 9.974326904087946755e-01
5.885841019284300273e+03 1.014284773879270629e+00
5.885875524313748429e+03 1.053781844513198562e+00
5.885910029343195674e+03 1.086827726943585093e+00
5.885944434358066246e+03 1.111184253834507363e+00
5.885978939387513492e+03 1.116845500625370358e+00
5.886013444416960738e+03 1.120005266276084432e+00
5.886047849431831310e+03 1.108551115792245412e+00
5.886082354461278555e+03 1.102494898295043102e+00
5.886116859490727620e+03 1.087222697649924408e+00
5.886151264505596373e+03 1.082088078467513759e+00
5.886185769535043619e+03 1.080771509446382783e+00
5.886220174549914191e+03 1.094332170364031409e+00
5.886254679579361436e+03 1.088539266671055161e+00
5.886289084594232008e+03 1.087486011454150470e+00
5.886323589623679254e+03 1.075505233361859103e+00
5.886357994638548917e+03 1.094727141070370724e+00
5.886392499667997072e+03 1.089460864985846822e+00
5.886426904682866734e+03 1.111315910736620394e+00
5.886461409712313980e+03 1.118820354157066710e+00
5.886495814727184552e+03 1.124349944045816674e+00
5.886530319756631798e+03 1.123823316437364328e+00
5.886564724771501460e+03 1.138700546376143707e+00
5.886599229800949615e+03 1.152787834902244679e+00
5.886633634815818368e+03 1.138832203278256960e+00
5.886668039830688940e+03 1.108287801988019128e+00
5.886702544860136186e+03 1.068659074451978164e+00
5.886736949875006758e+03 9.979593180172470213e-01
5.886771454904454004e+03 9.402935948917121589e-01
5.886805859919323666e+03 8.950036205648080889e-01
5.886840264934193328e+03 8.809163320387071172e-01
5.886874669949062991e+03 9.229148838127838594e-01
5.886909174978511146e+03 9.804489500362056909e-01
5.886943579993379899e+03 1.046145744190639215e+00
5.886977985008250471e+03 1.080771509446382783e+00
5.887012490037697717e+03 1.089592521887960075e+00
5.887046895052567379e+03 1.096965308406293138e+00
5.887081300067437041e+03 1.086827726943585093e+00
5.887115705082306704e+03 1.079323283523138777e+00
5.887150110097177276e+03 1.061944572444210477e+00
5.887184615126624522e+03 1.056546639457573544e+00
5.887219020141494184e+03 1.061154631031531848e+00
5.887253425156363846e+03 1.078533342110460147e+00
5.887287830171233509e+03 1.116977157527483389e+00
5.887322235186103171e+03 1.125534856164834396e+00
5.887356640200973743e+03 1.115792245408465444e+00
5.887391045215842496e+03 1.095517082483049132e+00
5.887425450230713068e+03 1.052070304785728494e+00
5.887459855245581821e+03 1.029951945230728638e+00
5.887494260260452393e+03 1.019419393061681278e+00
5.887528765289899638e+03 1.037851359357514269e+00
5.887563170304769301e+03 1.067079191626621126e+00
5.887597575319638963e+03 1.107892831281680035e+00
5.887631980334508626e+03 1.144230136264893671e+00
5.887666385349378288e+03 1.191231650319267921e+00
5.887700690349670367e+03 1.216378118622868820e+00
5.887735095364539120e+03 1.205187281943255861e+00
5.887769500379409692e+03 1.207162135474952214e+00
5.887803905394279354e+03 1.182278980975577598e+00
5.887838310409149017e+03 1.167401751036797997e+00
5.887872715424018679e+03 1.143703508656441326e+00
5.887907120438888342e+03 1.097360279112632453e+00
5.887941525453758004e+03 1.062734513856888885e+00
5.887975930468627666e+03 1.013758146270818283e+00
5.888010235468918836e+03 9.587255611875452610e-01
5.888044640483788498e+03 9.291027582120993111e-01
5.888079045498658161e+03 9.030346915937067509e-01
5.888113450513528733e+03 9.252847080508195265e-01
5.888147855528397486e+03 1.037456388651174954e+00
5.888182160528689565e+03 9.841353432953722224e-01
5.888216565543558318e+03 1.006385359752484998e+00
5.888250970558428889e+03 1.026660522677901310e+00
5.888285375573297642e+03 1.023764070831413298e+00
5.888319680573589721e+03 1.057336580870252174e+00
5.888354085588460293e+03 1.066420907116055528e+00
5.888388490603329046e+03 1.081429793956948160e+00
5.888422795603621125e+03 1.072477124613257837e+00
5.888457200618490788e+03 1.035876505825817917e+00
5.888491605633360450e+03 1.037324731749061923e+00
5.888525910633652529e+03 1.007438614969389690e+00
5.888560315648521282e+03 1.001382397472187380e+00
5.888594620648813361e+03 1.028767033111710916e+00
5.888629025663683024e+03 1.040879468106115535e+00
5.888663330663974193e+03 1.038509643868079868e+00
5.888697735678843856e+03 1.026923836482127594e+00
5.888732140693713518e+03 1.013889803172931314e+00
5.888766445694005597e+03 1.001119083667961318e+00
5.888800850708875259e+03 9.944045816601935206e-01
5.888835155709166429e+03 9.876900796524257231e-01
5.888869460709458508e+03 9.767625567770390482e-01
5.888903865724328170e+03 9.714962806925152572e-01
5.888938170724619340e+03 9.770258705812652211e-01
5.888972575739489002e+03 1.001250740570074349e+00
5.889006880739781082e+03 1.021130932789151569e+00
5.889041285754650744e+03 1.044302547561055894e+00
5.889075590754941913e+03 1.069975643473109139e+00
5.889109895755233993e+03 1.083141333684418450e+00
5.889144300770102745e+03 1.102363241392930071e+00
5.889178605770394825e+03 1.109077743400697758e+00
5.889212910770686904e+03 1.113554078072543030e+00
5.889247315785555656e+03 1.103153182805608479e+00
5.889281620785847736e+03 1.088670923573168414e+00
5.889315925786139815e+03 1.064972681192811521e+00
5.889350330801008568e+03 1.039431242182871529e+00
5.889384635801300647e+03 1.003357251003883954e+00
5.889418940801592726e+03 9.742610756368902392e-01
5.889453245801882986e+03 9.183068922388256672e-01
5.889487550802175065e+03 8.706470936738858191e-01
5.889521955817045637e+03 8.077150944638272767e-01
5.889556260817335897e+03 7.596603251925482247e-01
5.889590565817627976e+03 7.150286353762096425e-01
5.889624870817920055e+03 6.569679415443354653e-01
5.889659175818212134e+03 5.921927457046936016e-01
5.889693480818502394e+03 5.091172404713316668e-01
5.889727885833372966e+03 4.236719109999341759e-01
5.889762190833664135e+03 3.495490751102626747e-01
5.889796495833955305e+03 3.096570337699953712e-01
5.889830800834247384e+03 3.025475610558883699e-01
5.889865105834539463e+03 3.186097031136857494e-01
5.889899410834830633e+03 2.934632348100849053e-01
5.889933715835121802e+03 2.468566914620498876e-01
5.889968020835413881e+03 2.167072608781515364e-01
5.890002325835705051e+03 2.048581396879731453e-01
5.890036630835997130e+03 2.260549009281811461e-01
5.890070935836288299e+03 2.658152853663353077e-01
5.890105240836580379e+03 2.970179711671384615e-01
5.890139545836871548e+03 3.326969916397867211e-01
5.890173850837163627e+03 3.694292673293397278e-01
5.890208155837454797e+03 4.045816601935356416e-01
5.890242360823168383e+03 4.634322954380883375e-01
5.890276665823459552e+03 5.154367717727601494e-01
5.890310970823751632e+03 5.440063195313014077e-01
5.890345275824042801e+03 5.263642946481469354e-01
5.890379580824334880e+03 4.792311236916595441e-01
5.890413885824626050e+03 3.803567902047264582e-01
5.890448190824918129e+03 2.992561385030610421e-01
5.890482395810631715e+03 2.550194193930616637e-01
5.890516700810922885e+03 2.841155947600553233e-01
5.890551005811214054e+03 3.991837272068988196e-01
5.890585310811506133e+03 5.505891646369560632e-01
5.890619515797219719e+03 7.083141333684418450e-01
5.890653820797510889e+03 8.128497136462379258e-01
5.890688125797802968e+03 8.722269764992429675e-01
5.890722330783515645e+03 9.252847080508195265e-01
5.890756635783807724e+03 9.597788164044499526e-01
5.890790940784099803e+03 9.778158119939437398e-01
5.890825145769813389e+03 9.880850503587650380e-01
5.890859450770104559e+03 9.692581133565927320e-01
5.890893755770395728e+03 9.635968665657297372e-01
5.890927960756109314e+03 9.462181554868014377e-01
5.890962265756401393e+03 9.456915278783489809e-01
5.890996470742114980e+03 9.846619709038246793e-01
5.891030775742406149e+03 1.029030346915936978e+00
5.891065080742697319e+03 1.060759660325192533e+00
5.891099285728410905e+03 1.065499308801263867e+00
5.891133590728702984e+03 1.059179777499835495e+00
5.891167795714416570e+03 1.063656112171680546e+00
5.891202100714707740e+03 1.044170890658942863e+00
5.891236305700421326e+03 1.043249292344151202e+00
5.891270610700712496e+03 1.038246330063853584e+00
5.891304815686426082e+03 1.056546639457573544e+00
5.891339020672139668e+03 1.064841024290698490e+00
5.891373325672431747e+03 1.078928312816799462e+00
5.891407530658145333e+03 1.089987492594299168e+00
5.891441835658435593e+03 1.108156145085906097e+00
5.891476040644149180e+03 1.137647291159239016e+00
5.891510245629862766e+03 1.146468303600816308e+00
5.891544550630154845e+03 1.167533407938911250e+00
5.891578755615868431e+03 1.176486077282601572e+00
5.891612960601582017e+03 1.185043775919952580e+00
5.891647265601874096e+03 1.213218352972154523e+00
5.891681470587587683e+03 1.238233164373642392e+00
5.891715675573300359e+03 1.261404779145546717e+00
5.891749880559013945e+03 1.278256862616022671e+00
5.891784185559305115e+03 1.321835297215456562e+00
5.891818390545018701e+03 1.332236192482390891e+00
5.891852595530732287e+03 1.345401882693700202e+00
5.891886800516445874e+03 1.377526166809295072e+00
5.891921105516737953e+03 1.374629714962806837e+00
5.891955310502451539e+03 1.342242117042985905e+00
5.891989515488165125e+03 1.300638535975248589e+00
5.892023720473877802e+03 1.252715423606082457e+00
5.892057925459591388e+03 1.195181357382660847e+00
5.892092130445304065e+03 1.160687249029030310e+00
5.892126335431017651e+03 1.146599960502929338e+00
5.892160540416731237e+03 1.118952011059179741e+00
5.892194745402444823e+03 1.097491936014745484e+00
5.892229050402736902e+03 1.086696070041471840e+00
5.892263255388450489e+03 1.092357316832334835e+00
5.892297460374164075e+03 1.083404647488644512e+00
5.892331665359877661e+03 1.095780396287275416e+00
5.892365870345591247e+03 1.085116187216114803e+00
5.892400075331304834e+03 1.075241919557632819e+00
5.892434280317017510e+03 1.066025936409716213e+00
5.892468485302731096e+03 1.029162003818050231e+00
5.892502590273867099e+03 1.013889803172931314e+00
5.892536795259579776e+03 1.027977091699032286e+00
5.892571000245293362e+03 1.084326245803436173e+00
5.892605205231006948e+03 1.163188730169179008e+00
5.892639410216719625e+03 1.231518662365874484e+00
5.892673615202433211e+03 1.276676979790665634e+00
5.892707820188146798e+03 1.315384109011914937e+00
5.892742025173860384e+03 1.349351589757092906e+00
5.892776130144995477e+03 1.355934434862747784e+00
5.892810335130709063e+03 1.347245079323283523e+00
5.892844540116422650e+03 1.342505430847212189e+00
5.892878745102136236e+03 1.308406293199920967e+00
5.892912950087849822e+03 1.253637021920874117e+00
5.892947055058984915e+03 1.226252386281350804e+00
5.892981260044698502e+03 1.180304127443881246e+00
5.893015465030412088e+03 1.145020077677572301e+00
5.893049670016125674e+03 1.126061483773286742e+00
5.893083774987260767e+03 1.108287801988019128e+00
5.893117979972974354e+03 1.086301099335132747e+00
5.893152184958687940e+03 1.062734513856888885e+00
5.893186289929823033e+03 1.037324731749061923e+00
5.893220494915536619e+03 1.013889803172931314e+00
5.893254599886671713e+03 1.006648673556711282e+00
5.893288804872385299e+03 1.016127970508853950e+00
5.893323009858098885e+03 1.040484497399776220e+00
5.893357114829234888e+03 1.063392798367454484e+00
5.893391319814947565e+03 1.071555526298466177e+00
5.893425424786083568e+03 1.051543677177275926e+00
5.893459629771797154e+03 1.033375024685669219e+00
5.893493734742932247e+03 1.021262589691264600e+00
5.893527939728645833e+03 1.019024422355341963e+00
5.893562044699780927e+03 9.954578368770983232e-01
5.893596249685494513e+03 9.999341715489434845e-01
5.893630354656629606e+03 9.983542887235863361e-01
5.893664559642343193e+03 9.929563557369495141e-01
5.893698664613478286e+03 9.904548745968007051e-01
5.893732869599191872e+03 9.721545652030807450e-01
5.893766974570327875e+03 9.634652096636165952e-01
5.893801079541462968e+03 9.550391679283786184e-01
5.893835284527176555e+03 9.197551181620696736e-01
5.893869389498311648e+03 9.019814363768020593e-01
5.893903594484025234e+03 9.104074781120400361e-01
5.893937699455161237e+03 9.092225659930222026e-01
5.893971804426296330e+03 9.352906326114146518e-01
5.894005909397431424e+03 9.668882891185570649e-01
5.894040114383145010e+03 9.603054440129024094e-01
5.894074219354280103e+03 9.782107827002830547e-01
5.894108324325415197e+03 9.809755776446580366e-01
5.894142529311128783e+03 9.750510170495688689e-01
5.894176634282263876e+03 9.797906655256402031e-01
5.894210739253398970e+03 9.651767493910867746e-01
5.894244844224535882e+03 9.529326574945691242e-01
5.894278949195670975e+03 9.459548416825751538e-01
5.894313154181384562e+03 9.385820551642419796e-01
5.894347259152519655e+03 9.531959712987952971e-01
5.894381364123654748e+03 9.700480547692712507e-01
5.894415469094789842e+03 9.925613850306101993e-01
5.894449574065924935e+03 1.025080639852544273e+00
5.894483679037060028e+03 1.062471200052662823e+00
5.894517784008196031e+03 1.055230070436442569e+00
5.894551888979332034e+03 1.059574748206174810e+00
5.894585993950467127e+03 1.056151668751234229e+00
5.894620098921602221e+03 1.053781844513198562e+00
5.894654203892737314e+03 1.046014087288526184e+00
5.894688308863872408e+03 1.035876505825817917e+00
5.894722413835008410e+03 1.023500757027187236e+00
5.894756518806143504e+03 1.026923836482127594e+00
5.894790623777279507e+03 1.026002238167335934e+00
5.894824728748414600e+03 1.048252254624448598e+00
5.894858833719549693e+03 1.047593970113883222e+00
5.894892938690684787e+03 1.060233032716740187e+00
5.894927043661820790e+03 1.071687183200579208e+00
5.894961148632955883e+03 1.079849911131591123e+00
5.894995253604090976e+03 1.068395760647751880e+00
5.895029358575226070e+03 1.084062931999210111e+00
5.895063463546362073e+03 1.068000789941412787e+00
5.895097468502919583e+03 1.064577710486472206e+00
5.895131573474054676e+03 1.053518530708972500e+00
5.895165678445189769e+03 1.048515568428674882e+00
5.895199783416324863e+03 1.025870581265222903e+00
5.895233888387459956e+03 1.025343953656770557e+00
5.895267893344018376e+03 1.026133895069448965e+00
5.895301998315153469e+03 1.028767033111710916e+00
5.895336103286288562e+03 1.026923836482127594e+00
5.895370208257423656e+03 1.030083602132841891e+00
5.895404213213981166e+03 1.003752221710223269e+00
5.895438318185117168e+03 9.799223224277532340e-01
5.895472423156252262e+03 9.439799881508788015e-01
5.895506428112808862e+03 9.259429925613850143e-01
5.895540533083943956e+03 8.982950431176354167e-01
5.895574638055079049e+03 8.481337634125468705e-01
5.895608643011637469e+03 7.728260154038575358e-01
5.895642747982772562e+03 6.922519913106444100e-01
5.895676752939329162e+03 6.061483773286814314e-01
5.895710857910465165e+03 5.096438680797841236e-01
5.895744962881601168e+03 4.413139358830886483e-01
5.895778967838157769e+03 4.072147982357975371e-01
5.895813072809292862e+03 3.866763215061549408e-01
5.895847077765850372e+03 3.818050161279705201e-01
5.895881182736985465e+03 3.355934434862747895e-01
5.895915187693542975e+03 2.801658876966625078e-01
5.895949292664678069e+03 2.377723652162464507e-01
5.895983297621235579e+03 2.282930682641037545e-01
5.896017402592370672e+03 2.629188335198472948e-01
5.896051407548928182e+03 3.096570337699953712e-01
5.896085412505485692e+03 3.546836942926732683e-01
5.896119517476620786e+03 3.898360871568691821e-01
5.896153522433178296e+03 4.378908564281482341e-01
5.896187627404313389e+03 5.022710815614508384e-01
5.896221632360870899e+03 5.724442103877295240e-01
5.896255637317427500e+03 6.572312553485616382e-01
5.896289742288562593e+03 6.865907445197814152e-01
5.896323747245121012e+03 6.753999078401685674e-01
5.896357752201677613e+03 6.032519254821934185e-01
5.896391857172812706e+03 5.101704956882364694e-01
5.896425862129371126e+03 4.111645052991902971e-01
5.896459867085927726e+03 3.736422881969587162e-01
5.896493872042484327e+03 4.249884800210650959e-01
5.896527977013620330e+03 5.607267460996642194e-01
5.896561981970177840e+03 7.300375222171022749e-01
5.896595986926734440e+03 8.468171943914160060e-01
5.896629991883291950e+03 9.305509841353433176e-01
5.896663996839849460e+03 9.775524981897175669e-01
5.896698001796406061e+03 1.009413468501086264e+00
5.896732106767542064e+03 1.026923836482127594e+00
5.896766111724099574e+03 1.041142781910341597e+00
5.896800116680656174e+03 1.062997827661115169e+00
5.896834121637213684e+03 1.070765584885787547e+00
5.896868126593771194e+03 1.085511157922454117e+00
5.896902131550328704e+03 1.094858797972483755e+00
5.896936136506885305e+03 1.120531893884537000e+00
5.896970141463442815e+03 1.106312948456322776e+00
5.897004146420000325e+03 1.105128036337305053e+00
5.897038151376556925e+03 1.109604371009150103e+00
5.897072156333113526e+03 1.103284839707721732e+00
5.897106161289671945e+03 1.101309986176025379e+00
5.897140166246228546e+03 1.088012639062602815e+00
5.897174171202786056e+03 1.080113224935817184e+00
5.897208176159343566e+03 1.063261141465341231e+00
5.897242181115900166e+03 1.035744848923704886e+00
5.897276186072457676e+03 1.011125008228556332e+00
5.897310191029015186e+03 1.002435652689092294e+00
5.897344195985572696e+03 9.895332762820090444e-01
5.897378100927551714e+03 9.941412678559673477e-01
5.897412105884109224e+03 9.963794351918899839e-01
5.897446110840665824e+03 9.946678954644196935e-01
5.897480115797223334e+03 9.894016193798960135e-01
5.897514120753780844e+03 9.843986570995983953e-01
5.897548125710337445e+03 9.551708248304917603e-01
5.897582030652317371e+03 9.280495029951945085e-01
5.897616035608873972e+03 9.085642814824567148e-01
5.897650040565431482e+03 8.911855704035284154e-01
5.897684045521988992e+03 9.075110262655520232e-01
5.897717950463967099e+03 9.126456454479625613e-01
5.897751955420525519e+03 9.342373773945099602e-01
5.897785960377082120e+03 9.670199460206700959e-01
5.897819865319062046e+03 9.937462971496280328e-01
5.897853870275618647e+03 9.986176025278125090e-01
5.897887875232176157e+03 9.924297281284971683e-01
5.897921780174155174e+03 9.871634520439733773e-01
5.897955785130712684e+03 9.854519123165031980e-01
5.897989790087269284e+03 9.900599038904615012e-01
5.898023695029249211e+03 1.015601342900401605e+00
5.898057699985805812e+03 1.040352840497663189e+00
5.898091604927785738e+03 1.042854321637811887e+00
5.898125609884342339e+03 1.061681258639984193e+00
5.898159514826322265e+03 1.060759660325192533e+00
5.898193519782878866e+03 1.057599894674478236e+00
5.898227424724858793e+03 1.052333618589954556e+00
5.898261429681415393e+03 1.036929761042722609e+00
5.898295334623394410e+03 1.021394246593377630e+00
5.898329339579951920e+03 1.013231518662365938e+00
5.898363244521930937e+03 1.014548087683496913e+00
5.898397249478488447e+03 1.017312882627871673e+00
5.898431154420467465e+03 1.025738924363109650e+00
5.898465059362446482e+03 1.022052531103943229e+00
5.898499064319003992e+03 1.008886840892633696e+00
5.898532969260983009e+03 1.010993351326443301e+00
5.898566974217539610e+03 9.926930419327233412e-01
5.898600879159518627e+03 9.911131591073661928e-01
5.898634784101498553e+03 9.947995523665328355e-01
5.898668689043477571e+03 9.932196695411756870e-01
5.898702694000035081e+03 1.003620564808110016e+00
5.898736598942013188e+03 9.969060628003423297e-01
5.898770503883993115e+03 1.008360213284181350e+00
5.898804508840549715e+03 1.003488907905996985e+00
5.898838413782529642e+03 1.000065828451056626e+00
5.898872318724508659e+03 9.718912513988545721e-01
5.898906223666487676e+03 9.384503982621288376e-01
5.898940128608466694e+03 8.757817128562964681e-01
5.898974133565024204e+03 8.189059311434402355e-01
5.899008038507003221e+03 7.611085511157922312e-01
5.899041943448982238e+03 7.597919820946613667e-01
5.899075848390961255e+03 7.824369692581133462e-01
5.899109753332941182e+03 8.182476466328747478e-01
5.899143658274919289e+03 8.457639391745112034e-01
5.899177563216899216e+03 8.610361398196300087e-01
5.899211468158877324e+03 8.868408926337962850e-01
5.899245473115435743e+03 8.977684155091830709e-01
5.899279378057413851e+03 9.400302810874859860e-01
5.899313282999393778e+03 9.475347245079323022e-01
5.899347187941372795e+03 9.700480547692712507e-01
5.899381092883351812e+03 9.772891843854913940e-01
5.899414997825330829e+03 9.562240800473964519e-01
5.899448902767309846e+03 9.346323481008491640e-01
5.899482807709289773e+03 9.059311434401948748e-01
5.899516612636690297e+03 8.925021394246593909e-01
5.899550517578669314e+03 8.709104074781119920e-01
5.899584422520648332e+03 8.706470936738858191e-01
5.899618327462628258e+03 8.761766835626357830e-01
5.899652232404606366e+03 8.770982818774274437e-01
5.899686137346586293e+03 8.717003488907906217e-01
5.899720042288564400e+03 8.689355539464156397e-01
5.899753947230544327e+03 8.493186755315647041e-01
5.899787852172523344e+03 8.257520900533210639e-01
5.899821657099923868e+03 8.208807846751365878e-01
5.899855562041903795e+03 8.244355210321900884e-01
5.899889466983882812e+03 8.570864327562371932e-01
5.899923371925861829e+03 9.005332104535580529e-01
5.899957176853263263e+03 9.438483312487657706e-01
5.899991081795242280e+03 9.743927325390033811e-01
5.900024986737221298e+03 9.961161213876636999e-01
5.900058891679200315e+03 9.962477782897768419e-01
5.900092696606601748e+03 9.896649331841221864e-01
5.900126601548579856e+03 1.003883878612336300e+00
5.900160506490559783e+03 1.001119083667961318e+00
5.900194311417961217e+03 1.012836547956026623e+00
5.900228216359939324e+03 1.012573234151800339e+00
5.900262121301919251e+03 1.013099861760252685e+00
5.900295926229319775e+03 1.032980053979329904e+00
5.900329831171298792e+03 1.043775919952603548e+00
5.900363636098700226e+03 1.064841024290698490e+00
5.900397541040679243e+03 1.072608781515370868e+00
5.900431345968080677e+03 1.081693107761174444e+00
5.900465250910059694e+03 1.080508195642156499e+00
5.900499155852038712e+03 1.045224145875847555e+00
5.900532960779440145e+03 1.008623527088407634e+00
5.900566865721418253e+03 9.799223224277532340e-01
5.900600670648819687e+03 9.531959712987952971e-01
5.900634475576221121e+03 9.080376538740043690e-01
5.900668380518200138e+03 8.660391020999276268e-01
5.900702185445600662e+03 8.307550523336185710e-01
5.900736090387580589e+03 7.973141991968929476e-01
5.900769895314981113e+03 7.532091369890066002e-01
5.900803800256961040e+03 7.305641498255546207e-01
5.900837605184361564e+03 7.279310117832927807e-01
5.900871410111762088e+03 7.371469949312092762e-01
5.900905315053742015e+03 7.663748272003160222e-01
5.900939119981143449e+03 8.149562240800474200e-01
5.900972924908543064e+03 8.699888091633204423e-01
5.901006829850522990e+03 9.446382726614442893e-01
5.901040634777924424e+03 9.743927325390033811e-01
5.901074439705324949e+03 9.842670001974853644e-01
5.901108244632726382e+03 9.958528075834375271e-01
5.901142149574705400e+03 9.953261799749851813e-01
5.901175954502105924e+03 1.003093937199657670e+00
5.901209759429507358e+03 9.872951089460865193e-01
5.901243564356908792e+03 9.772891843854913940e-01
5.901277469298886899e+03 9.676782305312355836e-01
5.901311274226288333e+03 9.724178790073069178e-01
5.901345079153689767e+03 9.829504311763543889e-01
5.901378884081090291e+03 9.979593180172470213e-01
5.901412689008491725e+03 9.992758870383779968e-01
5.901446493935892249e+03 1.007043644263050597e+00
5.901480298863293683e+03 1.002303995786979041e+00
5.901514103790694207e+03 1.019419393061681278e+00
5.901547908718095641e+03 1.018629451649002648e+00
5.901581813660074658e+03 1.052991903100520155e+00
5.901615618587475183e+03 1.060496346520966471e+00
5.901649423514876617e+03 1.039826212889210622e+00
5.901683228442278050e+03 1.024817326048317989e+00
5.901717033369679484e+03 1.010598380620103987e+00
5.901750838297080008e+03 9.809755776446580366e-01
5.901784643224480533e+03 9.672832598248962688e-01
5.901818448151881967e+03 9.466131261931406415e-01
5.901852153064704908e+03 9.670199460206700959e-01
5.901885957992105432e+03 9.908498453031400199e-01
5.901919762919506866e+03 1.020735962082812254e+00
5.901953567846908300e+03 1.089987492594299168e+00
5.901987372774309733e+03 1.088275952866829099e+00
5.902021177701709348e+03 1.113027450464090684e+00
5.902054982629110782e+03 1.115133960897900067e+00
5.902088787556512216e+03 1.097491936014745484e+00
5.902122492469335157e+03 1.073267066025936467e+00
5.902156297396735681e+03 1.065104338094924552e+00
5.902190102324137115e+03 1.050490421960371235e+00
5.902223907251538549e+03 9.676782305312355836e-01
5.902257712178939073e+03 8.811796458429332901e-01
5.902291417091762924e+03 8.157461654927259387e-01
5.902325222019162538e+03 8.099532617997498019e-01
5.902359026946563972e+03 8.318083075505233737e-01
5.902392731859386913e+03 9.180435784345993833e-01
5.902426536786788347e+03 1.006911987360937344e+00
5.902460341714188871e+03 1.049437166743466543e+00
5.902494046627011812e+03 1.069449015864656793e+00
5.902527851554413246e+03 1.081956421565400506e+00
5.902561656481814680e+03 1.071555526298466177e+00
5.902595361394637621e+03 1.058784806793496180e+00
5.902629166322038145e+03 1.053255216904746216e+00
5.902662971249438669e+03 1.041932723323020227e+00
5.902696676162261610e+03 1.035349878217365571e+00
5.902730481089663044e+03 1.033111710881442935e+00
5.902764186002485985e+03 1.021130932789151569e+00
5.902797990929887419e+03 1.023237443222960952e+00
5.902831695842710360e+03 1.012046606543347993e+00
5.902865500770110884e+03 9.847936278059377102e-01
5.902899205682933825e+03 9.894016193798960135e-01
5.902933010610335259e+03 9.578039628727536003e-01
5.902966715523158200e+03 9.516160884734382597e-01
5.903000520450559634e+03 9.713646237904022263e-01
5.903034225363381665e+03 9.747877032453425850e-01
5.903067930276204606e+03 9.953261799749851813e-01
5.903101735203606040e+03 1.039299585280758276e+00
5.903135440116428981e+03 1.063656112171680546e+00
5.903169245043830415e+03 1.099466789546442058e+00
5.903202949956653356e+03 1.117108814429596420e+00
5.903236654869476297e+03 1.125666513066947427e+00
5.903270459796875912e+03 1.139885458495161652e+00
5.903304164709699762e+03 1.146468303600816308e+00
5.903337869622522703e+03 1.144625106971232986e+00
5.903371574535345644e+03 1.108551115792245412e+00
5.903405379462746168e+03 9.933513264432888290e-01
5.903439084375570019e+03 1.102231584490817040e+00
5.903472789288392960e+03 1.101178329273912126e+00
5.903506494201215901e+03 1.075505233361859103e+00
5.903540299128615516e+03 8.070568099532617889e-01
5.903574004041438457e+03 1.058389836087156866e+00
5.903607708954262307e+03 1.078270028306233863e+00
5.903641413867085248e+03 1.094068856559805125e+00
5.903675118779908189e+03 1.116055559212691728e+00
5.903708823692731130e+03 1.099203475742215774e+00
5.903742628620132564e+03 1.113949048778882123e+00
5.903776333532955505e+03 1.101441643078138410e+00
5.903810038445778446e+03 1.083931275097096858e+00
5.903843743358601387e+03 1.059574748206174810e+00
5.903877448271424328e+03 1.034164966098347627e+00
5.903911153184246359e+03 1.032058455664538243e+00
5.903944858097069300e+03 1.020735962082812254e+00
5.903978563009892241e+03 1.019682706865907340e+00
5.904012267922715182e+03 1.021657560397603914e+00
5.904045972835538123e+03 1.039694555987097591e+00
5.904079677748361064e+03 1.047725627015996253e+00
5.904113382661184005e+03 1.079849911131591123e+00
5.904147087574006946e+03 1.085116187216114803e+00
5.904180792486829887e+03 1.089329208083733791e+00
5.904214497399652828e+03 1.080113224935817184e+00
5.904248202312475769e+03 1.071292212494240115e+00
5.904281807210721126e+03 1.053913501415311593e+00
5.904315512123544067e+03 1.037193074846948893e+00
5.904349217036367008e+03 1.030083602132841891e+00
5.904382921949189949e+03 1.025212296754657304e+00
5.904416626862012890e+03 1.020604305180699001e+00
5.904450331774835831e+03 1.034296623000460880e+00
5.904483936673080279e+03 1.054045158317424846e+00
5.904517641585903220e+03 1.084852873411888519e+00
5.904551346498726161e+03 1.073267066025936467e+00
5.904585051411548193e+03 1.076426831676650542e+00
5.904618656309794460e+03 1.077216773089329171e+00
5.904652361222617401e+03 1.077216773089329171e+00
5.904686066135439432e+03 1.046277401092752246e+00
5.904719771048262373e+03 1.027582120992692971e+00
5.904753375946507731e+03 9.926930419327233412e-01
5.904787080859329762e+03 9.632018958593904223e-01
5.904820785772152703e+03 9.276545322888551937e-01
5.904854390670398061e+03 9.113290764268316968e-01
5.904888095583220093e+03 8.881574616549272605e-01
5.904921700481466360e+03 8.907905996971891005e-01
5.904955405394289301e+03 8.778882232901059623e-01
5.904989110307111332e+03 8.814429596471594630e-01
5.905022715205356690e+03 8.853926667105522785e-01
5.905056420118179631e+03 8.994799552366532502e-01
5.905090025016424079e+03 9.176486077282601794e-01
5.905123729929247020e+03 9.179119215324863523e-01
5.905157334827492377e+03 9.363438878283194544e-01
5.905191039740315318e+03 9.601737871107892675e-01
5.905224644638559766e+03 9.779474688960568818e-01
5.905258349551382707e+03 9.804489500362056909e-01
5.905291954449627156e+03 9.850569416101638831e-01
5.905325659362450097e+03 9.754459877559080727e-01
5.905359264260695454e+03 9.670199460206700959e-01
5.905392869158939902e+03 9.531959712987952971e-01
5.905426574071762843e+03 9.350273188071884789e-01
5.905460178970007291e+03 9.283128167994206814e-01
5.905493783868252649e+03 9.043512606148377264e-01
5.905527488781075590e+03 9.143571851754328517e-01
5.905561093679320038e+03 9.146204989796590246e-01
5.905594698577564486e+03 9.051412020275162451e-01
5.905628403490387427e+03 9.381870844579026647e-01
5.905662008388631875e+03 9.318675531564741821e-01
5.905695613286878142e+03 9.509578039628727719e-01
5.905729318199700174e+03 9.354222895135277938e-01
5.905762923097945531e+03 9.497728918438549384e-01
5.905796527996189980e+03 9.630702389572772804e-01
5.905830132894435337e+03 9.580672766769797732e-01
