5883.0000 0.954065
5883.0100 0.947137
5883.0200 0.941638
5883.0300 0.937804
5883.0400 0.935670
5883.0500 0.935141
5883.0600 0.936087
5883.0700 0.938386
5883.0800 0.941930
5883.0900 0.946575
5883.1000 0.952094
5883.1100 0.958161
5883.1200 0.964382
5883.1300 0.970350
5883.1400 0.975701
5883.1500 0.980152
5883.1600 0.983500
5883.1700 0.985598
5883.1800 0.986318
5883.1900 0.985529
5883.2000 0.983101
5883.2100 0.978952
5883.2200 0.973120
5883.2300 0.965839
5883.2400 0.957597
5883.2500 0.949125
5883.2600 0.941317
5883.2700 0.935079
5883.2800 0.931145
5883.2900 0.929906
5883.3000 0.931296
5883.3100 0.934777
5883.3200 0.939421
5883.3300 0.944068
5883.3400 0.947543
5883.3500 0.948872
5883.3600 0.947476
5883.3700 0.943305
5883.3800 0.936869
5883.3900 0.929157
5883.4000 0.921417
5883.4100 0.914857
5883.4200 0.910329
5883.4300 0.908111
5883.4400 0.907870
5883.4500 0.908825
5883.4600 0.910058
5883.4700 0.910855
5883.4800 0.910930
5883.4900 0.910481
5883.5000 0.910055
5883.5100 0.910323
5883.5200 0.911845
5883.5300 0.914922
5883.5400 0.919558
5883.5500 0.925515
5883.5600 0.932409
5883.5700 0.939811
5883.5800 0.947310
5883.5900 0.954547
5883.6000 0.961215
5883.6100 0.967066
5883.6200 0.971899
5883.6300 0.975554
5883.6400 0.977871
5883.6500 0.978622
5883.6600 0.977393
5883.6700 0.973422
5883.6800 0.965442
5883.6900 0.951601
5883.7000 0.929536
5883.7100 0.896721
5883.7200 0.851062
5883.7300 0.791707
5883.7400 0.719698
5883.7500 0.638290
5883.7600 0.552677
5883.7700 0.469172
5883.7800 0.394123
5883.7900 0.332943
5883.8000 0.289574
5883.8100 0.266437
5883.8200 0.264690
5883.8300 0.284470
5883.8400 0.324892
5883.8500 0.383785
5883.8600 0.457379
5883.8700 0.540263
5883.8800 0.625869
5883.8900 0.707444
5883.9000 0.779237
5883.9100 0.837478
5883.9200 0.880789
5883.9300 0.909958
5883.9400 0.927222
5883.9500 0.935395
5883.9600 0.937133
5883.9700 0.934510
5883.9800 0.928927
5883.9900 0.921276
5884.0000 0.912224
5884.0100 0.902491
5884.0200 0.893005
5884.0300 0.884905
5884.0400 0.879373
5884.0500 0.877386
5884.0600 0.879466
5884.0700 0.885537
5884.0800 0.894949
5884.0900 0.906644
5884.1000 0.919414
5884.1100 0.932155
5884.1200 0.944035
5884.1300 0.954552
5884.1400 0.963485
5884.1500 0.970803
5884.1600 0.976571
5884.1700 0.980893
5884.1800 0.983883
5884.1900 0.985661
5884.2000 0.986349
5884.2100 0.986069
5884.2200 0.984939
5884.2300 0.983080
5884.2400 0.980617
5884.2500 0.977695
5884.2600 0.974473
5884.2700 0.971119
5884.2800 0.967773
5884.2900 0.964509
5884.3000 0.961284
5884.3100 0.957894
5884.3200 0.953956
5884.3300 0.948912
5884.3400 0.942081
5884.3500 0.932764
5884.3600 0.920402
5884.3700 0.904784
5884.3800 0.886265
5884.3900 0.865918
5884.4000 0.845536
5884.4100 0.827398
5884.4200 0.813810
5884.4300 0.806511
5884.4400 0.806129
5884.4500 0.811927
5884.4600 0.821938
5884.4700 0.833520
5884.4800 0.844138
5884.4900 0.852092
5884.5000 0.856927
5884.5100 0.859398
5884.5200 0.861023
5884.5300 0.863438
5884.5400 0.867802
5884.5500 0.874469
5884.5600 0.883008
5884.5700 0.892489
5884.5800 0.901879
5884.5900 0.910376
5884.6000 0.917555
5884.6100 0.923311
5884.6200 0.927648
5884.6300 0.930420
5884.6400 0.931144
5884.6500 0.928972
5884.6600 0.922882
5884.6700 0.912038
5884.6800 0.896241
5884.6900 0.876291
5884.7000 0.854083
5884.7100 0.832338
5884.7200 0.813994
5884.7300 0.801456
5884.7400 0.795964
5884.7500 0.797335
5884.7600 0.804149
5884.7700 0.814285
5884.7800 0.825578
5884.7900 0.836354
5884.8000 0.845703
5884.8100 0.853469
5884.8200 0.860025
5884.8300 0.865956
5884.8400 0.871762
5884.8500 0.877646
5884.8600 0.883445
5884.8700 0.888710
5884.8800 0.892880
5884.8900 0.895496
5884.9000 0.896348
5884.9100 0.895489
5884.9200 0.893097
5884.9300 0.889219
5884.9400 0.883514
5884.9500 0.875090
5884.9600 0.862559
5884.9700 0.844330
5884.9800 0.819133
5884.9900 0.786619
5885.0000 0.747892
5885.0100 0.705746
5885.0200 0.664482
5885.0300 0.629282
5885.0400 0.605244
5885.0500 0.596331
5885.0600 0.604486
5885.0700 0.629174
5885.0800 0.667471
5885.0900 0.714690
5885.1000 0.765383
5885.1100 0.814441
5885.1200 0.857988
5885.1300 0.893853
5885.1400 0.921544
5885.1500 0.941847
5885.1600 0.956237
5885.1700 0.966328
5885.1800 0.973499
5885.1900 0.978737
5885.2000 0.982644
5885.2100 0.985542
5885.2200 0.987592
5885.2300 0.988889
5885.2400 0.989502
5885.2500 0.989486
5885.2600 0.988861
5885.2700 0.987607
5885.2800 0.985664
5885.2900 0.982975
5885.3000 0.979547
5885.3100 0.975529
5885.3200 0.971257
5885.3300 0.967238
5885.3400 0.964057
5885.3500 0.962233
5885.3600 0.962054
5885.3700 0.963486
5885.3800 0.966179
5885.3900 0.969577
5885.4000 0.973097
5885.4100 0.976279
5885.4200 0.978891
5885.4300 0.980919
5885.4400 0.982507
5885.4500 0.983849
5885.4600 0.985103
5885.4700 0.986336
5885.4800 0.987509
5885.4900 0.988503
5885.5000 0.989143
5885.5100 0.989236
5885.5200 0.988586
5885.5300 0.987006
5885.5400 0.984336
5885.5500 0.980468
5885.5600 0.975405
5885.5700 0.969324
5885.5800 0.962637
5885.5900 0.955986
5885.6000 0.950163
5885.6100 0.945939
5885.6200 0.943870
5885.6300 0.944131
5885.6400 0.946478
5885.6500 0.950330
5885.6600 0.954965
5885.6700 0.959725
5885.6800 0.964166
5885.6900 0.968099
5885.7000 0.971538
5885.7100 0.974596
5885.7200 0.977380
5885.7300 0.979936
5885.7400 0.982228
5885.7500 0.984166
5885.7600 0.985637
5885.7700 0.986543
5885.7800 0.986821
5885.7900 0.986447
5885.8000 0.985440
5885.8100 0.983852
5885.8200 0.981762
5885.8300 0.979278
5885.8400 0.976527
5885.8500 0.973666
5885.8600 0.970873
5885.8700 0.968349
5885.8800 0.966304
5885.8900 0.964933
5885.9000 0.964382
5885.9100 0.964712
5885.9200 0.965876
5885.9300 0.967720
5885.9400 0.970006
5885.9500 0.972463
5885.9600 0.974847
5885.9700 0.976989
5885.9800 0.978811
5885.9900 0.980323
5886.0000 0.981584
5886.0100 0.982653
5886.0200 0.983543
5886.0300 0.984179
5886.0400 0.984384
5886.0500 0.983885
5886.0600 0.982341
5886.0700 0.979399
5886.0800 0.974767
5886.0900 0.968278
5886.1000 0.959940
5886.1100 0.949920
5886.1200 0.938458
5886.1300 0.925710
5886.1400 0.911578
5886.1500 0.895611
5886.1600 0.877068
5886.1700 0.855177
5886.1800 0.829569
5886.1900 0.800710
5886.2000 0.770187
5886.2100 0.740650
5886.2200 0.715395
5886.2300 0.697676
5886.2400 0.689954
5886.2500 0.693313
5886.2600 0.707229
5886.2700 0.729734
5886.2800 0.757903
5886.2900 0.788499
5886.3000 0.818579
5886.3100 0.845907
5886.3200 0.869101
5886.3300 0.887555
5886.3400 0.901214
5886.3500 0.910343
5886.3600 0.915363
5886.3700 0.916801
5886.3800 0.915326
5886.3900 0.911813
5886.4000 0.907365
5886.4100 0.903232
5886.4200 0.900648
5886.4300 0.900602
5886.4400 0.903640
5886.4500 0.909752
5886.4600 0.918380
5886.4700 0.928559
5886.4800 0.939123
5886.4900 0.948928
5886.5000 0.957027
5886.5100 0.962776
5886.5200 0.965867
5886.5300 0.966310
5886.5400 0.964402
5886.5500 0.960691
5886.5600 0.955933
5886.5700 0.951020
5886.5800 0.946879
5886.5900 0.944318
5886.6000 0.943879
5886.6100 0.945735
5886.6200 0.949663
5886.6300 0.955129
5886.6400 0.961426
5886.6500 0.967838
5886.6600 0.973763
5886.6700 0.978775
5886.6800 0.982620
5886.6900 0.985164
5886.7000 0.986323
5886.7100 0.985998
5886.7200 0.984031
5886.7300 0.980203
5886.7400 0.974293
5886.7500 0.966189
5886.7600 0.956039
5886.7700 0.944383
5886.7800 0.932209
5886.7900 0.920879
5886.8000 0.911900
5886.8100 0.906596
5886.8200 0.905784
5886.8300 0.909557
5886.8400 0.917275
5886.8500 0.927740
5886.8600 0.939505
5886.8700 0.951202
5886.8800 0.961787
5886.8900 0.970638
5886.9000 0.977532
5886.9100 0.982535
5886.9200 0.985854
5886.9300 0.987713
5886.9400 0.988251
5886.9500 0.987479
5886.9600 0.985262
5886.9700 0.981357
5886.9800 0.975481
5886.9900 0.967430
5887.0000 0.957211
5887.0100 0.945165
5887.0200 0.932042
5887.0300 0.918973
5887.0400 0.907333
5887.0500 0.898505
5887.0600 0.893605
5887.0700 0.893238
5887.0800 0.897372
5887.0900 0.905358
5887.1000 0.916087
5887.1100 0.928239
5887.1200 0.940540
5887.1300 0.951968
5887.1400 0.961860
5887.1500 0.969917
5887.1600 0.976140
5887.1700 0.980721
5887.1800 0.983947
5887.1900 0.986110
5887.2000 0.987466
5887.2100 0.988214
5887.2200 0.988502
5887.2300 0.988439
5887.2400 0.988108
5887.2500 0.987582
5887.2600 0.986921
5887.2700 0.986176
5887.2800 0.985384
5887.2900 0.984560
5887.3000 0.983699
5887.3100 0.982765
5887.3200 0.981688
5887.3300 0.980347
5887.3400 0.978529
5887.3500 0.975885
5887.3600 0.971872
5887.3700 0.965741
5887.3800 0.956586
5887.3900 0.943527
5887.4000 0.925997
5887.4100 0.904093
5887.4200 0.878867
5887.4300 0.852398
5887.4400 0.827528
5887.4500 0.807271
5887.4600 0.794030
5887.4700 0.788889
5887.4800 0.791273
5887.4900 0.799149
5887.5000 0.809730
5887.5100 0.820444
5887.5200 0.829776
5887.5300 0.837650
5887.5400 0.845211
5887.5500 0.854125
5887.5600 0.865740
5887.5700 0.880459
5887.5800 0.897586
5887.5900 0.915617
5887.6000 0.932789
5887.6100 0.947612
5887.6200 0.959184
5887.6300 0.967233
5887.6400 0.971949
5887.6500 0.973758
5887.6600 0.973141
5887.6700 0.970560
5887.6800 0.966467
5887.6900 0.961363
5887.7000 0.955818
5887.7100 0.950441
5887.7200 0.945763
5887.7300 0.942109
5887.7400 0.939481
5887.7500 0.937546
5887.7600 0.935726
5887.7700 0.933397
5887.7800 0.930098
5887.7900 0.925707
5887.8000 0.920485
5887.8100 0.915004
5887.8200 0.909962
5887.8300 0.905972
5887.8400 0.903389
5887.8500 0.902234
5887.8600 0.902216
5887.8700 0.902852
5887.8800 0.903613
5887.8900 0.904082
5887.9000 0.904052
5887.9100 0.903567
5887.9200 0.902889
5887.9300 0.902401
5887.9400 0.902490
5887.9500 0.903424
5887.9600 0.905266
5887.9700 0.907828
5887.9800 0.910688
5887.9900 0.913249
5888.0000 0.914830
5888.0100 0.914779
5888.0200 0.912587
5888.0300 0.907985
5888.0400 0.901001
5888.0500 0.891991
5888.0600 0.881605
5888.0700 0.870724
5888.0800 0.860338
5888.0900 0.851407
5888.1000 0.844705
5888.1100 0.840685
5888.1200 0.839404
5888.1300 0.840502
5888.1400 0.843277
5888.1500 0.846798
5888.1600 0.850058
5888.1700 0.852126
5888.1800 0.852269
5888.1900 0.850052
5888.2000 0.845391
5888.2100 0.838571
5888.2200 0.830199
5888.2300 0.821119
5888.2400 0.812286
5888.2500 0.804641
5888.2600 0.799018
5888.2700 0.796088
5888.2800 0.796319
5888.2900 0.799943
5888.3000 0.806879
5888.3100 0.816670
5888.3200 0.828456
5888.3300 0.841062
5888.3400 0.853203
5888.3500 0.863745
5888.3600 0.871953
5888.3700 0.877610
5888.3800 0.880989
5888.3900 0.882693
5888.4000 0.883446
5888.4100 0.883901
5888.4200 0.884539
5888.4300 0.885654
5888.4400 0.887403
5888.4500 0.889869
5888.4600 0.893090
5888.4700 0.897048
5888.4800 0.901623
5888.4900 0.906545
5888.5000 0.911405
5888.5100 0.915720
5888.5200 0.919048
5888.5300 0.921103
5888.5400 0.921821
5888.5500 0.921346
5888.5600 0.919948
5888.5700 0.917901
5888.5800 0.915389
5888.5900 0.912457
5888.6000 0.909030
5888.6100 0.904966
5888.6200 0.900133
5888.6300 0.894469
5888.6400 0.888045
5888.6500 0.881120
5888.6600 0.874177
5888.6700 0.867914
5888.6800 0.863157
5888.6900 0.860680
5888.7000 0.860984
5888.7100 0.864096
5888.7200 0.869482
5888.7300 0.876128
5888.7400 0.882766
5888.7500 0.888169
5888.7600 0.891407
5888.7700 0.891950
5888.7800 0.889579
5888.7900 0.884143
5888.8000 0.875247
5888.8100 0.862031
5888.8200 0.843178
5888.8300 0.817227
5888.8400 0.783149
5888.8500 0.741028
5888.8600 0.692585
5888.8700 0.641322
5888.8800 0.592168
5888.8900 0.550695
5888.9000 0.522111
5888.9100 0.510284
5888.9200 0.517018
5888.9300 0.541713
5888.9400 0.581450
5888.9500 0.631495
5888.9600 0.686131
5888.9700 0.739649
5888.9800 0.787293
5888.9900 0.825917
5889.0000 0.854229
5889.0100 0.872606
5889.0200 0.882612
5889.0300 0.886410
5889.0400 0.886225
5889.0500 0.883977
5889.0600 0.881109
5889.0700 0.878559
5889.0800 0.876848
5889.0900 0.876188
5889.1000 0.876597
5889.1100 0.877967
5889.1200 0.880102
5889.1300 0.882735
5889.1400 0.885534
5889.1500 0.888126
5889.1600 0.890131
5889.1700 0.891211
5889.1800 0.891117
5889.1900 0.889720
5889.2000 0.887026
5889.2100 0.883171
5889.2200 0.878400
5889.2300 0.873038
5889.2400 0.867448
5889.2500 0.861986
5889.2600 0.856950
5889.2700 0.852533
5889.2800 0.848782
5889.2900 0.845589
5889.3000 0.842702
5889.3100 0.839773
5889.3200 0.836430
5889.3300 0.832356
5889.3400 0.827364
5889.3500 0.821445
5889.3600 0.814765
5889.3700 0.807621
5889.3800 0.800355
5889.3900 0.793249
5889.4000 0.786443
5889.4100 0.779896
5889.4200 0.773409
5889.4300 0.766700
5889.4400 0.759514
5889.4500 0.751719
5889.4600 0.743359
5889.4700 0.734643
5889.4800 0.725879
5889.4900 0.717359
5889.5000 0.709244
5889.5100 0.701478
5889.5200 0.693747
5889.5300 0.685506
5889.5400 0.676066
5889.5500 0.664730
5889.5600 0.650982
5889.5700 0.634675
5889.5800 0.616171
5889.5900 0.596366
5889.6000 0.576535
5889.6100 0.558027
5889.6200 0.541885
5889.6300 0.528532
5889.6400 0.517660
5889.6500 0.508373
5889.6600 0.499520
5889.6700 0.490069
5889.6800 0.479385
5889.6900 0.467295
5889.7000 0.453978
5889.7100 0.439758
5889.7200 0.424906
5889.7300 0.409537
5889.7400 0.393596
5889.7500 0.376909
5889.7600 0.359247
5889.7700 0.340364
5889.7800 0.320019
5889.7900 0.297992
5889.8000 0.274133
5889.8100 0.248447
5889.8200 0.221196
5889.8300 0.192980
5889.8400 0.164736
5889.8500 0.137633
5889.8600 0.112871
5889.8700 0.091448
5889.8800 0.073969
5889.8900 0.060561
5889.9000 0.050913
5889.9100 0.044415
5889.9200 0.040331
5889.9300 0.037963
5889.9400 0.036755
5889.9500 0.036350
5889.9600 0.036615
5889.9700 0.037640
5889.9800 0.039736
5889.9900 0.043422
5890.0000 0.049377
5890.0100 0.058342
5890.0200 0.070966
5890.0300 0.087635
5890.0400 0.108318
5890.0500 0.132503
5890.0600 0.159263
5890.0700 0.187431
5890.0800 0.215837
5890.0900 0.243529
5890.1000 0.269900
5890.1100 0.294704
5890.1200 0.317973
5890.1300 0.339883
5890.1400 0.360627
5890.1500 0.380315
5890.1600 0.398952
5890.1700 0.416447
5890.1800 0.432683
5890.1900 0.447599
5890.2000 0.461269
5890.2100 0.473956
5890.2200 0.486122
5890.2300 0.498374
5890.2400 0.511353
5890.2500 0.525603
5890.2600 0.541448
5890.2700 0.558908
5890.2800 0.577693
5890.2900 0.597267
5890.3000 0.616963
5890.3100 0.636107
5890.3200 0.654110
5890.3300 0.670508
5890.3400 0.684923
5890.3500 0.696963
5890.3600 0.706078
5890.3700 0.711424
5890.3800 0.711791
5890.3900 0.705662
5890.4000 0.691454
5890.4100 0.667971
5890.4200 0.634964
5890.4300 0.593660
5890.4400 0.547038
5890.4500 0.499687
5890.4600 0.457196
5890.4700 0.425189
5890.4800 0.408254
5890.4900 0.409041
5890.5000 0.427762
5890.5100 0.462201
5890.5200 0.508228
5890.5300 0.560665
5890.5400 0.614278
5890.5500 0.664633
5890.5600 0.708631
5890.5700 0.744631
5890.5800 0.772241
5890.5900 0.791930
5890.6000 0.804619
5890.6100 0.811374
5890.6200 0.813243
5890.6300 0.811217
5890.6400 0.806273
5890.6500 0.799444
5890.6600 0.791874
5890.6700 0.784811
5890.6800 0.779522
5890.6900 0.777150
5890.7000 0.778529
5890.7100 0.784027
5890.7200 0.793454
5890.7300 0.806080
5890.7400 0.820770
5890.7500 0.836201
5890.7600 0.851098
5890.7700 0.864448
5890.7800 0.875634
5890.7900 0.884471
5890.8000 0.891151
5890.8100 0.896124
5890.8200 0.899957
5890.8300 0.903186
5890.8400 0.906217
5890.8500 0.909257
5890.8600 0.912306
5890.8700 0.915177
5890.8800 0.917556
5890.8900 0.919067
5890.9000 0.919349
5890.9100 0.918132
5890.9200 0.915305
5890.9300 0.910981
5890.9400 0.905524
5890.9500 0.899542
5890.9600 0.893807
5890.9700 0.889117
5890.9800 0.886110
5890.9900 0.885076
5891.0000 0.885822
5891.0100 0.887624
5891.0200 0.889302
5891.0300 0.889388
5891.0400 0.886338
5891.0500 0.878727
5891.0600 0.865355
5891.0700 0.845281
5891.0800 0.817807
5891.0900 0.782527
5891.1000 0.739504
5891.1100 0.689574
5891.1200 0.634665
5891.1300 0.577955
5891.1400 0.523705
5891.1500 0.476754
5891.1600 0.441778
5891.1700 0.422500
5891.1800 0.421049
5891.1900 0.437590
5891.2000 0.470261
5891.2100 0.515454
5891.2200 0.568402
5891.2300 0.623988
5891.2400 0.677605
5891.2500 0.725837
5891.2600 0.766781
5891.2700 0.799937
5891.2800 0.825794
5891.2900 0.845296
5891.3000 0.859410
5891.3100 0.868912
5891.3200 0.874400
5891.3300 0.876433
5891.3400 0.875671
5891.3500 0.872931
5891.3600 0.869114
5891.3700 0.865030
5891.3800 0.861195
5891.3900 0.857639
5891.4000 0.853797
5891.4100 0.848502
5891.4200 0.840117
5891.4300 0.826842
5891.4400 0.807224
5891.4500 0.780799
5891.4600 0.748705
5891.4700 0.714013
5891.4800 0.681505
5891.4900 0.656818
5891.5000 0.645089
5891.5100 0.649545
5891.5200 0.670524
5891.5300 0.705321
5891.5400 0.748928
5891.5500 0.795377
5891.5600 0.839207
5891.5700 0.876554
5891.5800 0.905603
5891.5900 0.926391
5891.6000 0.940211
5891.6100 0.948895
5891.6200 0.954237
5891.6300 0.957643
5891.6400 0.960019
5891.6500 0.961818
5891.6600 0.963159
5891.6700 0.963973
5891.6800 0.964125
5891.6900 0.963515
5891.7000 0.962145
5891.7100 0.960157
5891.7200 0.957829
5891.7300 0.955537
5891.7400 0.953660
5891.7500 0.952474
5891.7600 0.952037
5891.7700 0.952117
5891.7800 0.952186
5891.7900 0.951502
5891.8000 0.949264
5891.8100 0.944833
5891.8200 0.937950
5891.8300 0.928909
5891.8400 0.918607
5891.8500 0.908431
5891.8600 0.899979
5891.8700 0.894680
5891.8800 0.893415
5891.8900 0.896288
5891.9000 0.902610
5891.9100 0.911111
5891.9200 0.920300
5891.9300 0.928833
5891.9400 0.935780
5891.9500 0.940734
5891.9600 0.943762
5891.9700 0.945255
5891.9800 0.945764
5891.9900 0.945852
5892.0000 0.946005
5892.0100 0.946590
5892.0200 0.947837
5892.0300 0.949843
5892.0400 0.952584
5892.0500 0.955933
5892.0600 0.959685
5892.0700 0.963582
5892.0800 0.967351
5892.0900 0.970721
5892.1000 0.973435
5892.1100 0.975223
5892.1200 0.975770
5892.1300 0.974642
5892.1400 0.971237
5892.1500 0.964767
5892.1600 0.954331
5892.1700 0.939124
5892.1800 0.918772
5892.1900 0.893724
5892.2000 0.865544
5892.2100 0.836925
5892.2200 0.811306
5892.2300 0.792117
5892.2400 0.781891
5892.2500 0.781558
5892.2600 0.790208
5892.2700 0.805424
5892.2800 0.824034
5892.2900 0.842964
5892.3000 0.859890
5892.3100 0.873514
5892.3200 0.883478
5892.3300 0.890069
5892.3400 0.893857
5892.3500 0.895399
5892.3600 0.895012
5892.3700 0.892646
5892.3800 0.887856
5892.3900 0.879918
5892.4000 0.868121
5892.4100 0.852183
5892.4200 0.832688
5892.4300 0.811337
5892.4400 0.790863
5892.4500 0.774543
5892.4600 0.765432
5892.4700 0.765555
5892.4800 0.775352
5892.4900 0.793568
5892.5000 0.817635
5892.5100 0.844366
5892.5200 0.870719
5892.5300 0.894369
5892.5400 0.913948
5892.5500 0.928931
5892.5600 0.939307
5892.5700 0.945152
5892.5800 0.946272
5892.5900 0.942002
5892.6000 0.931210
5892.6100 0.912523
5892.6200 0.884747
5892.6300 0.847372
5892.6400 0.801021
5892.6500 0.747636
5892.6600 0.690287
5892.6700 0.632578
5892.6800 0.577847
5892.6900 0.528418
5892.7000 0.485174
5892.7100 0.447606
5892.7200 0.414261
5892.7300 0.383394
5892.7400 0.353585
5892.7500 0.324104
5892.7600 0.294974
5892.7700 0.266766
5892.7800 0.240247
5892.7900 0.216043
5892.8000 0.194450
5892.8100 0.175453
5892.8200 0.158939
5892.8300 0.145019
5892.8400 0.134321
5892.8500 0.128178
5892.8600 0.128642
5892.8700 0.138326
5892.8800 0.160060
5892.8900 0.196363
5892.9000 0.248755
5892.9100 0.317037
5892.9200 0.398777
5892.9300 0.489274
5892.9400 0.582183
5892.9500 0.670686
5892.9600 0.748881
5892.9700 0.812897
5892.9800 0.861370
5892.9900 0.895221
5893.0000 0.916911
5893.0100 0.929535
5893.0200 0.936050
5893.0300 0.938798
5893.0400 0.939325
5893.0500 0.938434
5893.0600 0.936354
5893.0700 0.932973
5893.0800 0.928066
5893.0900 0.921482
5893.1000 0.913268
5893.1100 0.903693
5893.1200 0.893181
5893.1300 0.882162
5893.1400 0.870901
5893.1500 0.859382
5893.1600 0.847320
5893.1700 0.834334
5893.1800 0.820271
5893.1900 0.805537
5893.2000 0.791307
5893.2100 0.779455
5893.2200 0.772169
5893.2300 0.771330
5893.2400 0.777896
5893.2500 0.791493
5893.2600 0.810418
5893.2700 0.832041
5893.2800 0.853468
5893.2900 0.872239
5893.3000 0.886817
5893.3100 0.896771
5893.3200 0.902647
5893.3300 0.905647
5893.3400 0.907232
5893.3500 0.908782
5893.3600 0.911358
5893.3700 0.915575
5893.3800 0.921581
5893.3900 0.929119
5893.4000 0.937642
5893.4100 0.946456
5893.4200 0.954869
5893.4300 0.962310
5893.4400 0.968390
5893.4500 0.972919
5893.4600 0.975865
5893.4700 0.977294
5893.4800 0.977298
5893.4900 0.975944
5893.5000 0.973235
5893.5100 0.969103
5893.5200 0.963428
5893.5300 0.956076
5893.5400 0.946975
5893.5500 0.936201
5893.5600 0.924067
5893.5700 0.911186
5893.5800 0.898480
5893.5900 0.887109
5893.6000 0.878302
5893.6100 0.873144
5893.6200 0.872343
5893.6300 0.876063
5893.6400 0.883880
5893.6500 0.894862
5893.6600 0.907763
5893.6700 0.921266
5893.6800 0.934207
5893.6900 0.945720
5893.7000 0.955288
5893.7100 0.962713
5893.7200 0.968028
5893.7300 0.971394
5893.7400 0.973025
5893.7500 0.973134
5893.7600 0.971930
5893.7700 0.969625
5893.7800 0.966463
5893.7900 0.962728
5893.8000 0.958733
5893.8100 0.954785
5893.8200 0.951142
5893.8300 0.947981
5893.8400 0.945396
5893.8500 0.943426
5893.8600 0.942108
5893.8700 0.941522
5893.8800 0.941795
5893.8900 0.943059
5893.9000 0.945375
5893.9100 0.948658
5893.9200 0.952638
5893.9300 0.956882
5893.9400 0.960867
5893.9500 0.964065
5893.9600 0.966022
5893.9700 0.966402
5893.9800 0.964982
5893.9900 0.961648
5894.0000 0.956374
5894.0100 0.949241
5894.0200 0.940471
5894.0300 0.930474
5894.0400 0.919893
5894.0500 0.909595
5894.0600 0.900602
5894.0700 0.893931
5894.0800 0.890393
5894.0900 0.890388
5894.1000 0.893781
5894.1100 0.899907
5894.1200 0.907724
5894.1300 0.916074
5894.1400 0.923958
5894.1500 0.930745
5894.1600 0.936246
5894.1700 0.940652
5894.1800 0.944366
5894.1900 0.947791
5894.2000 0.951156
5894.2100 0.954394
5894.2200 0.957100
5894.2300 0.958546
5894.2400 0.957727
5894.2500 0.953449
5894.2600 0.944466
5894.2700 0.929706
5894.2800 0.908615
5894.2900 0.881555
5894.3000 0.850151
5894.3100 0.817382
5894.3200 0.787248
5894.3300 0.763985
5894.3400 0.750990
5894.3500 0.749815
5894.3600 0.759641
5894.3700 0.777484
5894.3800 0.799115
5894.3900 0.820355
5894.4000 0.838261
5894.4100 0.851763
5894.4200 0.861592
5894.4300 0.869587
5894.4400 0.877759
5894.4500 0.887491
5894.4600 0.899142
5894.4700 0.912127
5894.4800 0.925299
5894.4900 0.937430
5894.5000 0.947566
5894.5100 0.955176
5894.5200 0.960112
5894.5300 0.962475
5894.5400 0.962487
5894.5500 0.960414
5894.5600 0.956561
5894.5700 0.951310
5894.5800 0.945153
5894.5900 0.938699
5894.6000 0.932631
5894.6100 0.927620
5894.6200 0.924210
5894.6300 0.922727
5894.6400 0.923210
5894.6500 0.925411
5894.6600 0.928845
5894.6700 0.932881
5894.6800 0.936841
5894.6900 0.940096
5894.7000 0.942129
5894.7100 0.942581
5894.7200 0.941275
5894.7300 0.938217
5894.7400 0.933581
5894.7500 0.927674
5894.7600 0.920890
5894.7700 0.913668
5894.7800 0.906472
5894.7900 0.899789
5894.8000 0.894127
5894.8100 0.889990
5894.8200 0.887791
5894.8300 0.887724
5894.8400 0.889614
5894.8500 0.892838
5894.8600 0.896347
5894.8700 0.898843
5894.8800 0.899064
5894.8900 0.896120
5894.9000 0.889753
5894.9100 0.880436
5894.9200 0.869231
5894.9300 0.857462
5894.9400 0.846313
5894.9500 0.836533
5894.9600 0.828378
5894.9700 0.821812
5894.9800 0.816830
5894.9900 0.813717
5895.0000 0.813061
5895.0100 0.815520
5895.0200 0.821443
5895.0300 0.830556
5895.0400 0.841865
5895.0500 0.853820
5895.0600 0.864649
5895.0700 0.872729
5895.0800 0.876862
5895.0900 0.876419
5895.1000 0.871386
5895.1100 0.862353
5895.1200 0.850466
5895.1300 0.837338
5895.1400 0.824854
5895.1500 0.814878
5895.1600 0.808893
5895.1700 0.807688
5895.1800 0.811203
5895.1900 0.818602
5895.2000 0.828544
5895.2100 0.839551
5895.2200 0.850340
5895.2300 0.860021
5895.2400 0.868137
5895.2500 0.874575
5895.2600 0.879441
5895.2700 0.882948
5895.2800 0.885346
5895.2900 0.886890
5895.3000 0.887829
5895.3100 0.888380
5895.3200 0.888714
5895.3300 0.888931
5895.3400 0.889064
5895.3500 0.889082
5895.3600 0.888917
5895.3700 0.888488
5895.3800 0.887717
5895.3900 0.886540
5895.4000 0.884906
5895.4100 0.882777
5895.4200 0.880132
5895.4300 0.876959
5895.4400 0.873264
5895.4500 0.869061
5895.4600 0.864368
5895.4700 0.859200
5895.4800 0.853562
5895.4900 0.847437
5895.5000 0.840793
5895.5100 0.833575
5895.5200 0.825719
5895.5300 0.817158
5895.5400 0.807836
5895.5500 0.797717
5895.5600 0.786778
5895.5700 0.775004
5895.5800 0.762357
5895.5900 0.748760
5895.6000 0.734082
5895.6100 0.718165
5895.6200 0.700870
5895.6300 0.682158
5895.6400 0.662159
5895.6500 0.641188
5895.6600 0.619706
5895.6700 0.598197
5895.6800 0.577030
5895.6900 0.556336
5895.7000 0.535962
5895.7100 0.515512
5895.7200 0.494439
5895.7300 0.472160
5895.7400 0.448142
5895.7500 0.421946
5895.7600 0.393263
5895.7700 0.361950
5895.7800 0.328101
5895.7900 0.292130
5895.8000 0.254834
5895.8100 0.217386
5895.8200 0.181219
5895.8300 0.147820
5895.8400 0.118472
5895.8500 0.094033
5895.8600 0.074807
5895.8700 0.060556
5895.8800 0.050626
5895.8900 0.044142
5895.9000 0.040209
5895.9100 0.038062
5895.9200 0.037167
5895.9300 0.037263
5895.9400 0.038379
5895.9500 0.040832
5895.9600 0.045209
5895.9700 0.052311
5895.9800 0.063047
5895.9900 0.078272
5896.0000 0.098585
5896.0100 0.124147
5896.0200 0.154573
5896.0300 0.188955
5896.0400 0.226007
5896.0500 0.264304
5896.0600 0.302525
5896.0700 0.339645
5896.0800 0.375016
5896.0900 0.408341
5896.1000 0.439582
5896.1100 0.468842
5896.1200 0.496264
5896.1300 0.521960
5896.1400 0.545987
5896.1500 0.568338
5896.1600 0.588964
5896.1700 0.607800
5896.1800 0.624800
5896.1900 0.639958
5896.2000 0.653322
5896.2100 0.664968
5896.2200 0.674956
5896.2300 0.683263
5896.2400 0.689742
5896.2500 0.694133
5896.2600 0.696162
5896.2700 0.695720
5896.2800 0.693087
5896.2900 0.689094
5896.3000 0.685147
5896.3100 0.683036
5896.3200 0.684541
5896.3300 0.690974
5896.3400 0.702782
5896.3500 0.719403
5896.3600 0.739400
5896.3700 0.760850
5896.3800 0.781821
5896.3900 0.800792
5896.4000 0.816888
5896.4100 0.829905
5896.4200 0.840171
5896.4300 0.848325
5896.4400 0.855091
5896.4500 0.861103
5896.4600 0.866810
5896.4700 0.872448
5896.4800 0.878068
5896.4900 0.883604
5896.5000 0.888942
5896.5100 0.893979
5896.5200 0.898659
5896.5300 0.902976
5896.5400 0.906957
5896.5500 0.910639
5896.5600 0.914048
5896.5700 0.917192
5896.5800 0.920065
5896.5900 0.922660
5896.6000 0.924979
5896.6100 0.927043
5896.6200 0.928879
5896.6300 0.930508
5896.6400 0.931926
5896.6500 0.933092
5896.6600 0.933933
5896.6700 0.934367
5896.6800 0.934340
5896.6900 0.933870
5896.7000 0.933069
5896.7100 0.932136
5896.7200 0.931307
5896.7300 0.930780
5896.7400 0.930637
5896.7500 0.930798
5896.7600 0.931036
5896.7700 0.931047
5896.7800 0.930560
5896.7900 0.929445
5896.8000 0.927782
5896.8100 0.925862
5896.8200 0.924129
5896.8300 0.923062
5896.8400 0.923048
5896.8500 0.924277
5896.8600 0.926695
5896.8700 0.930031
5896.8800 0.933882
5896.8900 0.937828
5896.9000 0.941538
5896.9100 0.944829
5896.9200 0.947666
5896.9300 0.950115
5896.9400 0.952276
5896.9500 0.954226
5896.9600 0.955990
5896.9700 0.957542
5896.9800 0.958829
5896.9900 0.959795
5897.0000 0.960393
5897.0100 0.960584
5897.0200 0.960329
5897.0300 0.959571
5897.0400 0.958224
5897.0500 0.956157
5897.0600 0.953188
5897.0700 0.949073
5897.0800 0.943532
5897.0900 0.936301
5897.1000 0.927232
5897.1100 0.916422
5897.1200 0.904326
5897.1300 0.891813
5897.1400 0.880108
5897.1500 0.870610
5897.1600 0.864622
5897.1700 0.863065
5897.1800 0.866259
5897.1900 0.873856
5897.2000 0.884926
5897.2100 0.898172
5897.2200 0.912199
5897.2300 0.925754
5897.2400 0.937873
5897.2500 0.947915
5897.2600 0.955496
5897.2700 0.960347
5897.2800 0.962168
5897.2900 0.960526
5897.3000 0.954853
5897.3100 0.944592
5897.3200 0.929480
5897.3300 0.909909
5897.3400 0.887208
5897.3500 0.863692
5897.3600 0.842329
5897.3700 0.826063
5897.3800 0.816964
5897.3900 0.815499
5897.4000 0.820214
5897.4100 0.827930
5897.4200 0.834395
5897.4300 0.835166
5897.4400 0.826497
5897.4500 0.806059
5897.4600 0.773414
5897.4700 0.730202
5897.4800 0.680006
5897.4900 0.627868
5897.5000 0.579497
5897.5100 0.540301
5897.5200 0.514432
5897.5300 0.504059
5897.5400 0.509021
5897.5500 0.526974
5897.5600 0.554017
5897.5700 0.585696
5897.5800 0.618123
5897.5900 0.648864
5897.6000 0.677278
5897.6100 0.704172
5897.6200 0.730953
5897.6300 0.758664
5897.6400 0.787336
5897.6500 0.815909
5897.6600 0.842667
5897.6700 0.865913
5897.6800 0.884560
5897.6900 0.898404
5897.7000 0.908067
5897.7100 0.914705
5897.7200 0.919644
5897.7300 0.924064
5897.7400 0.928789
5897.7500 0.934196
5897.7600 0.940214
5897.7700 0.946417
5897.7800 0.952169
5897.7900 0.956805
5897.8000 0.959794
5897.8100 0.960858
5897.8200 0.960020
5897.8300 0.957576
5897.8400 0.954002
5897.8500 0.949825
5897.8600 0.945492
5897.8700 0.941252
5897.8800 0.937096
5897.8900 0.932740
5897.9000 0.927689
5897.9100 0.921343
5897.9200 0.913162
5897.9300 0.902836
5897.9400 0.890436
5897.9500 0.876500
5897.9600 0.861985
5897.9700 0.848084
5897.9800 0.835898
5897.9900 0.826074
5898.0000 0.818514
5898.0100 0.812325
5898.0200 0.806096
5898.0300 0.798464
5898.0400 0.788807
5898.0500 0.777734
5898.0600 0.767125
5898.0700 0.759573
5898.0800 0.757396
5898.0900 0.761584
5898.1000 0.771116
5898.1100 0.782969
5898.1200 0.792809
5898.1300 0.796146
5898.1400 0.789537
5898.1500 0.771509
5898.1600 0.742995
5898.1700 0.707251
5898.1800 0.669306
5898.1900 0.635092
5898.2000 0.610379
5898.2100 0.599731
5898.2200 0.605643
5898.2300 0.628088
5898.2400 0.664574
5898.2500 0.710718
5898.2600 0.761206
5898.2700 0.810880
5898.2800 0.855657
5898.2900 0.893048
5898.3000 0.922209
5898.3100 0.943607
5898.3200 0.958489
5898.3300 0.968364
5898.3400 0.974626
5898.3500 0.978369
5898.3600 0.980345
5898.3700 0.981006
5898.3800 0.980567
5898.3900 0.979067
5898.4000 0.976414
5898.4100 0.972448
5898.4200 0.967011
5898.4300 0.960055
5898.4400 0.951733
5898.4500 0.942483
5898.4600 0.933032
5898.4700 0.924317
5898.4800 0.917322
5898.4900 0.912850
5898.5000 0.911315
5898.5100 0.912595
5898.5200 0.916025
5898.5300 0.920529
5898.5400 0.924862
5898.5500 0.927887
5898.5600 0.928819
5898.5700 0.927366
5898.5800 0.923760
5898.5900 0.918664
5898.6000 0.913008
5898.6100 0.907779
5898.6200 0.903799
5898.6300 0.901553
5898.6400 0.901067
5898.6500 0.901906
5898.6600 0.903256
5898.6700 0.904109
5898.6800 0.903478
5898.6900 0.900610
5898.7000 0.895112
5898.7100 0.887003
5898.7200 0.876662
5898.7300 0.864745
5898.7400 0.852097
5898.7500 0.839724
5898.7600 0.828777
5898.7700 0.820522
5898.7800 0.816208
5898.7900 0.816819
5898.8000 0.822759
5898.8100 0.833614
5898.8200 0.848120
5898.8300 0.864394
5898.8400 0.880382
5898.8500 0.894336
5898.8600 0.905174
5898.8700 0.912587
5898.8800 0.916927
5898.8900 0.918955
5898.9000 0.919566
5898.9100 0.919576
5898.9200 0.919584
5898.9300 0.919885
5898.9400 0.920395
5898.9500 0.920580
5898.9600 0.919421
5898.9700 0.915479
5898.9800 0.907111
5898.9900 0.892874
5899.0000 0.872026
5899.0100 0.845026
5899.0200 0.813820
5899.0300 0.781771
5899.0400 0.753147
5899.0500 0.732269
5899.0600 0.722527
5899.0700 0.725573
5899.0800 0.740942
5899.0900 0.766208
5899.1000 0.797607
5899.1100 0.830889
5899.1200 0.862138
5899.1300 0.888321
5899.1400 0.907464
5899.1500 0.918462
5899.1600 0.920655
5899.1700 0.913352
5899.1800 0.895497
5899.1900 0.865665
5899.2000 0.822456
5899.2100 0.765222
5899.2200 0.694869
5899.2300 0.614394
5899.2400 0.528870
5899.2500 0.444824
5899.2600 0.369195
5899.2700 0.308272
5899.2800 0.266948
5899.2900 0.248404
5899.3000 0.254096
5899.3100 0.283813
5899.3200 0.335620
5899.3300 0.405751
5899.3400 0.488673
5899.3500 0.577558
5899.3600 0.665221
5899.3700 0.745295
5899.3800 0.813269
5899.3900 0.867025
5899.4000 0.906729
5899.4100 0.934214
5899.4200 0.952147
5899.4300 0.963276
5899.4400 0.969950
5899.4500 0.973917
5899.4600 0.976348
5899.4700 0.977967
5899.4800 0.979200
5899.4900 0.980298
5899.5000 0.981410
5899.5100 0.982624
5899.5200 0.983977
5899.5300 0.985452
5899.5400 0.986973
5899.5500 0.988401
5899.5600 0.989528
5899.5700 0.990064
5899.5800 0.989629
5899.5900 0.987755
5899.6000 0.983928
5899.6100 0.977694
5899.6200 0.968829
5899.6300 0.957547
5899.6400 0.944660
5899.6500 0.931589
5899.6600 0.920165
5899.6700 0.912224
5899.6800 0.909116
5899.6900 0.911316
5899.7000 0.918290
5899.7100 0.928674
5899.7200 0.940688
5899.7300 0.952607
5899.7400 0.963122
5899.7500 0.971494
5899.7600 0.977509
5899.7700 0.981321
5899.7800 0.983267
5899.7900 0.983733
5899.8000 0.983076
5899.8100 0.981610
5899.8200 0.979598
5899.8300 0.977260
5899.8400 0.974762
5899.8500 0.972196
5899.8600 0.969566
5899.8700 0.966781
5899.8800 0.963677
5899.8900 0.960054
5899.9000 0.955751
5899.9100 0.950707
5899.9200 0.945024
5899.9300 0.938979
5899.9400 0.932991
5899.9500 0.927532
5899.9600 0.923028
5899.9700 0.919772
5899.9800 0.917893
5899.9900 0.917392
5900.0000 0.918216
5900.0100 0.920332
5900.0200 0.923754
5900.0300 0.928515
5900.0400 0.934588
5900.0500 0.941799
5900.0600 0.949797
5900.0700 0.958074
5900.0800 0.966059
5900.0900 0.973229
5900.1000 0.979207
5900.1100 0.983823
5900.1200 0.987108
5900.1300 0.989256
5900.1400 0.990551
5900.1500 0.991302
5900.1600 0.991782
5900.1700 0.992193
5900.1800 0.992654
5900.1900 0.993201
5900.2000 0.993811
5900.2100 0.994416
5900.2200 0.994930
5900.2300 0.995259
5900.2400 0.995310
5900.2500 0.994984
5900.2600 0.994157
5900.2700 0.992650
5900.2800 0.990177
5900.2900 0.986269
5900.3000 0.980203
5900.3100 0.970948
5900.3200 0.957210
5900.3300 0.937648
5900.3400 0.911283
5900.3500 0.878078
5900.3600 0.839510
5900.3700 0.798860
5900.3800 0.760986
5900.3900 0.731463
5900.4000 0.715271
5900.4100 0.715429
5900.4200 0.732096
5900.4300 0.762480
5900.4400 0.801625
5900.4500 0.843746
5900.4600 0.883633
5900.4700 0.917656
5900.4800 0.944121
5900.4900 0.963036
5900.5000 0.975519
5900.5100 0.983148
5900.5200 0.987463
5900.5300 0.989695
5900.5400 0.990709
5900.5500 0.991054
5900.5600 0.991058
5900.5700 0.990915
5900.5800 0.990726
5900.5900 0.990531
5900.6000 0.990303
5900.6100 0.989954
5900.6200 0.989328
5900.6300 0.988203
5900.6400 0.986316
5900.6500 0.983395
5900.6600 0.979232
5900.6700 0.973754
5900.6800 0.967102
5900.6900 0.959664
5900.7000 0.952054
5900.7100 0.945033
5900.7200 0.939371
5900.7300 0.935697
5900.7400 0.934374
5900.7500 0.935421
5900.7600 0.938492
5900.7700 0.942919
5900.7800 0.947788
5900.7900 0.952049
5900.8000 0.954643
5900.8100 0.954647
5900.8200 0.951423
5900.8300 0.944760
5900.8400 0.934978
5900.8500 0.922956
5900.8600 0.910059
5900.8700 0.897938
5900.8800 0.888255
5900.8900 0.882373
5900.9000 0.881109
5900.9100 0.884601
5900.9200 0.892339
5900.9300 0.903329
5900.9400 0.916325
5900.9500 0.930063
5900.9600 0.943449
5900.9700 0.955648
5900.9800 0.966113
5900.9900 0.974546
5901.0000 0.980850
5901.0100 0.985067
5901.0200 0.987335
5901.0300 0.987869
5901.0400 0.986951
5901.0500 0.984939
5901.0600 0.982251
5901.0700 0.979345
5901.0800 0.976647
5901.0900 0.974482
5901.1000 0.972995
5901.1100 0.972118
5901.1200 0.971580
5901.1300 0.970972
5901.1400 0.969841
5901.1500 0.967805
5901.1600 0.964639
5901.1700 0.960341
5901.1800 0.955139
5901.1900 0.949458
5901.2000 0.943834
5901.2100 0.938819
5901.2200 0.934890
5901.2300 0.932385
5901.2400 0.931479
5901.2500 0.932174
5901.2600 0.934303
5901.2700 0.937537
5901.2800 0.941406
5901.2900 0.945339
5901.3000 0.948739
5901.3100 0.951083
5901.3200 0.952019
5901.3300 0.951442
5901.3400 0.949522
5901.3500 0.946664
5901.3600 0.943415
5901.3700 0.940325
5901.3800 0.937779
5901.3900 0.935840
5901.4000 0.934126
5901.4100 0.931743
5901.4200 0.927301
5901.4300 0.919033
5901.4400 0.905038
5901.4500 0.883640
5901.4600 0.853872
5901.4700 0.815978
5901.4800 0.771803
5901.4900 0.724892
5901.5000 0.680177
5901.5100 0.643212
5901.5200 0.619115
5901.5300 0.611452
5901.5400 0.621383
5901.5500 0.647320
5901.5600 0.685200
5901.5700 0.729333
5901.5800 0.773571
5901.5900 0.812493
5901.6000 0.842306
5901.6100 0.861249
5901.6200 0.869512
5901.6300 0.868791
5901.6400 0.861679
5901.6500 0.851086
5901.6600 0.839788
5901.6700 0.830102
5901.6800 0.823689
5901.6900 0.821435
5901.7000 0.823422
5901.7100 0.829005
5901.7200 0.837017
5901.7300 0.846071
5901.7400 0.854897
5901.7500 0.862625
5901.7600 0.868920
5901.7700 0.873942
5901.7800 0.878154
5901.7900 0.882068
5901.8000 0.886029
5901.8100 0.890119
5901.8200 0.894198
5901.8300 0.898053
5901.8400 0.901560
5901.8500 0.904802
5901.8600 0.908066
5901.8700 0.911745
5901.8800 0.916171
5901.8900 0.921461
5901.9000 0.927433
5901.9100 0.933627
5901.9200 0.939427
5901.9300 0.944247
5901.9400 0.947711
5901.9500 0.949755
5901.9600 0.950606
5901.9700 0.950622
5901.9800 0.950040
5901.9900 0.948718
5902.0000 0.945998
5902.0100 0.940772
5902.0200 0.931788
5902.0300 0.918116
5902.0400 0.899617
5902.0500 0.877208
5902.0600 0.852799
5902.0700 0.828852
5902.0800 0.807735
5902.0900 0.791106
5902.1000 0.779572
5902.1100 0.772749
5902.1200 0.769651
5902.1300 0.769231
5902.1400 0.770812
5902.1500 0.774275
5902.1600 0.779962
5902.1700 0.788363
5902.1800 0.799774
5902.1900 0.814043
5902.2000 0.830507
5902.2100 0.848127
5902.2200 0.865728
5902.2300 0.882254
5902.2400 0.896920
5902.2500 0.909225
5902.2600 0.918848
5902.2700 0.925493
5902.2800 0.928796
5902.2900 0.928341
5902.3000 0.923839
5902.3100 0.915381
5902.3200 0.903662
5902.3300 0.890008
5902.3400 0.876111
5902.3500 0.863466
5902.3600 0.852695
5902.3700 0.843030
5902.3800 0.832244
5902.3900 0.817166
5902.4000 0.794693
5902.4100 0.762980
5902.4200 0.722404
5902.4300 0.675930
5902.4400 0.628749
5902.4500 0.587273
5902.4600 0.557806
5902.4700 0.545236
5902.4800 0.552067
5902.4900 0.577979
5902.5000 0.619969
5902.5100 0.673008
5902.5200 0.731061
5902.5300 0.788225
5902.5400 0.839715
5902.5500 0.882470
5902.5600 0.915297
5902.5700 0.938588
5902.5800 0.953800
5902.5900 0.962880
5902.6000 0.967805
5902.6100 0.970280
5902.6200 0.971601
5902.6300 0.972639
5902.6400 0.973879
5902.6500 0.975508
5902.6600 0.977500
5902.6700 0.979704
5902.6800 0.981918
5902.6900 0.983940
5902.7000 0.985597
5902.7100 0.986749
5902.7200 0.987279
5902.7300 0.987080
5902.7400 0.986056
5902.7500 0.984142
5902.7600 0.981342
5902.7700 0.977774
5902.7800 0.973696
5902.7900 0.969505
5902.8000 0.965686
5902.8100 0.962731
5902.8200 0.961031
5902.8300 0.960787
5902.8400 0.961970
5902.8500 0.964332
5902.8600 0.967477
5902.8700 0.970959
5902.8800 0.974381
5902.8900 0.977454
5902.9000 0.980012
5902.9100 0.981983
5902.9200 0.983320
5902.9300 0.983945
5902.9400 0.983708
5902.9500 0.982388
5902.9600 0.979753
5902.9700 0.975654
5902.9800 0.970116
5902.9900 0.963396
